AT,V,AP,RH,AT_V,AT_AP,V_RH,AP_RH,PE_Class
0.3725212464589236,0.291814946619217,0.836645101663585,0.6088264067538678,0.1087072676499349,0.3116680761154715,0.1776646453872496,0.5093716309740649,3
0.6620396600566573,0.6690391459074733,0.7124922982131849,0.4046161092793215,0.4429304487211799,0.4716981589020434,0.2707040161726421,0.288285861594501,2
0.0934844192634561,0.2498220640569394,0.4697319778188529,0.8837639044892931,0.0233544705775609,0.0439126211558701,0.220783722758535,0.4151321667806674,5
0.5396600566572238,0.5686832740213522,0.410582255083181,0.6591180839885502,0.3068956478783785,0.2215748430406402,0.3748294299692893,0.2706221892901244,2
0.2552407932011332,0.2160142348754448,0.3794670363524339,0.9486937932533788,0.0551356446523444,0.0968554673522784,0.204931363880712,0.3599980221318083,4
0.6929178470254957,0.6064056939501777,0.4718884781269281,0.4001231928693068,0.4201893278759588,0.3269799482998487,0.2426369824374728,0.1888135245463845,2
0.3988668555240794,0.3309608540925267,0.5270332717190414,0.6388274937497733,0.1320093151734497,0.2102161038471417,0.2114268929492132,0.3366833440950185,4
0.2172804532577904,0.344306049822064,0.6841497227356754,0.5111417080328998,0.0748109745647374,0.1486523618521991,0.1759891823921104,0.3496974578293479,4
0.3634560906515581,0.3494661921708185,0.7660967344423923,0.1462009493097574,0.1270156160212918,0.2784425241613568,0.0510922890470397,0.1120040698385828,4
0.2813031161473088,0.3238434163701068,0.5615372766481848,0.5733178738360085,0.0910981621687014,0.1579621857540077,0.1856652189290988,0.3219393575275998,4
0.4583569405099151,0.3266903914590746,0.361290819470117,0.635928838001377,0.1497408083231679,0.1656001546466428,0.2077518410267843,0.2297552510061967,3
0.5192634560906516,0.3838078291814946,0.5467498459642641,0.4791115620131163,0.1992973798554333,0.2839072146324352,0.1838867685520092,0.2619541727303693,3
0.638243626062323,0.8565836298932384,0.443545902649415,0.7679626073408456,0.5467090419686873,0.2830903452320487,0.6578241978182974,0.3406266678739936,2
0.6770538243626063,0.5912811387900355,0.4885243376463357,0.444472625819776,0.4003291562912705,0.3307572710976607,0.2628082803557144,0.2171356951305336,3
0.6906515580736545,0.7825622775800712,0.3871688231669772,0.8178194862132686,0.540477856300344,0.267398750957816,0.6399946797804191,0.3166342080402131,1
0.5555240793201134,0.3279359430604982,0.5806377079482452,0.1727236494075871,0.1821763128446564,0.3225582281264898,0.0566422928573279,0.1002898639004776,3
0.4645892351274789,0.3494661921708185,0.7993684534812111,0.2562049349614116,0.1623582309235531,0.3713779783878715,0.0895349630363367,0.2048021426343578,4
0.2614730878186969,0.291459074733096,0.7913585951940867,0.6717272364940758,0.0762087042432429,0.206918975457264,0.1957809988215829,0.5315771222255579,4
0.3580736543909348,0.4873665480427046,0.8335643869377733,0.4699807964056668,0.1745131208855463,0.2984774462009477,0.2290529183905909,0.3917592544284161,3
0.3444759206798867,0.2332740213523131,0.5618453481207659,0.3495416500597846,0.0803572832760376,0.1935421935736123,0.0815389863395689,0.1963883500605466,3
0.4518413597733712,0.30355871886121,0.3751540357362941,0.5086778506467626,0.1371603843013116,0.169510109631555,0.1544135966554052,0.1908325485597968,4
0.1019830028328612,0.2617437722419928,0.6853820086260036,0.4870828653212071,0.0266934158660389,0.0698973153272978,0.1274909065636112,0.3338378326011581,5
0.1685552407932011,0.301067615658363,0.3575939617991395,0.7557882531975797,0.0507465244523303,0.0602743363372487,0.2275433673327944,0.2702653157421736,5
0.7201133144475922,0.68576512455516,0.5356592729513245,0.2322910250371389,0.4938285967759822,0.3857353744595658,0.1592970837176393,0.1244288415845117,2
0.7237960339943343,0.4135231316725979,0.1930837954405397,0.3444690025000905,0.2993064026695433,0.1397532853684359,0.1424459006779733,0.0665113824143342,2
0.7269121813031162,0.8071174377224198,0.402264325323479,0.6298416609297439,0.5867034972225862,0.2924108381813164,0.5083561875404481,0.2533628307945229,2
0.3623229461756374,0.248220640569395,0.4373844731977847,0.5994057755715785,0.0899360337927071,0.1584744309405004,0.1487848855733722,0.2621707793800844,3
0.1728045325779037,0.2597864768683274,0.8212415280345091,0.8301387731439545,0.0448922807052917,0.1419142583855667,0.2156588271868636,0.6817444345374338,4
0.113314447592068,0.1855871886120996,0.4691158348736906,0.8857929635131707,0.021029709757745,0.053157601685404,0.1643918257907894,0.4155395056037216,5
0.8135977337110483,0.708540925266904,0.4860597658656829,0.1548969165549475,0.5764672910386823,0.3954571239564423,0.1097508045768329,0.075289158994014,2
0.624929178470255,0.686476868327402,0.6810690080098603,0.1901155838979672,0.4289994253626767,0.4256198956571534,0.1305099506545119,0.1294818321326039,2
0.6878186968838528,0.5880782918149464,0.5153265557609394,0.4843291423602304,0.4044912443418385,0.3544512400531334,0.2848234547154022,0.2495876687871472,2
0.7779036827195468,0.738256227758007,0.4373844731977847,0.4650530816333924,0.5742922383635942,0.3402429924649056,0.3433283337539047,0.2034069971192276,2
0.7243626062322946,0.8683274021352311,0.4056531115218753,0.6876698431102575,0.6289839000735937,0.2938399450882252,0.5971225683946718,0.2789554115574357,2
0.651558073654391,0.686476868327402,0.6730591497227358,0.1934490380086233,0.447279545935701,0.4385371230488081,0.1327982897931082,0.1302026450367652,2
0.309915014164306,0.3322064056939502,0.3197011706715962,0.8449219174607774,0.1029557529261137,0.0990801928370329,0.2806884732916853,0.2701225261383003,4
0.6473087818696884,0.6827402135231316,0.4463185459026491,0.6283923330555454,0.4419437359491093,0.2889059142740944,0.4290287156466419,0.2804631523457242,2
0.4127478753541077,0.3930604982206406,0.4056531115218753,0.8362259502155875,0.1622348855261964,0.1674324599114369,0.3286873886167674,0.3392176586402898,3
0.3427762039660057,0.248932384341637,0.5476740603820112,0.6427406790101091,0.0853280977488331,0.1877296354283948,0.1599989697393492,0.3520123974461573,4
0.6053824362606233,0.4615658362989323,0.4660351201478754,0.6881046414725172,0.2794238504733196,0.2821294764181331,0.3176055943024393,0.3206809292629552,2
0.5852691218130311,0.3930604982206406,0.3298675292667923,0.6592630167759701,0.2300461726129868,0.1930612791686098,0.2591302498324053,0.2174694624808611,2
0.3280453257790369,0.346797153024911,0.6262322858903282,0.7141925432080871,0.1137651850432994,0.2054325742382436,0.2476799406961853,0.4472504288990274,4
0.211614730878187,0.2879003558718861,0.6598120764017281,0.7062212398999963,0.0609239563275634,0.1396259549779294,0.2033213462914936,0.4659733026974195,5
0.2835694050991502,0.3113879003558718,0.5301139864448565,0.827819848545237,0.088300081658988,0.1503241077709069,0.2577730845114171,0.438838879970493,4
0.2396600566572238,0.2718861209964412,0.7306685150955055,0.7744845827747382,0.0651602431623199,0.1751120577254384,0.2105716089821707,0.56589150006038,4
0.5980169971671389,0.686476868327402,0.6890788662969811,0.1670712706982136,0.4105248354218543,0.412080874434257,0.1146905626963893,0.115125281803521,2
0.4019830028328612,0.2225978647686832,0.7186537276648188,0.6847711873618609,0.0894805581038984,0.2888865834437331,0.1524286041618661,0.4921133663950654,3
0.5498583569405099,0.3215302491103202,0.4327634011090602,0.4334577339758686,0.1767960944824735,0.2379585726778146,0.1393697731840559,0.1875846431924231,2
0.3300283286118981,0.344306049822064,0.5421287738755396,0.2730171383021122,0.1136307501537407,0.178917853134562,0.0940014524225243,0.1480104464347327,4
0.2147308781869689,0.2624555160142349,0.9928373382624828,0.6685387151708395,0.0563573034387507,0.2131928335419156,0.1754616734656562,0.6637501984956364,4
0.8288951841359774,0.8565836298932384,0.4210566851509583,0.1811297510779375,0.7100180456282198,0.3490118585698878,0.1551527796599984,0.0762658925710945,1
0.3118980169971672,0.2359430604982205,0.67151879235983,0.7628899597811514,0.0735901726936376,0.2094453797133634,0.1799985919341292,0.512294944495678,4
0.8713881019830029,0.9530249110320284,0.4524799753542829,0.511721439182579,0.8304545683667194,0.3942856669092845,0.4876832790501588,0.2315437041895915,1
0.178470254957507,0.299288256227758,0.5516789895255734,0.8975325192941774,0.0534140513947556,0.0984582899153289,0.2686209426072609,0.495149833310554,4
0.3430594900849859,0.249644128113879,0.4937615526802261,0.7153520055074458,0.0856427872934582,0.1693895864860492,0.1785834277094211,0.3532133169522701,4
0.6014164305949009,0.6062277580071175,0.4102741836105998,0.5482445016123771,0.3645953343481899,0.2467456350723239,0.3323610350522009,0.2249305653180182,2
0.7223796033994334,0.6953736654804269,0.546441774491683,0.3783832747563317,0.5023237526841611,0.3947383923381846,0.2631177647237979,0.2067644280958239,2
0.1161473087818697,0.2485765124555159,0.4087338262476905,0.9328961194246168,0.028871492948091,0.0474733339267855,0.2318960638498557,0.381306200384046,5
0.6643059490084987,0.6355871886120995,0.5165588416512641,0.5878111525779919,0.4222243505086044,0.3431531115218738,0.3736052379018837,0.3036390480853819,2
0.7410764872521247,0.595729537366548,0.1644331484904491,0.3872241747889415,0.4414811529039347,0.121857540071109,0.2306808785041594,0.0636724902321616,2
0.6875354107648726,0.4793594306049821,0.3116913123844718,0.466357476720171,0.3295765830250118,0.2142988144921,0.2235528544989573,0.1453595739592208,2
0.7705382436260624,0.7179715302491102,0.5144023413431924,0.2450451103300843,0.5532245218916657,0.3963666766157177,0.1759354128437526,0.1260517784884962,2
0.2937677053824363,0.2622775800711744,0.6086722119531736,0.8798507192289575,0.0770486828707671,0.1788082390355357,0.2307651174632533,0.5355406834616803,4
0.3385269121813031,0.3649466192170818,0.3689926062846602,0.8131816370158338,0.1235442521145645,0.1249139276232773,0.2967678892383407,0.300058011625299,3
0.6711048158640227,0.5948398576512456,0.5886475662353661,0.4817203521866734,0.3991998931376206,0.3950442165471904,0.2865464657224287,0.2835635129207287,2
0.7492917847025496,0.711387900355872,0.543669131238449,0.1773614986050218,0.5330371094734508,0.4073668136333421,0.1261728240965973,0.0964259718617415,2
0.5546742209631729,0.6690391459074733,0.6955483672211962,0.5953476575238232,0.3710987670500942,0.3858027487306238,0.3983108883077536,0.4140930911196591,3
0.1543909348441926,0.2727758007117437,0.7245070856438716,0.8559368093046849,0.0421141108747592,0.1118573262537988,0.2334788485167404,0.6201322832046515,4
0.2473087818696884,0.154270462633452,0.67151879235983,0.6208558281097141,0.0381524401923523,0.1660724945411137,0.0957797158311605,0.4169163559217974,4
0.7337110481586403,0.8715302491103202,0.0378157732593962,0.5896952788144496,0.6394513725766939,0.027745850635081,0.513937273244337,0.0222997829557836,1
0.603399433427762,0.7640569395017792,0.6444085027726452,0.8037610058335447,0.4610315244019234,0.3888357254690465,0.6141191742080498,0.5179504263562299,2
0.1614730878186969,0.2784697508896796,0.8532809611829926,0.9601434834595456,0.0449653705402598,0.1377819115791234,0.2673709166573288,0.8192721544399478,4
0.698300283286119,0.8774021352313167,0.6080560690080112,0.7721656581760208,0.6126901595878742,0.4246057252421382,0.6774997972359357,0.4695200147334949,1
0.779886685552408,0.8715302491103202,0.0513709180529886,0.7302800826116889,0.6796948373373121,0.0400634950141296,0.6364611823188704,0.0375151582795748,1
0.2410764872521247,0.301067615658363,0.3668361059765885,0.6449146708214064,0.0725803232082909,0.0884355598260841,0.1941629222472988,0.2365779865312981,5
0.5929178470254958,0.6345195729537366,0.3896333949476265,0.6992644661038443,0.3762179790912665,0.2310205936615814,0.4436969904139339,0.2724567878942803,2
0.3305949008498584,0.2578291814946619,0.4866759088108452,0.4021522518931844,0.0852370126924278,0.160892573819336,0.1036865859418548,0.1957178126704434,4
0.671671388101983,0.7898576512455516,0.414279112754162,0.8536178847059677,0.5305247850150716,0.2782594267252459,0.6742366174750517,0.3536360599070728,2
0.560056657223796,0.7453736654804269,0.6308533579790527,0.6933222218196311,0.4174514834716158,0.353313622868155,0.5167841258367321,0.4373846517964119,2
0.7322946175637395,0.9163701067615658,0.1354744300677737,0.5552012754085291,0.671052896877804,0.0992071959561459,0.5087698520202714,0.0752155763588715,2
0.7124645892351276,0.7845195729537365,0.5230283425754791,0.2943222580528278,0.5589424152914015,0.3726391732513683,0.2309015721983839,0.153938882812443,2
0.2968838526912181,0.299288256227758,0.6043592113370302,0.7531794630240225,0.0888538505741332,0.1794244910711636,0.2254177681150188,0.4551909462684461,4
0.3980169971671388,0.3142348754448398,0.4703481207640188,0.1328671328671327,0.125070821529745,0.1872065466497015,0.0417514869472164,0.062493806255359,4
0.341643059490085,0.3508896797153024,0.8474276032039469,0.7323091416355665,0.1198790237214319,0.2895177590549462,0.2569597201610919,0.6205789807005678,4
0.6311614730878188,0.8597864768683275,0.5550677757239697,0.918692706257473,0.5426640992811994,0.3503373949895197,0.789879565237742,0.5099367170361698,2
0.5280453257790368,0.7845195729537365,0.4811306223043736,0.8789811225044386,0.4142618934803866,0.2540587761969837,0.6895778948615782,0.4229047344643574,2
0.3756373937677054,0.2480427046263345,0.6804528650646979,0.4704155947679262,0.093174115108929,0.2556035408146712,0.1166831564246421,0.3200956392309493,3
0.8756373937677054,0.7898576512455516,0.3908656808379547,0.2635965071198231,0.6916288951841361,0.3422566060821864,0.2082037179901947,0.1030308282218964,2
0.4651558073654392,0.597864768683274,0.5741682070240302,0.557230334432407,0.2781002691722198,0.2670776759018294,0.3331483849987344,0.3199439420204558,3
0.9560906515580736,0.7754448398576511,0.2972119531731358,0.1099677524547989,0.7413955621868477,0.2841615699601511,0.0852739261918173,0.0326837304931506,1
0.4688385269121813,0.4638790035587188,0.4207486136783771,0.8552121453675858,0.2174843486939602,0.1972631602373128,0.3967149578244299,0.3598293245643225,3
0.6951841359773372,0.6884341637010675,0.3973351817621697,0.7257871662016739,0.4785885092698073,0.2762211150267322,0.499656680789017,0.2883807756033922,1
0.6830028328611899,0.6332740213523133,0.5455175600739395,0.2506974890394579,0.4325279505610276,0.372590038906025,0.1587602070269449,0.1367598825374682,2
0.1756373937677053,0.290035587188612,0.5415126309303773,0.6602775462879089,0.0509410946336938,0.0951098671889047,0.1915039858450696,0.3575486312346195,5
0.5048158640226629,0.4868327402135231,0.8680683918669132,0.289829341642813,0.2457608903854102,0.4382146952710593,0.141098412586252,0.2515916905157228,3
0.5158640226628896,0.7466192170818503,0.4663431916204565,0.6547701003659554,0.3851539927212605,0.2405696747707794,0.4888639397038342,0.3053475783823063,2
0.2342776203966006,0.2733096085409252,0.7944393099199054,0.5237508605384252,0.0640303247204943,0.1861193510775529,0.1431461426667297,0.4160882722161031,5
0.7201133144475922,0.7316725978647688,0.2562384473197809,0.3075111417080328,0.5268871795388789,0.1845207175883521,0.2249974759258774,0.0787961774847994,1
0.6107648725212466,0.6834519572953736,0.5085489833641397,0.6562194282401534,0.4174284475719053,0.3106038549952083,0.4484944526459838,0.333719723095327,2
0.4796033994334278,0.6023131672597865,0.6588878619839811,0.8752128700315229,0.2888714425413083,0.3160048584529405,0.5271522357752144,0.5766671367159341,2
0.368271954674221,0.3261565836298932,0.6246919285274224,0.5904199427515491,0.1201143225832468,0.2300565175880026,0.1925693514348023,0.3688305726785155,4
0.6031161473087819,0.4615658362989323,0.4626463339494755,0.7085401644987137,0.278377808917968,0.2790294744981398,0.3270379335782318,0.3278035095612882,3
0.2524079320113315,0.2850533807829182,0.7605514479359243,0.4725895865792239,0.071949734356255,0.1919692181617305,0.1347132593772094,0.3594286943522686,4
0.7832861189801701,0.8288256227758005,0.3095348120764036,0.4507047356788288,0.6492076053753792,0.2424543216405824,0.3735556332370078,0.1395088056602914,1
0.1781869688385269,0.2718861209964412,0.7315927295132489,0.8388347403891445,0.0484465637696208,0.1303602908962701,0.2280675237214613,0.6136853973318318,4
0.7218130311614731,0.6637010676156582,0.3301756007393734,0.3892532338128193,0.479068079400764,0.2383250511852474,0.2583477868544155,0.1285219203138914,2
0.43314447592068,0.4329181494661921,0.2654805914972264,0.7341932678720242,0.1875161049670844,0.1149914516711782,0.317845590877693,0.1949140630279466,3
0.2742209631728046,0.3352313167259787,0.6739833641404829,0.8692706257473097,0.0919274545582854,0.1848203672770503,0.2914067364604861,0.5858739406896745,4
0.619830028328612,0.7158362989323844,0.4293746149106603,0.8370955469401065,0.4436968334459086,0.2661392797236614,0.5992233781743859,0.3594275781108368,2
0.3314447592067989,0.2763345195729537,0.4349199014171283,0.7778180368853944,0.091589628300384,0.1441519219994448,0.2149379735379034,0.33828854392266,4
0.2218130311614731,0.248932384341637,0.5603049907578566,0.8782564585673394,0.0552164467250713,0.1242829483749013,0.2186264742946099,0.4920914769006009,4
0.6753541076487253,0.9530249110320284,0.428758471965498,0.8028914091090258,0.6436292883570414,0.2895637952310899,0.7651755137345092,0.3442464937238114,1
0.5603399433427763,0.6496441281138788,0.4395409735058528,0.3775136780318127,0.3640215539402981,0.2462923641910983,0.2452495442160405,0.165932729553878,2
0.7413597733711049,0.5866548042704626,0.5239525569932226,0.3346135729555418,0.43492227274102,0.3884373489097065,0.1963026601484735,0.1753216371546943,2
0.4813031161473088,0.2555160142348753,0.1333179297597055,0.4730243849414832,0.1229806538767856,0.0641663350316543,0.1208653054761511,0.0630626317262565,3
0.46657223796034,0.344306049822064,0.6185304990757885,0.0369216275952026,0.1606436442087647,0.2885891592005166,0.0127123397503055,0.022837152743151,3
0.3325779036827196,0.3224199288256226,0.5904959950708601,0.5230261966013261,0.1072297440343572,0.1963859201737082,0.1686340690821356,0.3088448744102274,3
0.6,0.3709964412811387,0.4250616142945205,0.4195441863835645,0.2225978647686832,0.2550369685767122,0.1556494001084931,0.1783321291320791,2
0.6269121813031162,0.6055160142348753,0.5362754158964904,0.6288271314178049,0.3796053652979544,0.3361975907589046,0.3807648982588593,0.3372245314280803,2
0.3379603399433428,0.154270462633452,0.6709026494146677,0.5243305916881046,0.0521372979948182,0.2267384874650704,0.0808887229525955,0.3517747831327097,4
0.5521246458923513,0.2800711743772242,0.152418361059766,0.1679408674227326,0.1546341979776798,0.0841539336276158,0.0470353959650144,0.0255972717675283,3
0.7288951841359774,0.7396797153024911,0.6206869993838566,0.348382187760426,0.5391489822870567,0.4524157647067034,0.2576912374590909,0.2162362947598021,3
0.651558073654391,0.6827402135231316,0.3828558225508338,0.7601362368201745,0.4448448983295192,0.2494528022285886,0.5189755766332756,0.2910225841984833,2
0.0895184135977337,0.3112099644128113,0.5270332717190414,0.8350664879162288,0.027859022310042,0.0471791823975119,0.2598810119867409,0.4401078232294194,5
0.379886685552408,0.4540925266903914,0.5322704867529318,0.9994202688503206,0.1725037048985311,0.2022024710299381,0.4538292751078324,0.5319619129717061,3
0.6252124645892352,0.5131672597864769,0.4897566235366604,0.4834595456357113,0.3208385672376075,0.3062019456502576,0.2480956102514931,0.2367775146871139,2
0.8838526912181304,0.7706405693950177,0.2553142329020339,0.2934526613283088,0.6811327412216588,0.2256601718567552,0.2261465260165311,0.0749226411200975,1
0.6847025495750709,0.8508896797153026,0.4734288354898339,0.7915866516902785,0.5826063331081832,0.3241579307022461,0.6735529125236499,0.3747599466990253,2
0.7470254957507083,0.8633451957295372,0.276571164510166,0.6412913511359106,0.6449408728438498,0.2066057112785574,0.5536558070660921,0.1773626957739565,1
0.5626062322946176,0.6313167259786477,0.6474892174984603,0.7314395449110473,0.3551827245874205,0.364281469108199,0.4617700187445545,0.473599218581884,2
0.4492917847025496,0.351067615658363,0.5344269870609999,0.3008442334867205,0.1577317955904146,0.240113654809843,0.1056166677347508,0.160779277276984,3
0.5541076487252126,0.576512455516014,0.674291435613064,0.5646219065908185,0.3194499611867772,0.3736300419431029,0.3255115618068062,0.3807197159737083,3
0.7614730878186969,0.7453736654804269,0.6407116451016677,0.3285263958839087,0.5675819866321212,0.4878846747969639,0.2448749239070628,0.2104906875661008,1
0.4192634560906516,0.3275800711743772,0.4725046210720904,0.6676691184463206,0.137342352786991,0.1981039204494883,0.2187150973415794,0.3154767438130154,3
0.7393767705382437,0.6832740213523131,0.4115064695009245,0.5001268161889924,0.5051969393001522,0.3042583244751878,0.3417236608835819,0.20580542043267,2
0.5427762039660057,0.3927046263345195,0.3304836722119546,0.579984782057321,0.2131507263617392,0.1793786730759504,0.2277627071175279,0.1916755006013536,2
0.2546742209631729,0.290035587188612,0.5199476278496604,0.7362223268959018,0.0738645872188561,0.132417257064262,0.2135306748826191,0.3827970524394814,4
0.5325779036827195,0.6681494661921706,0.5030036968576717,0.7011485923403022,0.3558416420513543,0.2678886544171169,0.4684720576935648,0.3526803339937246,2
0.6696883852691219,0.5686832740213522,0.4555606900801017,0.2308416971629406,0.3808405835089169,0.3050837029318302,0.1312758121232665,0.105162402858811,2
0.8031161473087819,0.7825622775800712,0.3314078866296981,0.3844704518279647,0.6284884013992924,0.2661590250977887,0.3008720724447311,0.1274165399118709,1
0.090084985835694,0.2434163701067615,0.7251232285890374,0.6917279611580129,0.0219281602532436,0.0653227157765761,0.1683779094064344,0.5015880125002107,4
0.2464589235127479,0.3455516014234875,0.4829790511398677,0.7844849451067069,0.0851642757049388,0.1190344970231402,0.2710800290742392,0.3788897944211485,4
0.9059490084985836,0.7774021352313166,0.1450246457178075,0.1299684771187361,0.7042866936174931,0.131384933995906,0.1010377716248679,0.0188486323486276,2
0.5532577903682719,0.6128113879003557,0.6163739987677133,0.6652052610601833,0.3390426743822647,0.341013716598681,0.4076453592689094,0.4100152267609858,3
0.611614730878187,0.7064056939501778,0.5362754158964904,0.5249103228377838,0.4320481283961569,0.3279939441701198,0.3707996408658365,0.2814965016881935,2
0.8611898016997168,0.7612099644128113,0.198012939001849,0.4533135258523858,0.6555462583045175,0.1705267236729804,0.3450667728819406,0.0897619435433215,1
0.3526912181303117,0.3017793594306049,0.5880314232902037,0.6705677741947174,0.1064349298841652,0.2073935189791229,0.2023635133512883,0.3943149226722636,3
0.7337110481586403,0.7396797153024911,0.6142174984596451,0.4001231928693068,0.5427111792162754,0.4506581645922042,0.2959630093874926,0.2457626665998717,2
0.5705382436260623,0.576512455516014,0.6502618607516943,0.5298380376100582,0.328922403798655,0.3709992599302868,0.3054582280883609,0.3445334682333427,3
0.6784702549575071,0.686476868327402,0.6647412199630338,0.1590999673901227,0.4657541358765235,0.4510071449890839,0.1092184473649632,0.105760306418989,2
0.6195467422096318,0.7640569395017792,0.6474892174984603,0.7681075401282655,0.473368987730989,0.4011498353170348,0.5868778963186426,0.4973413501123179,2
0.18328611898017,0.2741992882562277,0.4509396179913736,0.8497046994456321,0.0502569233716088,0.0826509724760393,0.2329884238159641,0.3831655125734882,5
0.6127478753541077,0.6612099644128114,0.6022027110289621,0.5224464654516466,0.4051550008569153,0.3689984317154802,0.3454468088288824,0.3146186778624805,2
0.6660056657223796,0.4101423487544483,0.3560536044362301,0.593898329649625,0.2731571280231467,0.2371337178554042,0.2435828558438408,0.2114596409404053,2
0.0603399433427762,0.2587188612099643,0.3434226740603812,0.9613029457589042,0.0156110814271168,0.0207221046954281,0.2487072034045277,0.3301332282146444,5
0.4388101983002834,0.576512455516014,0.5960412815773282,0.8199934780245661,0.2529795449275654,0.2615489929641024,0.4727364535230593,0.488749963526813,3
0.4643059490084986,0.4275800711743772,0.6752156500308111,0.944055944055944,0.1985279707237405,0.313506643172946,0.4036595077520343,0.6374413479311852,3
0.5558073654390935,0.3845195729537366,0.5245686999383885,0.4360665241494256,0.2137188108031816,0.2915591471045661,0.1676761136453574,0.2287468496597161,3
0.264872521246459,0.2613879003558718,0.5556839186691356,0.8292691764194353,0.0692344721905779,0.1471854005540062,0.2167609288541192,0.4608115455842785,4
0.8093484419263457,0.8683274021352311,0.3243222427603243,0.6320156527410412,0.7027794300001007,0.2624897018601265,0.5487965098534306,0.2049767339566048,1
0.6104815864022664,0.6612099644128114,0.5935767097966718,0.5365049458313708,0.4036565080197192,0.3623676514481098,0.354742416140458,0.3184568405362267,2
0.563172804532578,0.3930604982206406,0.3280191004312982,0.6672343200840609,0.2213609831338905,0.1847314367301475,0.2622634542821513,0.2188656014508625,2
0.6178470254957508,0.4243772241992882,0.5294978434996942,0.2663502300807999,0.2622002056596735,0.3271486676127006,0.1130329713065316,0.1410318724434309,2
0.568271954674221,0.642170818505338,0.438000616142947,0.8849233667886518,0.3649276662667728,0.2489034662840656,0.5682719627651679,0.3875969798927206,2
0.7773371104815865,0.7322064056939502,0.5735520640788678,0.0360520308706835,0.5691712116782436,0.4458433042018168,0.0263975279417905,0.0206777167201155,2
0.5161473087818698,0.7384341637010675,0.4971503388786189,0.4844740751476503,0.3811408063068967,0.2566028094721937,0.3577522085165033,0.2408564506375598,3
0.4626062322946176,0.4345195729537366,0.1859981515711659,0.9989854704880612,0.2010114625023943,0.0860439041121002,0.43407874002346,0.1858094509572308,3
0.6351274787535411,0.5610320284697509,0.4746611213801621,0.534475886807493,0.3563268577419777,0.3014703212845109,0.2998580909437767,0.2536949237827012,2
0.4617563739376771,0.346797153024911,0.5412045594577961,0.2576542628356099,0.1601357958726926,0.2499046549337699,0.0893537648161216,0.1394436618103694,3
0.1348441926345609,0.3254448398576511,0.6570394331484941,0.6276676691184462,0.0438843466776889,0.0885979518919782,0.2042712040600778,0.4124024095232204,5
0.3045325779036827,0.3211743772241991,0.6166820702402944,0.7225986448784376,0.0978080610526952,0.1877997805972568,0.2320801697518824,0.4456136282764662,4
0.328328611898017,0.288612099644128,0.7266635859519432,0.5798398492699011,0.0947596100531287,0.2385844464924368,0.1673487963551208,0.4213485041483005,3
0.7164305949008499,0.4889679715302492,0.2885859519408491,0.3288162614587484,0.3503116147308783,0.2067518052290106,0.1607806203716442,0.094891753826704,2
0.353257790368272,0.3092526690391459,0.9820548367221208,0.5725932098989093,0.1092459145302592,0.3469185216409305,0.1770759784349296,0.5623179312554684,4
0.4101983002832862,0.3377224199288257,0.6955483672211962,0.408674227327077,0.1385331626223625,0.2853127579989496,0.1380184490154434,0.2842526915427323,4
0.8337110481586403,0.8295373665480427,0.2386783733826263,0.3769339468821333,0.6915944673515269,0.1989887968456286,0.3126807936591646,0.0899659813145208,1
0.2481586402266289,0.2201067615658362,0.8455791743684529,0.5670857639769558,0.0546213946548647,0.2098377781152308,0.1248194110390558,0.4795159120997376,4
0.3396600566572239,0.3354092526690391,0.8015249537892792,0.7566578499220986,0.1139251257649229,0.2722460112162453,0.253790043968533,0.6064801481931055,4
0.6654390934844193,0.8224199288256228,0.4087338262476905,0.8144860321026124,0.5472703719012431,0.2719874668146813,0.6698495445512944,0.3329079923266,1
0.4603399433427762,0.4412811387900355,0.3884011090573018,0.9989854704880612,0.2031393344288407,0.1787965445377097,0.440833446051671,0.3880070646696934,3
0.6688385269121814,0.5992882562277578,0.4641866913123849,0.5452009130765607,0.4008270744911434,0.310465942829615,0.3267325044914334,0.2530750079414998,2
0.3756373937677054,0.2727758007117437,0.5661583487369093,0.5770861263089242,0.1024647908622583,0.2126702465793602,0.1574151301835552,0.32672212835004,4
0.281586402266289,0.8145907473309607,0.6915434380776375,0.6452045363962462,0.2293776778603329,0.1947292287391421,0.5255776454843443,0.4461869633627483,4
0.5218130311614732,0.4749110320284696,0.4694239063462717,0.2366390086597339,0.2478147651547992,0.2449515114702075,0.1123824758207881,0.1110840078389615,3
0.7223796033994334,0.6081850533807828,0.2873536660505245,0.5917243378383275,0.4393404776546731,0.2075784273169511,0.3598778979949115,0.1700341577691624,2
0.7580736543909349,0.7914590747330962,0.2050985828712299,0.5128809014819377,0.5999842730837862,0.1554798322275952,0.4059242437351706,0.1051911460756642,1
0.4558073654390935,0.3266903914590746,0.361290819470117,0.6314359215913621,0.1489078866452269,0.1646790165800051,0.2062840484060036,0.2281320015546117,3
0.6237960339943343,0.8186832740213522,0.157963647566234,0.487227798108627,0.5106913794320163,0.0985370968670955,0.3988852489497851,0.0769642801849033,2
0.7396600566572239,0.8830960854092526,0.2636321626617395,0.6372332330881552,0.6531909005675803,0.1949981803710487,0.5627381736328316,0.1679951753589627,1
0.439943342776204,0.3455516014234875,0.3357208872458415,0.3654842566759665,0.1520231266319195,0.1476981693747285,0.1262936701894531,0.1227006989256423,3
0.4569405099150143,0.6709964412811388,0.4777418361059773,0.9157940505090764,0.3066054560301635,0.2182995981980004,0.6144945488380297,0.4375131311851363,3
0.130028328611898,0.2587188612099643,0.3338724584103509,0.8027464763216059,0.0336407811035052,0.0434128777366433,0.2076856541942374,0.2680149395297411,5
0.2824362606232295,0.2597864768683274,0.4453943314849056,0.7505706728504655,0.0733731210871735,0.1257955094873799,0.1949881107405124,0.3342999230664089,4
0.523229461756374,0.5674377224199288,0.4068853974122,0.8298489075691149,0.2969001340820421,0.2128944274845137,0.4708875740636846,0.3376534025483393,3
0.5447592067988669,0.5131672597864769,0.4728126925446716,0.7891227943041415,0.2795525893964292,0.2575690673550718,0.4049519819881039,0.3731072731233161,2
0.660056657223796,0.7466192170818503,0.5415126309303773,0.3946157469473531,0.4928109846460938,0.357429017016368,0.2946277000340023,0.2136894113360171,2
0.8065155807365441,0.8117437722419928,0.3264787430683924,0.6249139461574695,0.6546839998790238,0.2633101930639415,0.5072700039804939,0.2040211196673997,1
0.1793201133144476,0.193594306049822,0.5002310536044376,0.8215877386861843,0.0347153528978859,0.0897014892157532,0.1590547081299943,0.4109837001514773,5
0.4263456090651558,0.253914590747331,0.2328250154035771,0.7585419761585563,0.1082553708427006,0.0992639229978423,0.1926048754409715,0.1766075472833757,4
0.1257790368271955,0.2617437722419928,0.717113370301913,0.4938947063299393,0.0329218795681146,0.0901978290124786,0.1292738635251495,0.3541784974305363,5
0.5818696883852692,0.5170818505338078,0.4789741219963055,0.6354940396391173,0.3008742552397851,0.2787005231105982,0.3286024340197998,0.3043851996700316,3
0.4580736543909349,0.5603202846975089,0.4734288354898339,0.7733251204753795,0.2566679604407569,0.2168652767668729,0.4333097516685,0.3661144112416944,2
0.5490084985835695,0.3046263345195729,0.5088570548367208,0.7153520055074458,0.1672424465436069,0.2793668476695652,0.2179150593289585,0.3640119146940606,4
0.5419263456090653,0.347508896797153,0.3920979667282829,0.6373781658755753,0.1883242265079189,0.2124882182298032,0.2214945832660139,0.2499146828768153,3
0.6351274787535411,0.5948398576512456,0.3970271102895886,0.646219065908185,0.3777991390521509,0.2521628275550305,0.3843968571763456,0.2565664883515638,2
0.4920679886685553,0.5843416370106761,0.6330098582871244,0.6602775462879089,0.2875358140191344,0.3114838877747125,0.3858276622792692,0.4179621960058794,3
0.5402266288951841,0.5781138790035586,0.4768176216882338,0.7870937352802638,0.3123125119716108,0.2575895763624538,0.4550298124422734,0.3753001629020436,3
0.6192634560906517,0.6850533807829181,0.7010936537276642,0.3882387043008805,0.4242285241902151,0.4341616790506159,0.2659642369320978,0.2721916917167985,2
0.3487252124645892,0.2519572953736655,0.662276648182381,0.6834667922750823,0.0878638613611847,0.2309525648477368,0.1722044444593446,0.4526440963319051,4
0.6634560906515581,0.6987544483985765,0.7294362292051773,0.3049023515344758,0.4635928946599054,0.4839489090080808,0.2130518744619015,0.2224068215790994,2
0.1339943342776204,0.2485765124555159,0.4506315465187924,0.9062284865393672,0.0333078443035294,0.0603820740802801,0.2252671166717963,0.4083751443886196,5
0.5175637393767705,0.6612099644128114,0.6493376463339509,0.6460741331207651,0.342218301694676,0.3360736203547105,0.4271906545688191,0.4195202569578852,3
0.6475920679886686,0.6797153024911032,0.5187153419593358,0.527519113011341,0.4401782383837569,0.3359159409968957,0.3585628134703421,0.2736322570957633,2
0.7368271954674221,0.9676156583629892,0.3529728897104149,0.5550563426211093,0.7129655318419647,0.2600800244013567,0.5370812083938775,0.195919841207067,2
0.3892351274787536,0.2966192170818506,0.631469500924215,0.6292619297800643,0.1154546187735022,0.2457901116911817,0.1866511809507771,0.3973597167488257,3
0.6359773371104817,0.7855871886120996,0.5088570548367208,0.3198304286387187,0.4996156482816328,0.32362155470494,0.2512546872668937,0.1627479699642644,2
0.3297450424929178,0.2870106761565836,0.717113370301913,0.8341968911917099,0.0946403476051737,0.2364645787624438,0.2394234137886526,0.5982137441378653,4
0.2620396600566573,0.2718861209964412,0.7565465187923621,0.9420268850320664,0.0712449467200306,0.198245192601398,0.256124035645729,0.7126871604798226,4
0.6543909348441926,0.4793594306049821,0.3637553912507734,0.5376644081307294,0.3136884659199741,0.2380382305352086,0.2577345045381111,0.1955783271412089,2
0.5830028328611898,0.5992882562277578,0.458025261860751,0.8004275517228885,0.3493867510812254,0.2670300251868061,0.4796868317086633,0.3666160389784358,2
0.2872521246458924,0.2727758007117437,0.5763247073321018,0.7852096090438059,0.0783554283064329,0.1655504966670683,0.2141861798334793,0.4525356981265255,4
0.3694050991501417,0.2727758007117437,0.5544516327788038,0.6011449690206168,0.1007647717076809,0.204817260380612,0.1639778002684351,0.3333058096102444,4
0.2351274787535411,0.2893238434163701,0.6240757855822565,0.9660857277437588,0.0680279858457754,0.1467373660150915,0.2795116358205252,0.6029107094814923,3
0.6192634560906517,0.7706405693950177,0.3018330252618639,0.6675241856589007,0.4772295424072263,0.1869141623859588,0.5144212185211208,0.2014808443928881,2
0.4059490084985837,0.3354092526690391,0.7223505853357999,0.7163665350193849,0.1361590535622473,0.2932375039054395,0.2402759641479609,0.5174677858862314,3
0.3767705382436261,0.3161921708185053,0.5569162045594602,0.2282329069893834,0.1191318943877088,0.2098296181484652,0.0721654583131911,0.1271066043160997,4
0.6325779036827196,0.6140569395017793,0.6641250770178715,0.3854849813399035,0.3884388515318621,0.4201108490030898,0.2367097278654816,0.2560102429215962,2
0.8008498583569406,0.7453736654804269,0.6373228589032678,0.317801369614841,0.5969323944229935,0.5103999212803224,0.236880771764514,0.2025420774463045,1
0.3671388101983003,0.3476868327402135,0.7266635859519432,0.7702815319395631,0.1276493300938574,0.2667864043608268,0.2678167461583463,0.5597355401917592,4
0.7305949008498585,0.7825622775800712,0.3917898952557017,0.5857820935541143,0.5717360095974515,0.2862396996783158,0.45841096929733,0.229503505076232,2
0.3422096317280454,0.3466192170818506,0.8240141712877396,0.8957933258451394,0.1186164346274435,0.2819855860950679,0.3104991812715893,0.7381463950413706,4
0.7093484419263457,0.8939501779359428,0.6320856438693774,0.6288271314178049,0.6341221658786406,0.4483689666427539,0.5621401260218951,0.3974726022447568,1
0.3002832861189802,0.2775800711743772,0.8147720271102941,0.6927424906699517,0.0833526559333824,0.2446624217385019,0.1922915098656805,0.5644272033885905,4
0.3192634560906516,0.291459074733096,0.734365372766483,0.4823000833363526,0.0930522315082717,0.234456026942727,0.1405707360329084,0.3541844804846064,4
0.484985835694051,0.3327402135231316,0.6367067159581055,0.5372296097684699,0.1613742905245329,0.3087937387309565,0.1787578950653093,0.342057700551137,3
0.5294617563739377,0.4329181494661921,0.3908656808379547,0.5746222689227871,0.2292136037825249,0.2069484298827584,0.2487644093041175,0.2246001243671554,3
0.8189801699716714,0.7788256227758005,0.4013401109057319,0.4420087684336388,0.6378427409192179,0.3286895922460258,0.3442477543476933,0.1773958481444625,2
0.1626062322946175,0.2466192170818505,0.5427449168207019,0.6753505561795718,0.040101821701128,0.0882537060212699,0.1665544254207983,0.3665430814384965,5
0.3308781869688386,0.340035587188612,1.0,0.5554911409833689,0.1125103585938523,0.3308781869688386,0.1888867563023519,0.5554911409833689,4
0.3912181303116148,0.2626334519572952,0.4965341959334566,0.9434762129062648,0.1027469680320183,0.1942531797688678,0.2477884146351683,0.4684682027577549,3
0.6512747875354108,0.6987544483985765,0.732516943930996,0.3562085582810971,0.455081154920206,0.4770698170247478,0.2489023146565601,0.2609288045141353,2
0.2328611898016997,0.2893238434163701,0.5433610597658642,0.9340555817239756,0.0673722944159366,0.1265277028689916,0.270244550868894,0.5075294307657602,3
0.5841359773371105,0.6734875444839857,0.4666512630930377,0.7766585745860357,0.3934083050215237,0.2725877916424487,0.5230698763003817,0.3624287048226118,2
0.3722379603399434,0.248220640569395,0.3770024645717811,0.6396970904742925,0.0923971449598258,0.1403346284553315,0.1587860215679071,0.2411673796882059,3
0.6507082152974505,0.588967971530249,0.6132932840419016,0.5266495162868219,0.383246297621808,0.3990749783128182,0.3101796973148363,0.3229906113826239,2
0.6059490084985836,0.4101423487544483,0.361290819470117,0.7211493170042393,0.2485253495710382,0.2189238138375581,0.2957738746787849,0.2605446277007768,2
0.3456090651558074,0.2427046263345195,0.6105206407886641,0.6966556759302873,0.0838809190164628,0.2110014679212947,0.1690815555104824,0.4253226696780189,4
0.498300283286119,0.6987544483985765,0.7229667282809622,0.7237581071777961,0.3481895395844465,0.360254525508842,0.5057291969550187,0.5232530308131532,3
0.8028328611898017,0.7466192170818503,0.5211799137399922,0.0237327439399976,0.5994104422691116,0.4184203613425319,0.017719322699685,0.0123690294394612,2
0.1444759206798866,0.190747330960854,0.7673290203327205,0.7702815319395631,0.0275583962578004,0.1108605666769652,0.1469291463059094,0.5910593732835722,5
0.7713881019830029,0.6176156583629894,0.570163277880468,0.2172180151454761,0.4764213704596091,0.4398171687446216,0.134157247432375,0.1238497355300337,2
0.6858356940509915,0.6709964412811388,0.4321472581638979,0.3304105221203666,0.4601933100117952,0.2963820147350699,0.2217042845046089,0.1427860012028183,2
0.1155807365439093,0.2512455516014233,0.2525415896487999,0.4154860683358091,0.0290391459074732,0.0291889429395779,0.104389026421737,0.1049275121744551,5
0.7000000000000001,0.8234875444839856,0.3498921749845962,0.6396970904742925,0.57644128113879,0.2449245224892173,0.526782586248225,0.2238250063173681,2
0.7569405099150143,0.7601423487544482,0.5039279112754187,0.1647523460994963,0.5753825370741886,0.3814434501212235,0.1252352353268768,0.083023305647644,2
0.4186968838526912,0.2523131672597865,0.3406500308071507,0.5712888148121309,0.1056427368866754,0.1426291063832772,0.1441436902853383,0.194609552365533,3
0.5988668555240794,0.754982206405694,0.3997997535428226,0.8772419290554005,0.4521338199268094,0.239426821243492,0.6623020471498337,0.3507211070337794,2
0.6274787535410765,0.3927046263345195,0.3532809611829961,0.4694010652559874,0.2464138094421985,0.2216762971728998,0.1843359699323779,0.1658304595139575,2
0.4439093484419264,0.3352313167259787,0.677064078866298,0.4398347766223413,0.1488123153851583,0.3005550741029714,0.1474463913089841,0.2977963278871695,3
0.138243626062323,0.3254448398576511,0.7155730129390037,0.5563607377078879,0.0449906747451937,0.0989234080210294,0.1810647311864281,0.3981167293626,5
0.2390934844192634,0.2829181494661921,0.3243222427603243,0.9698539802166746,0.0676438861613218,0.0775433350962361,0.2743892933353224,0.314545218013899,4
0.76657223796034,0.8402135231316724,0.3628311768330299,0.6982499365919055,0.644084360791588,0.2781363072266796,0.5866790392503518,0.2533468462172296,1
0.2898016997167139,0.2645907473309608,0.6518022181146073,0.7263668973513533,0.076678848305828,0.1888933906887374,0.1921899602066658,0.4734475548586373,4
0.588385269121813,0.4793594306049821,0.3736136783733812,0.6931772890322112,0.2820480275825914,0.2198287846973124,0.3322810705787858,0.2589805167202129,2
0.3770538243626062,0.4749110320284696,0.5458256315465206,0.7133229464835682,0.1790670208583266,0.2058056418097504,0.3387649366841002,0.3893499477610185,3
0.6705382436260624,0.5976868327402135,0.619454713493532,0.289829341642813,0.4007718790640469,0.4153680755918386,0.1732271812416741,0.1795361517893677,2
0.7382436260623231,0.8083629893238434,0.217113370301913,0.5943331280118844,0.5967688244130132,0.1602825617582961,0.4804369040138774,0.1290376685047385,1
0.6206798866855524,0.8026690391459074,0.4232131854590264,0.6410014855610711,0.498200528263083,0.2626799119945402,0.5145120465064041,0.271280280588269,2
0.6569405099150142,0.6062277580071175,0.3366451016635885,0.5470850393130184,0.3982555724698315,0.2211558047472696,0.3316581368219669,0.1841734986781594,2
0.1872521246458923,0.2718861209964412,0.783656808379547,0.9452154063553028,0.0509112538183137,0.146741402362289,0.2569909503400182,0.7407244885755732,4
0.584985835694051,0.5895017793594305,0.4493992606284678,0.5707090836624515,0.3448501910417065,0.2628922020390329,0.3364340203156052,0.2564762402318561,2
0.7963172804532579,0.5663701067615657,0.3606746765249546,0.2121453675857819,0.4510103031463913,0.2872114775387103,0.1201527944885309,0.0765154618302694,2
0.2796033994334278,0.2466192170818505,0.6465650030807168,0.3882387043008805,0.0689555714616959,0.1807817728160531,0.0957471252955552,0.2510215590423523,4
0.3464589235127479,0.3039145907473308,0.4876001232285922,0.7352077973839632,0.1052939219501375,0.1689334137984612,0.2234403768561937,0.3584874126030423,4
0.5113314447592068,0.6010676156583629,0.5917282809611848,0.5530272835972316,0.3073447723125623,0.3025692768087644,0.3324067907458092,0.3272418838476235,2
0.684985835694051,0.7601423487544482,0.4996149106592753,0.4054857060038407,0.5206867420080045,0.3422291371031523,0.3082268569481151,0.202586704778722,2
0.6121813031161474,0.5948398576512456,0.395178681454098,0.730135149824269,0.3641498392023631,0.2419210001762906,0.434313488587639,0.2885338457908449,2
0.2490084985835694,0.2644128113879003,0.4453943314849056,0.7920214500525382,0.0658410371699615,0.1109069737606889,0.209420618287913,0.3527618642678558,4
0.5427762039660057,0.6496441281138788,0.447858903265562,0.4963585637160765,0.3526113737864566,0.2430871554268602,0.3224564263571877,0.2222986019723516,2
0.3492917847025497,0.2572953736654804,0.4789741219963055,0.7244827711148956,0.089871160263325,0.1673017258984263,0.1864060653082097,0.3470084991962074,4
0.1912181303116147,0.2731316725978647,0.7503850893407282,0.9378238341968912,0.0522277277630477,0.143487233797448,0.2561493924363394,0.7037290216096985,4
0.6529745042492918,0.836832740213523,0.130545286506468,0.8562266748795246,0.5464304436805016,0.0852427437386427,0.7165185145833459,0.1117763565866279,2
0.7702549575070822,0.9284697508896796,0.4441620455945809,0.6372332330881552,0.7151584285181414,0.3421180175557126,0.5916517811839845,0.2830348163292833,1
0.7303116147308782,0.8293594306049822,0.361290819470117,0.8269502518207181,0.6056908249574063,0.2638548817546634,0.6858389899886774,0.2987695341413268,2
0.2447592067988668,0.2731316725978647,0.5781731361675924,0.72926555309975,0.0668514915367011,0.1415131982007931,0.1991855202861416,0.4216417519346763,4
0.1898016997167139,0.2743772241992882,0.819393099199015,0.8504293633827313,0.0520772635165787,0.155522202964119,0.2333384481025216,0.6968359517120216,4
0.7934844192634561,0.7322064056939502,0.4333795440542225,0.179825355991159,0.5809943746030467,0.3438799158345261,0.1316692775629216,0.0779326307888367,2
0.5878186968838527,0.6565836298932383,0.4681916204559471,0.4637486865466139,0.3859521337191131,0.2752117882283542,0.3044897959709973,0.2171232490385762,2
0.2711048158640227,0.2466192170818505,0.668746149106596,0.3764991485198738,0.0668596574355045,0.1813003016133179,0.0928519252399546,0.2517823557145779,4
0.5223796033994335,0.576512455516014,0.5966574245224905,0.6753505561795718,0.3011583478672889,0.3116816687873859,0.3893480074771908,0.4029529234999348,3
0.5838526912181304,0.6062277580071175,0.3144639556377093,0.8608645240769592,0.353947708003589,0.1836006267901753,0.5218799703790392,0.2707108635094146,2
0.3694050991501417,0.241103202846975,0.5412045594577961,0.43215333888909,0.0890647525531035,0.1999237239470159,0.1041935541271738,0.2338833573916856,4
0.6745042492917848,0.595373665480427,0.4038046826863848,0.5673756295517953,0.4015820672829736,0.2723679743558873,0.3378005082705173,0.2291089360551505,2
0.5110481586402267,0.5546263345195729,0.7288200862600149,0.6215804920468133,0.2834407669896061,0.3724621630631918,0.3447449099127966,0.453020347831101,3
0.3359773371104816,0.5149466192170817,0.5855668515095509,0.6414362839233305,0.1730103938786003,0.1967371914703477,0.3303054458494872,0.375603825220971,4
0.6396600566572238,0.8071174377224198,0.3964109673444227,0.7404253777310772,0.5162807859425563,0.2535682618310783,0.5976102336989619,0.2935127402327359,2
0.4039660056657224,0.3419928825622775,0.6964725816389432,0.5331714917207145,0.1381534987347897,0.2813512468603776,0.1823408553535966,0.3713393252950125,4
0.2773371104815864,0.2444839857651245,0.3973351817621697,0.9989854704880612,0.0678044821711209,0.110195791202596,0.2442359495463693,0.3969320734941404,3
0.8376770538243626,0.8090747330960854,0.4139710412815809,0.2335954201239174,0.6777433387436613,0.3467740422293583,0.1889961521892263,0.0967017393073064,1
0.7960339943342777,0.9163701067615658,0.0516789895255698,0.5978115149099603,0.7294617563739377,0.0411382324551986,0.5478166017413337,0.0308942950172968,1
0.5059490084985836,0.6055160142348753,0.5285736290819507,0.6740461610927933,0.3063602270321494,0.267431303552511,0.4081457448752268,0.3562830255375749,2
0.7186968838526913,0.7016014234875446,0.5963493530499093,0.471575057067285,0.5042387567671107,0.4285944217245382,0.3308577313196272,0.2812234801965494,2
0.5546742209631729,0.4793594306049821,0.3785428219346904,0.7044820464509582,0.2658883187321685,0.2099679448578254,0.3377001126581639,0.2666766218658714,2
0.2447592067988668,0.2784697508896796,0.7288200862600149,0.908402478350665,0.068158035345236,0.1783854262120829,0.2529626118538772,0.662061972630343,4
0.5,0.5610320284697509,0.5270332717190414,0.7795572303344325,0.2805160142348754,0.2635166358595207,0.4373565742427874,0.4108525975953903,2
0.6158640226628895,0.6690391459074733,0.716189155884166,0.5652016377404978,0.4120371397175204,0.4410751345303617,0.3781420209794077,0.4047912838377153,2
0.6101983002832863,0.6781138790035587,0.458025261860751,0.769267002427624,0.4137839363664775,0.2794862362742373,0.5216506310056361,0.3523437202277474,2
0.2110481586402267,0.290035587188612,0.6148336414048075,0.6110003985651653,0.0612114766162934,0.12975950788855,0.1772118593703237,0.3756635999496093,5
0.2405099150141643,0.2864768683274021,0.6561152187307471,0.7972390303996522,0.0689005272549474,0.1578022154964318,0.2283905407372668,0.5230806608113565,4
0.5419263456090653,0.583629893238434,0.6151417128773886,0.4966484292909163,0.3162844152309134,0.3333615004913441,0.2898588697640933,0.3055091654918789,3
0.6039660056657223,0.8165480427046262,0.1718268638324112,0.9192724374071526,0.4931672597864767,0.1037775846149293,0.7506301094771215,0.1579556999272475,1
0.3104815864022663,0.2871886120996441,0.5304220579174377,0.8063697960071017,0.0891667758813625,0.1646862820049608,0.2315802225543526,0.4277163266405513,4
0.7501416430594902,0.7788256227758005,0.3813154651879245,0.3915721584115366,0.5842295323258696,0.2860406095800635,0.3049664301365293,0.1493125197393347,1
0.4906515580736544,0.6023131672597865,0.659504004929147,0.8478205732091741,0.2955258939642918,0.323586667574301,0.5106534947176253,0.5591410634927754,3
0.6410764872521247,0.8565836298932384,0.4490911891558866,0.8149208304648718,0.5491356244896314,0.2879018019999352,0.6980478430352123,0.3659737648213719,2
0.5243626062322947,0.3423487544483986,0.5621534195933471,0.0751838834740388,0.1795148851229421,0.2947722322003642,0.0257391088619307,0.0422648771932386,3
0.5305949008498584,0.7774021352313166,0.1444085027726451,0.702308054639661,0.4124856088635286,0.0766224152105281,0.5459757812670246,0.1014192546556824,2
0.293201133144476,0.3494661921708185,0.7577788046826868,0.2805536432479437,0.1024638835401691,0.2221816042058303,0.0980440134055091,0.2125976044297997,5
0.7444759206798868,0.7101423487544484,0.5039279112754187,0.3014239646363997,0.5286838789027452,0.3751621957030596,0.2140539222177706,0.1518959489075765,2
0.2107648725212464,0.29288256227758,1.0,0.6314359215913621,0.0617293559021301,0.2107648725212464,0.1849365706297832,0.6314359215913621,4
0.5648725212464589,0.4352313167259786,0.5575323475046225,0.6836117250625022,0.2458502112044196,0.314934702811393,0.2975292312282705,0.3811356498557814,3
0.6201133144475921,0.7330960854092526,0.158887861983981,0.7830356172325084,0.4546026433316867,0.098528478720378,0.5740403457291698,0.1244148550793801,2
0.4082152974504249,0.2225978647686832,0.7839648798521281,0.7531794630240225,0.0908678535783774,0.3200264566195231,0.1676561402567707,0.5904662472367181,3
0.64985835694051,0.7845195729537365,0.525492914356132,0.3235986811116345,0.5098266006673857,0.341495961907356,0.2538694991140918,0.1700488140191534,2
0.2456090651558074,0.2530249110320284,0.458949476278498,0.8362259502155875,0.0621452118597078,0.1127221518225093,0.2115859966559724,0.3837854619019332,4
0.7852691218130312,0.8083629893238434,0.2091035120147886,0.4308489438023116,0.6347824947324913,0.1642025312478736,0.3482823401590572,0.0900920272969256,1
0.3053824362606233,0.2555160142348753,0.6422520024645735,0.4344722634878074,0.0780301029306503,0.1961324812058952,0.111014621062009,0.2790406812403601,4
0.6144475920679887,0.5170818505338078,0.4743530499075774,0.5380992064929889,0.3177196979625579,0.2914650893058174,0.2782413334641683,0.2552489997527966,3
0.7705382436260624,0.7330960854092526,0.2935150955021584,0.3834559223160259,0.5648785700603873,0.226164606165969,0.281110035576873,0.1125501016594565,1
0.224929178470255,0.3048042704626335,0.4207486136783771,0.7604261023950143,0.0685593741493855,0.094638640017176,0.2317811233812561,0.3199482283875539,5
0.5025495750708215,0.5546263345195729,0.7174214417744942,0.680278270951846,0.2787272287358986,0.3605398407104682,0.3773002438713352,0.4880462179541334,3
0.5450424929178471,0.5866548042704626,0.4999229821318565,0.5098373129461212,0.3197517970018045,0.2724792684480714,0.2990985090361853,0.2548793898901175,2
0.6490084985835695,0.7706405693950177,0.3027572396796074,0.6936120873944707,0.5001522788906475,0.1964920215597678,0.5345256139689416,0.2099960809879605,2
0.5490084985835695,0.596085409252669,0.5322704867529318,0.5478097032501176,0.3272559555613803,0.2922210207725728,0.3265413711544295,0.2915829373969192,3
0.2538243626062323,0.2879003558718861,0.7094115834873733,0.5792601181202217,0.0730761243232889,0.1800659430041604,0.1667691941492026,0.4109338376467494,4
0.7611898016997167,0.8613879003558716,0.2405268022181168,0.8094133845429183,0.6556796850584213,0.1830865488838753,0.6972188958313642,0.194685613056651,1
0.7949008498583571,0.8638790035587188,0.2346734442390641,0.6252038117323091,0.6866981541036162,0.1865421202648198,0.5401004459004201,0.1467187318506123,1
0.6,0.7706405693950177,0.2999845964263699,0.673321497155694,0.4623843416370106,0.1799907578558219,0.5188888619539698,0.20198607758945,2
0.6473087818696884,0.6215302491103202,0.649645717806532,0.4115728830754737,0.4023219884467653,0.4205213782402056,0.2558049965449518,0.2673765610552699,2
0.873087818696884,0.7923487544483986,0.5217960566851545,0.1521431935939706,0.6917900456685453,0.4555737809358772,0.1205504699419841,0.0793877184688199,1
0.8376770538243626,0.8350533807829182,0.3640634627233545,0.6102757346280661,0.6995050558003086,0.3049676088591952,0.5096128154109456,0.2221790971647327,1
0.624929178470255,0.6211743772241992,0.6786044362292074,0.6666545889343816,0.3881899932454911,0.4240797128389891,0.414108749104969,0.45239476148343,2
0.6739376770538245,0.6012455516014233,0.5051601971657433,0.5196927424906699,0.4052020303852086,0.340446489817933,0.3124629496220593,0.2625280882621927,2
0.7311614730878188,0.8145907473309607,0.4524799753542829,0.3135983187796658,0.5955973707822124,0.3308359253227774,0.2554542888564608,0.1418969595525677,1
0.801416430594901,0.748932384341637,0.5335027726432564,0.1141708032899742,0.6002067182160032,0.4275578877642415,0.0855062119301603,0.060910440110109,1
0.2940509915014164,0.2813167259786476,0.6936999383857057,0.4972281604405956,0.0827214621999535,0.2039831546867882,0.139878598159534,0.3449271442612789,4
0.3201133144475921,0.288612099644128,0.7245070856438716,0.6254936773071487,0.0923885758067605,0.2319243645262252,0.1805250435217428,0.4531746012344705,3
0.7501416430594902,0.7706405693950177,0.2633240911891583,0.5515779557230334,0.5780895829342796,0.1975303664217822,0.4250683498641383,0.1452437639107415,2
0.3297450424929178,0.2734875444839857,0.6712107208872489,0.908982209500344,0.0901811619771556,0.2213284076806678,0.2485953124558769,0.6101186041124101,3
0.2597733711048159,0.2879003558718861,0.7094115834873733,0.5604188557556433,0.074788845987116,0.1842862385433205,0.1613447880093649,0.3975676278777927,4
0.6988668555240793,0.7790035587188612,0.3819316081330868,0.7673828761911663,0.544419767523918,0.2669193420012252,0.5977939914528337,0.2930877759574856,2
0.3189801699716714,0.3585409252669038,0.5640018484288376,0.688249574259937,0.1143674452834373,0.1799054054761674,0.2467656391697104,0.388174032062965,3
0.6728045325779037,0.8939501779359428,0.6302372150338904,0.552882350809812,0.6014537316141259,0.4240264548740764,0.4942492758840737,0.3484470330157663,2
0.5912181303116147,0.4523131672597864,0.3671441774491697,0.5672306967643754,0.2674157450626556,0.2170622941462938,0.2565659130204701,0.208255447587476,2
0.7662889518413598,0.8596085409252668,0.2999845964263699,0.5372296097684699,0.6587085278195034,0.2298748819641163,0.4618071609949249,0.1611606076746906,1
0.591784702549575,0.6797153024911032,0.5362754158964904,0.5883908837276712,0.4022451181030919,0.3173595874809542,0.3999382875159616,0.3155395658807604,2
0.7388101983002834,0.8514234875444838,0.1357825015403584,0.7930359795644768,0.629040355670259,0.1003174968887407,0.6752094594690429,0.1076804091167732,1
0.3390934844192635,0.340035587188612,0.9558687615526829,0.5786803869705424,0.1153038520863367,0.3241288690024254,0.1967719251780615,0.5531425048283596,4
0.7458923512747876,0.4638790035587188,0.4697319778188529,0.311714192543208,0.3460038006714183,0.3503694894042605,0.1445976690320539,0.1464221241775278,2
0.2830028328611899,0.351067615658363,0.5020794824399282,0.8481104387840139,0.0993531297571401,0.1420899158519797,0.2977441095588717,0.4258188501565781,4
0.2521246458923513,0.2535587188612099,0.6718268638324112,0.6159281133374397,0.0639284022058008,0.1693841101447155,0.1561739433284432,0.413797052729706,4
0.6439093484419264,0.6215302491103202,0.6317775723967962,0.4025870502554439,0.4002091377415744,0.406807485002243,0.250220029633855,0.2543454692887713,2
0.2756373937677054,0.2613879003558718,0.5504467036352452,0.8099931156925975,0.0720482796165051,0.1517236947980435,0.2117223998135987,0.445858040500232,4
0.7835694050991502,0.8177935943060496,0.3437307455329659,0.5194028769158302,0.6407980401842871,0.2693368957915534,0.4247643456058994,0.1785347381142456,2
0.7770538243626063,0.7774021352313166,0.1912353666050528,0.1741729772817855,0.6040833022491506,0.1486001729738413,0.1354024444384556,0.0333080331631757,1
0.3597733711048159,0.2923487544483986,0.3945625385089357,0.7168013333816443,0.1051792969261944,0.1419530945910335,0.209555977001075,0.2828229537056514,3
0.5977337110481586,0.6176156583629894,0.5889556377079508,0.413891807674191,0.3691696994747613,0.3520386389699083,0.2556260612877432,0.2437639135308496,2
0.7141643059490086,0.8258007117437721,0.2916666666666678,0.5933185984999456,0.5897573921546884,0.2082979225684616,0.4899629209320724,0.1730512578958181,1
0.3308781869688386,0.340035587188612,1.0,0.5505634262110946,0.1125103585938523,0.3308781869688386,0.1872111579162635,0.5505634262110946,4
0.8053824362606232,0.736476868327402,0.6481053604436262,0.3550490959817384,0.5931455344631172,0.521972674147657,0.2614854463111059,0.2301092223264282,2
0.6056657223796035,0.4135231316725979,0.1684380776340113,0.4351969274249065,0.2504567862651599,0.1020171699664351,0.1799639963230396,0.0733037338476795,2
0.4509915014164307,0.2702846975088967,0.1986290819470113,0.6298416609297439,0.1218961015394231,0.0895800278922498,0.1702365628028969,0.1251048708824558,3
0.4762039660056658,0.6389679715302491,0.6884627233518188,0.6114351969274248,0.3042790821932999,0.3278486793071976,0.390687507502915,0.4209503408298105,3
0.3127478753541077,0.2604982206405694,0.5846426370918074,0.5462154425884994,0.0814702650388636,0.1828457425918854,0.1422881508807051,0.319340836775209,3
0.8645892351274788,0.7886120996441283,0.4632624768946414,0.12649009022066,0.6818255320435919,0.4005317505615993,0.0997516156330898,0.0585981124982496,2
0.6594900849858357,0.5976868327402135,0.6185304990757885,0.3188158991267799,0.3941685401187584,0.4079147314018231,0.1905520649763084,0.1971973572001834,2
0.7830028328611899,0.7788256227758005,0.3816235366605056,0.316062176165803,0.6098226689383323,0.298812310291682,0.2461573211882063,0.1206167654730095,1
0.4277620396600567,0.3309608540925267,0.505468268638328,0.7059313743251567,0.1415724899942536,0.2162201375761686,0.233635650577365,0.3568259095576124,4
0.3478753541076488,0.3649466192170818,0.3739217498459624,0.7670930106163267,0.1269559343905316,0.1300781611362158,0.2799480008494815,0.2868327608242643,4
0.2526912181303117,0.0,0.383163894023415,0.9998550672125804,0.0,0.0968221511243303,0.0,0.3831083610122156,4
0.6059490084985836,0.4259786476868327,0.1998613678373395,0.7044820464509582,0.2581213392074037,0.1211057976782065,0.3000943094668316,0.1407987454205366,2
0.1813031161473088,0.241103202846975,0.5824861367837357,0.8381100764520453,0.0437127619892532,0.1056065517114988,0.2020710237709112,0.4881875006320733,5
0.2121813031161473,0.2704626334519573,0.7925908810844149,0.6518714446175586,0.0573871140100612,0.1681729659864665,0.1763068675833966,0.5166673626432011,4
0.4294617563739377,0.2455516014234874,0.2707178065311169,0.5502735606362548,0.105455022027764,0.1162629446745533,0.1351205540352368,0.1489688513275144,3
0.619830028328612,0.8293594306049822,0.3914818237831206,0.8966629225696583,0.5140618793664876,0.2426521899256283,0.7436558509069711,0.3510272362462728,2
0.6606232294617564,0.6064056939501777,0.4765095502156526,0.677669480778289,0.4006056879013639,0.3147932779328334,0.410942631760215,0.3229159794805373,2
0.2280453257790368,0.3238434163701068,0.5612292051756036,0.6337548461900793,0.0738509773875172,0.1279856969309804,0.2052373345313068,0.3556817286034451,5
0.2696883852691218,0.2871886120996441,0.5134781269254489,0.8339070256168701,0.0774514330648332,0.1384790869215375,0.2394886013070512,0.4281930175437228,4
0.7121813031161474,0.4101423487544483,0.3579020332717206,0.4605601652233776,0.2920957123990604,0.2548911364433727,0.1888952279074529,0.1648354195774064,2
0.3736543909348442,0.2722419928825622,0.5966574245224905,0.847240842059495,0.1017244160374219,0.2229436665567039,0.230654535293777,0.5055125387734845,3
0.5368271954674222,0.6612099644128114,0.576632778804683,0.7228885104532774,0.3549554908108436,0.3095521574603044,0.4779810862712418,0.4168412105486515,3
0.3535410764872521,0.253202846975089,0.4318391866913131,0.9184028406826334,0.0895176070892099,0.1526728909322262,0.2325422139308518,0.39660233577538,3
0.5079320113314447,0.7535587188612097,0.3317159581022793,0.4762129062647195,0.3827565957275209,0.1684891537896279,0.3588543875500154,0.1579674204622723,2
0.7045325779036827,0.6149466192170819,0.4013401109057319,0.5711438820247108,0.4332499269101651,0.2827571829525652,0.3512229993376158,0.2292229489549276,2
0.3521246458923513,0.285409252669039,0.7020178681454148,0.567520562339215,0.1004996320304859,0.2471977932308075,0.1619756195715481,0.3984095753020626,4
0.5713881019830028,0.4101423487544483,0.3545132470733207,0.7782528352476539,0.234350458197655,0.202564651373056,0.3191944457732815,0.2759009396676639,2
0.593201133144476,0.6055160142348753,0.5695471349353056,0.728251023587811,0.3591927857812547,0.337856005822813,0.4409676571653595,0.4147732839981414,2
0.184985835694051,0.2775800711743772,0.8123074553296377,0.8447769846733577,0.0513483814382063,0.150265373464661,0.2344932555321064,0.6862186427410595,5
0.2830028328611899,0.2818505338078292,0.6243838570548377,0.7470922859523894,0.0797644995110542,0.1767024003393153,0.2105683595993923,0.4664723630788686,4
0.198300283286119,0.3437722419928825,0.8055298829328414,0.9097068734374434,0.0681701329730928,0.1597368039810167,0.3127319714379253,0.732796071263265,4
0.8,0.8597864768683275,0.5556839186691356,0.5715786803869705,0.6878291814946621,0.4445471349353085,0.4914356198629611,0.3176170809451651,1
0.4022662889518414,0.7135231316725977,0.5264171287738755,0.8191238813000472,0.287026302259232,0.2117598648325505,0.5844638370130228,0.4312008417040836,3
0.5648725212464589,0.5948398576512456,0.4777418361059773,0.8176745534258487,0.3360086901293438,0.269863235466096,0.4863854149648776,0.3906373424908,2
0.3436260623229462,0.2829181494661921,0.7627079482439925,0.6266531396065076,0.0972180496607623,0.2620863289574965,0.1772915466146524,0.4779533303699356,4
0.7773371104815865,0.7788256227758005,0.4115064695009245,0.5244755244755244,0.6054100591775629,0.3198792499463277,0.4084749769803149,0.2158250714165687,1
0.5813031161473088,0.3649466192170818,0.3354128157732603,0.4702706619805065,0.212144606978315,0.1949765150047394,0.1716236882067649,0.1577348069104368,2
0.4141643059490085,0.2923487544483986,0.2636321626617395,0.6627414036740462,0.1210804189811781,0.1091870316746354,0.1937516238854907,0.1747199495360657,3
0.2745042492917847,0.2644128113879003,0.4127387553912491,0.6799884053770064,0.0725824402931658,0.1132985422023003,0.1797976459769095,0.2806575681157858,4
0.6152974504249292,0.7754448398576511,0.3270948860135547,0.5508532917859343,0.4771292329095802,0.201260649411173,0.4271563426340038,0.1801812946869115,2
0.5679886685552408,0.4243772241992882,0.5452094886013583,0.3209898909380774,0.2410414545381226,0.3096728115143692,0.1362207989123335,0.1750067342845549,3
0.1235127478753541,0.2485765124555159,0.4823629081947054,0.9008659734048334,0.0307023681106529,0.0595779682642752,0.223934121858817,0.4345443308252096,5
0.8039660056657225,0.7016014234875446,0.6256161429451659,0.1638827493749772,0.5640636940106663,0.5029741115236207,0.1149803702465365,0.1025276935592225,2
0.2793201133144476,0.2948398576512455,0.7054066543438076,0.7452081597159317,0.0823547024487614,0.1970342666240777,0.2197170677311919,0.5256747947349212,4
0.38328611898017,0.2069395017793595,0.337569316081332,0.9192724374071526,0.0793170385007006,0.129385633047604,0.1902337801965336,0.3103181679879516,3
0.2745042492917847,0.2743772241992882,0.8317159581022828,0.7992680894235298,0.0753177139515893,0.2283095647028646,0.2193009597670965,0.6647640247754721,4
0.6719546742209632,0.5660142348754448,0.4031885397412225,0.6001304395086777,0.3803359108001573,0.270924423871439,0.3396823715439686,0.2419657155597618,2
0.5512747875354108,0.5718861209964413,0.5427449168207019,0.7188303924055219,0.3152663998467634,0.2992015887062567,0.4110891247671437,0.3901415415343275,3
0.7524079320113315,0.7788256227758005,0.4167436845348149,0.5908547411138085,0.5859945762301774,0.3135612538596228,0.4601728117179963,0.2462349818366327,1
0.7529745042492919,0.4638790035587188,0.4567929759704263,0.2373636725968331,0.3492890627362818,0.3439534646258904,0.1101080239252569,0.1084260583927773,2
0.3390934844192635,0.3633451957295374,0.8736136783733848,0.9356498423855936,0.1232079884669281,0.2962367062359608,0.3399638751159043,0.8173965004759561,3
0.3623229461756374,0.3017793594306049,0.5790973505853394,0.6647704626979238,0.1093415866038933,0.2098202581865861,0.2006140044013662,0.3849668136957579,3
0.0932011331444759,0.1816725978647686,0.932147258163898,0.7149172071451864,0.0169320919822971,0.0868771807183916,0.1298808662802909,0.6664081144545769,5
0.1470254957507082,0.2263345195729537,0.7195779420825659,0.6740461610927933,0.0332769449457118,0.1057963036659636,0.1525599140409311,0.4850287494678058,5
0.6937677053824364,0.93576512455516,0.3862446087492337,0.6892641037718756,0.6492036232395432,0.2679640359282927,0.6449893099174899,0.2662245440862593,2
0.8144475920679887,0.8295373665480427,0.2411429451632791,0.4001231928693068,0.6756147107154739,0.1963982910324157,0.3319171397075993,0.0964868851566394,1
0.5461756373937677,0.3784697508896797,0.4965341959334566,0.6324504511033007,0.2067109574264313,0.2711948809517576,0.2393633646791317,0.3140332762063293,3
0.7478753541076488,0.7946619217081848,0.4210566851509583,0.2924381318163701,0.5943080660933734,0.3148979175066657,0.2323894478099481,0.1231330303943397,2
0.3974504249291785,0.4329181494661921,0.5615372766481848,0.8586905322656617,0.1720635024648916,0.2231832292173947,0.3717427161925898,0.4821867429720399,3
0.2328611898016997,0.2775800711743772,0.8520486752926679,0.8686908945976302,0.0646376256389059,0.1984090682976127,0.2411312803509436,0.7401669259807134,4
0.5257790368271955,0.4749110320284696,0.4752772643253244,0.4551976520888438,0.2496982649985381,0.2498908222628335,0.216178386730449,0.2163450948120964,3
0.5490084985835695,0.4412811387900355,0.2741065927295132,0.7697018007898837,0.2422670954603651,0.150486848926288,0.3396548871813009,0.2109803380322855,3
0.9042492917847026,0.7921708185053379,0.3172365988909433,0.1705496575962896,0.7163199016059599,0.2868609698753232,0.1351044618538578,0.0541045933178618,1
0.7949008498583571,0.8597864768683275,0.5603049907578566,0.1419978984745823,0.6834450011593562,0.4453869133332991,0.1220878728521675,0.0795621311924359,1
0.5045325779036828,0.6690391459074733,0.7346734442390641,0.657523823326932,0.3375520450031756,0.3706666867393126,0.4399091771724669,0.483065291952835,3
0.230028328611898,0.2724199288256228,0.6521102895871884,0.5591144606688647,0.0626643009083302,0.1500038399843617,0.1523139215807886,0.364604292859158,5
0.2158640226628895,0.2096085409252669,0.4965341959334566,0.6352041740642775,0.045246942828627,0.1071838689238793,0.1331442201152524,0.3154005938225814,4
0.3521246458923513,0.2530249110320284,0.4392329020332717,0.569404688575673,0.0890963071990967,0.1546647300927356,0.1440735706680795,0.2501012737944441,4
0.3161473087818697,0.435409252669039,0.3628311768330299,0.8743432733070038,0.1376534634500418,0.114708100097921,0.3806971512068038,0.3172389988100237,3
0.1640226628895184,0.2790035587188612,0.7673290203327205,0.8378202108772057,0.0457629066567197,0.1258593492273782,0.2337548204013271,0.6428837616273596,4
0.1864022662889519,0.193594306049822,0.5076247689463962,0.8401391354759229,0.0360864173883237,0.0946224073560138,0.1626461529177587,0.4264754345287904,5
0.6685552407932012,0.4039145907473309,0.4993068391866941,0.22258052828001,0.2700392164769691,0.3338142041021524,0.0899035229885449,0.1111359800399963,2
0.4708215297450426,0.5457295373665481,0.7238909426987057,0.4259212290300372,0.2569412156099725,0.3408234410099856,0.2324377952731537,0.3083205199979449,4
0.2407932011331445,0.2572953736654804,0.4916050523721509,0.8340519584042898,0.0619549766616595,0.1183751542539173,0.2145977102940574,0.4100241566924359,5
0.2685552407932011,0.2871886120996441,0.5076247689463962,0.8404290010507627,0.0771260068754851,0.1363252920569924,0.2413616383800588,0.426622577474244,4
0.5892351274787536,0.4259786476868327,0.2032501540357358,0.7515852023624043,0.2510015827729779,0.1197621304233231,0.3201592481237715,0.1527598081511383,2
0.779886685552408,0.8295373665480427,0.2550061614294527,0.6381028298126743,0.646945147339026,0.1988759100326581,0.5293301410296597,0.1627201532278014,1
0.4832861189801701,0.7535587188612097,0.2183456561922376,0.8143410993151925,0.3641844686621031,0.105523424777325,0.6136538355159856,0.1778078416942838,2
0.3229461756373938,0.3649466192170818,0.35944239063463,0.7898474582412405,0.1178581149879527,0.1160805454174159,0.2882521595823459,0.2839046586269175,3
0.2688385269121813,0.3423487544483986,0.6554990757855848,0.8768071306931411,0.0920365348361275,0.1762234059264928,0.3001738290842711,0.5747462638115644,4
0.7767705382436262,0.8475088967971528,0.3119993838570565,0.4682416029566287,0.6583199419313862,0.2423519293303255,0.3968389243563028,0.1460910916187086,1
0.7351274787535412,0.7836298932384341,0.2266635859519397,0.5954925903112431,0.5760678676922768,0.166626630466086,0.466645794969878,0.1349764859277556,1
0.7776203966005667,0.7439501779359431,0.298444239063464,0.5712888148121309,0.5785108324176103,0.2320763275436852,0.4250104154322988,0.1704978556220746,2
0.6773371104815864,0.4352313167259786,0.5938847812692565,0.4193992535961447,0.2947983224622705,0.4022602017039071,0.1825356893765427,0.2490748339864358,3
0.6124645892351275,0.686476868327402,0.4229051139864452,0.8424580600746405,0.4204427731795589,0.2590144069231429,0.5783279707772175,0.3562798219246653,2
0.6739376770538245,0.6832740213523131,0.4087338262476905,0.5256349867748832,0.4604841067414031,0.27546112539469,0.3591527311771443,0.2148447993541522,2
0.5804532577903684,0.3418149466192171,0.3563616759088113,0.5278089785861806,0.1984075993265654,0.2068512957329049,0.1804129978405788,0.1880908921686892,2
0.7393767705382437,0.8341637010676154,0.425985828712264,0.5744773361353672,0.6167612633956023,0.3149640263283312,0.4792081408901424,0.2447192041100382,1
0.8084985835694052,0.9218861209964412,0.3893253234750453,0.4704155947679262,0.745343623037916,0.3147689725772746,0.4336696079168373,0.1831447036007286,1
0.5657223796033995,0.3927046263345195,0.3378773875539131,0.5147650277183956,0.2221617956912282,0.1911447997011797,0.2021506078602311,0.1739274627696092,2
0.1524079320113314,0.2852313167259787,0.6533425754775131,0.863763179825356,0.0434715151270754,0.0995745908234849,0.2463723091210046,0.5643332605097443,5
0.5402266288951841,0.6128113879003557,0.57755699322243,0.6402768216239718,0.3310570302339882,0.3120116674433921,0.3923689276998147,0.3697963559271553,3
0.6339943342776205,0.442526690391459,0.5797134935305017,0.4146164716112902,0.2805594144748117,0.3675350704026241,0.1834788549639285,0.2403587632330711,3
0.2314447592067989,0.2879003558718861,0.7020178681454148,0.7192651907677814,0.0666330285403204,0.1624783564517858,0.2070767043883043,0.504937015854003,5
0.6135977337110482,0.4615658362989323,0.4614140480591508,0.6223051559839123,0.2832157511114695,0.2831226141915356,0.287234799754852,0.2871403411506182,2
0.6951841359773372,0.4295373665480426,0.485443622920517,0.147505344396536,0.2986075630336817,0.3374727055657079,0.0633590571838501,0.071605528783993,3
0.7954674220963174,0.6998220640569394,0.2913585951940867,0.4002681256567266,0.5566856532214974,0.2317662706246446,0.2801164658732927,0.116621558792314,2
0.4951841359773372,0.4412811387900355,0.4182840418977207,0.9655059965940797,0.2185154194348391,0.2071276218802311,0.4260595856856436,0.4038557507318586,3
0.4439093484419264,0.3163701067615658,0.670594577942083,0.6331751150403999,0.1404396479590293,0.2976832021629587,0.200317678744098,0.4246037990339468,3
0.6628895184135978,0.8939501779359428,0.6246919285274224,0.5605637885430632,0.5925902029377071,0.4141017316584047,0.5011160985125176,0.3501796741276043,2
0.6087818696883853,0.4167259786476868,0.6548829328404189,0.6405666871988116,0.2536952204288609,0.3986808562816035,0.2669407796120314,0.4194961907926289,2
0.3855524079320114,0.2222419928825623,0.3997997535428226,0.7918765172651183,0.0856859354994808,0.1541437576690599,0.1759882153139026,0.316592036438943,4
0.5560906515580737,0.6713523131672597,0.6052834257547737,0.8543425486430667,0.3733327452542014,0.336592454605275,0.5735648462687349,0.5171193846107398,2
0.7830028328611899,0.7635231316725978,0.3403419593345695,0.4415739700713793,0.5978407750546914,0.2664887183004958,0.3371519404940015,0.1502861501652377,1
0.789801699716714,0.4016014234875444,0.1829174368453507,0.1970723576941192,0.3171854868791144,0.1444685025282826,0.0791445393800048,0.0360479705424784,2
0.3883852691218131,0.2069395017793595,0.3064540973505885,0.8484003043588537,0.0803722540905104,0.1190222570729906,0.1755675362934781,0.2599957494642571,4
0.2736543909348443,0.3258007117437722,0.4857516943930982,0.5992608427841588,0.0891567953383807,0.1329280840747119,0.1952396090992517,0.2910919697658412,4
0.2254957507082153,0.1660142348754447,0.9490911891558866,0.6350592412768579,0.0374355045214883,0.2140160301892594,0.1054288740411579,0.6027291304878881,4
0.5889518413597734,0.7914590747330962,0.2913585951940867,0.7018732562774013,0.4661312794249595,0.1715961811355542,0.5555039579932173,0.2044968059532828,2
0.1821529745042493,0.2535587188612099,0.6493376463339509,0.6849161201492808,0.046186474852056,0.1182787837373174,0.1736664539524421,0.4447418213939155,4
0.4305949008498584,0.3352313167259787,0.685998151571166,0.4357766585745859,0.1443488955873902,0.2953873060589723,0.1460859830524057,0.298941982280025,3
0.5050991501416431,0.3423487544483986,0.5843345656192263,0.2376535381716727,0.1729200649239361,0.2951468924926573,0.0813603927833271,0.1388691769954165,4
0.2492917847025496,0.288612099644128,0.744531731361679,0.8970977209319178,0.0719486254070347,0.1856056440788321,0.2589132568241227,0.6679177193660571,4
0.2898016997167139,0.2622775800711744,0.5393561306223056,0.8476756404217545,0.0760084885022128,0.1563063234069741,0.2223263156551007,0.4571990534406623,4
0.7756373937677055,0.7179715302491102,0.5217960566851545,0.280263777673104,0.5568855665218312,0.4047245334855391,0.2012214133293549,0.1462405340215105,2
0.5648725212464589,0.351067615658363,0.5310382008626,0.1982318199934779,0.1983084491849223,0.2999688873994403,0.069592772392728,0.1052686690430552,3
0.6189801699716715,0.9284697508896796,0.3569778188539736,0.7849197434689661,0.5747043642192494,0.2209621909903491,0.7287742386870222,0.280198937998972,2
0.7150141643059491,0.8891459074733096,0.2146487985212566,0.7504257400630456,0.6357519179780832,0.1534769312939523,0.6672379756396867,0.1610779834839575,1
0.7881019830028329,0.7891459074733095,0.3736136783733812,0.523171129388746,0.6219274545582852,0.2944456808030443,0.4128583556653181,0.1954638900696855,2
0.4643059490084986,0.253914590747331,0.2599353049907584,0.6940468857567303,0.117894055024044,0.1206895084645476,0.1762286309563798,0.1804072889270617,4
0.8614730878186969,0.8085409252669037,0.4001078250154037,0.4473712815681727,0.6965362475174658,0.3446821234764426,0.3617179899369708,0.1789967504425953,1
0.7101983002832861,0.8576512455516013,0.244531731361679,0.915938983296496,0.6091024568265905,0.1736660199783935,0.7855562098735072,0.2239761454071481,1
0.7716713881019831,0.7185053380782916,0.504544054220581,0.4182397912967861,0.55445001159356,0.389342210678998,0.3005075226434914,0.2110203999372501,2
0.2008498583569405,0.2597864768683274,0.9056531115218752,0.931881589912678,0.0521780770820521,0.181900299169691,0.24209023510187,0.843961461474369,4
0.484985835694051,0.4135231316725979,0.2713339494762792,0.779122431972173,0.200552861593056,0.1315931222389207,0.3221851480255036,0.2114023665925733,2
0.7274787535410765,0.6832740213523131,0.4059611829944565,0.4585311061994999,0.4970673333803796,0.295328135390868,0.3133023928480568,0.1861458303125057,2
0.6031161473087819,0.8083629893238434,0.2962877387553924,0.8644878437624552,0.4875367717480064,0.1786959194929831,0.698819977617942,0.2561371484099028,1
0.26657223796034,0.3161921708185053,0.6262322858903282,0.7208594514293998,0.084288054600627,0.1669361419328042,0.2279301148024988,0.451425462074281,4
0.8543909348441927,0.9676156583629892,0.3116913123844718,0.3576578861552955,0.8267220469186334,0.2663062317709821,0.3460753709808712,0.1114788559204,2
0.3260623229461757,0.3177935943060498,0.3862446087492337,0.6396970904742925,0.1036205175768451,0.1259398143542119,0.2032916376489477,0.2470795524282662,4
0.8461756373937678,0.7629893238434161,0.2580868761552679,0.0895322294286024,0.6456229774278426,0.2183868269336502,0.0683121351939229,0.0231070934084447,1
0.619830028328612,0.6834519572953736,0.5076247689463962,0.7005688611906229,0.4236240460516367,0.3146410749163498,0.4788051594009221,0.3556261062929298,2
0.3405099150141644,0.2870106761565836,0.7146487985212602,0.8134715025906736,0.0977299809462361,0.243345001649449,0.2334750059926612,0.5813464319577091,4
0.4677053824362607,0.7322064056939502,0.5627695625385094,0.7295554186745896,0.3424568769973688,0.2632103534705606,0.5341851508622663,0.4105715838150979,3
0.2617563739376771,0.2731316725978647,0.8625231053604487,0.6559295626653139,0.0714939562267498,0.225770920496616,0.179155138557163,0.5657544032878076,4
0.5728045325779038,0.6998220640569394,0.3172365988909433,0.646219065908185,0.400861250289839,0.1817145617443307,0.4522383605368134,0.2050043386071949,2
0.2385269121813031,0.2864768683274021,0.7251232285890374,0.7795572303344325,0.0683324428135049,0.1729614046662803,0.2233251140281915,0.5652750557300316,5
0.6263456090651559,0.7327402135231317,0.4010320394331472,0.452298996340447,0.4589486153256783,0.2511846569933962,0.3314176631547973,0.181386388935975,2
0.7810198300283286,0.7886120996441283,0.4447781885397432,0.2621471792456248,0.6159216880223404,0.3473805852136181,0.2067324374406778,0.1165973475156723,1
0.4402266288951842,0.3113879003558718,0.5455175600739395,0.6231747527084315,0.1370812456524149,0.2401513564744765,0.1940490778006681,0.3399527705971841,4
0.226628895184136,0.3396797153024911,0.7479205175600789,0.8607195912895393,0.0769812385954654,0.1695004005801879,0.2923689857245072,0.6437498421913719,4
0.0895184135977337,0.2718861209964412,0.7392945163277886,0.9147795209971376,0.0243388142308428,0.0661804722831674,0.2487158555308943,0.676291483522145,5
0.0946175637393767,0.2617437722419928,0.4731207640172528,0.4659226783579114,0.0247655580534916,0.044765534045825,0.1219523594064924,0.2204376935576597,5
0.5589235127478753,0.5895017793594305,0.4293746149106603,0.6918728939454328,0.3294864052906958,0.2399875680506325,0.4078603020713912,0.2970726574049443,2
0.1736543909348442,0.2964412811387901,0.2867375231053621,0.8668067683611724,0.0514783301241015,0.0497932299330274,0.2569573089127604,0.2485460257708459,5
0.4804532577903683,0.4501779359430604,0.5538354898336415,0.8141961665277728,0.2162894559091871,0.2660920653704974,0.366533149700225,0.4509307327095822,3
0.563172804532578,0.793238434163701,0.4247535428219358,0.7194101235552013,0.4467303136310022,0.239209643946178,0.5706637599304425,0.3055719987220383,2
0.2339943342776204,0.3437722419928825,0.8172365988909469,0.8665169027863329,0.0804407569082495,0.1912287339047938,0.2978844583955862,0.7081493265146199,4
0.3405099150141644,0.2540925266903915,0.4808225508317925,0.5624479147795209,0.0865210246690795,0.1637248459206274,0.1429138117980704,0.2704376410943119,4
0.2447592067988668,0.2549822064056939,0.2158810844115848,0.8447769846733577,0.0624092425876825,0.0528388829834587,0.2154030994727618,0.1823713715372332,4
0.2762039660056657,0.2731316725978647,0.5834103512014828,0.6510018478930395,0.0754400512132912,0.1611402528106078,0.1778092235793265,0.3798012167120924,4
0.6184135977337111,0.795017793594306,0.4367683302526224,0.7563679843472588,0.4916498139989717,0.2701034744876699,0.6013260060611303,0.3303575815798938,2
0.2456090651558074,0.2644128113879003,0.2432994454713473,0.8840537700641327,0.064942183420201,0.0597565493551439,0.2337551427607296,0.2150897920234574,4
0.3195467422096318,0.2578291814946619,0.4912969808995697,0.3950505453096126,0.0823884749931951,0.1569923497038852,0.1018555587461972,0.1940871402133413,4
0.2509915014164306,0.2645907473309608,0.6419439309919923,0.7811514909960506,0.0664100289334932,0.1611224710648456,0.2066854567813393,0.5014554588302607,5
0.304815864022663,0.2455516014234874,0.6043592113370302,0.8369506141526866,0.0748480235500488,0.184218275183752,0.2055145636175634,0.5058188130973608,4
0.3580736543909348,0.3199288256227758,0.5717036352433773,0.7560781187724193,0.1145580837357474,0.2047120099001781,0.2418911846179376,0.4322526090301661,3
0.351558073654391,0.2222419928825623,0.4413894023413434,0.8308634370810535,0.0781309669029064,0.1551740080185856,0.1846527460701487,0.3667343159204805,4
0.1461756373937677,0.2829181494661921,0.4216728280961206,0.9524620457262944,0.0413557408284858,0.061638294418583,0.2694687994136668,0.4016273644756231,5
0.5325779036827195,0.6850533807829181,0.5704713493530491,0.6188267690858364,0.3648442934481263,0.3038204353494992,0.4239293702812224,0.3530229419761848,2
0.3643059490084986,0.301067615658363,0.3172365988909433,0.4928801768180006,0.1096807234381458,0.1155711802191935,0.1483902596398678,0.1563596309545092,4
0.7719546742209632,0.8451957295373665,0.225431300061615,0.5543316786840102,0.6524527940479671,0.1740227457982722,0.4685187675710051,0.1249637109910738,1
0.3560906515580737,0.2622775800711744,0.5729359211337055,0.7256422334142543,0.0933945943766193,0.2040171254575263,0.1903196889773329,0.4157465014147151,4
0.8696883852691218,0.7939501779359431,0.504544054220581,0.3320047827819847,0.6904892482332423,0.4387961038122334,0.2635952563653409,0.1675110391254459,1
0.2827195467422096,0.351067615658363,0.5005391250770188,0.8407188666256025,0.0992536771748006,0.1415121945685169,0.2951491679452515,0.4208126859365219,4
0.1937677053824363,0.2704626334519573,0.8107670979667319,0.6911482300083336,0.0524069238756767,0.1571004801725905,0.186929770393713,0.5603602447086999,5
0.224929178470255,0.2749110320284698,0.8961028958718451,0.7721656581760208,0.0618355125865736,0.2015596881932705,0.2122768579861125,0.6919398823843215,5
0.2067988668555241,0.2608540925266904,1.0,0.7515852023624043,0.0539443307491456,0.2067988668555241,0.1960540759187339,0.7515852023624043,4
0.6113314447592069,0.7788256227758005,0.4336876155268037,0.8623138519511575,0.4761205931870191,0.2651268765741763,0.6715921227740597,0.3739748382884307,1
0.3538243626062324,0.5149466192170817,0.5621534195933471,0.6395521576868728,0.1822006593207182,0.1989035753745299,0.3293352214138451,0.359526432451979,3
0.4441926345609065,0.686476868327402,0.7118761552680226,0.7454980252907712,0.3049279687074692,0.3162101448895919,0.5117671497458709,0.5307022680038973,3
0.8297450424929179,0.7855871886120996,0.4290665434380791,0.2063480560889886,0.6518370751968385,0.3560158373173183,0.1621043892585204,0.0885370471712692,1
0.5087818696883852,0.5567615658362989,0.7319008009858301,0.5096923801587013,0.2832701904368251,0.3723778579519974,0.2837771276719886,0.3730442612945277,3
0.7592067988668556,0.8350533807829182,0.4527880468268641,0.2053335265770497,0.6339782041071448,0.3437597635965994,0.1714644555562445,0.0929725664468943,2
0.3317280453257791,0.286832740213523,0.5405884165126338,0.5211420703648683,0.0951504642464689,0.1793283387354941,0.1494806080833038,0.2817233665966597,3
0.3317280453257791,0.2752669039145907,0.3511244608749209,0.7678176745534258,0.0913137519784662,0.1164778310721055,0.2113547940452223,0.2695995670278071,4
0.4464589235127479,0.3709964412811387,0.529189772027113,0.7195550563426212,0.1656346718014375,0.2362614959531813,0.2669523652089617,0.3807811762269081,3
0.7470254957507083,0.6176156583629894,0.598505853357981,0.2604079857965867,0.4613746433720122,0.4470991318144465,0.1608320495907388,0.1558557037604191,2
0.3535410764872521,0.3704626334519573,0.6191466420209508,0.8134715025906736,0.1309737582289072,0.2188937703235542,0.3013607950878616,0.5036581492087527,3
0.4620396600566573,0.3261565836298932,0.6160659272951321,0.3157723105909634,0.1506972770255965,0.2846468916199322,0.1029912180272661,0.1945365613383483,3
0.8345609065155808,0.8638790035587188,0.2097196549599509,0.5472299721004384,0.720959644329741,0.1750238253575114,0.4727404830155923,0.1147648809326475,1
0.6920679886685552,0.93576512455516,0.5322704867529318,0.7833254828073479,0.6476130876170697,0.3683673651947343,0.7330086679864488,0.4169410360198423,2
0.1594900849858357,0.2790035587188612,0.7679451632778829,0.8318779665929925,0.0444983012914217,0.122479639355651,0.2320969130992548,0.6388366608825288,4
0.7923512747875355,0.8793594306049822,0.3810073937153433,0.3467879270988079,0.696761565836299,0.3018916941138287,0.3049512341142898,0.1321287642758633,2
0.6107648725212466,0.7135231316725977,0.595733210104747,0.2533062792130148,0.4357948645569748,0.3638529181262988,0.1807398896164037,0.1509029628552586,2
0.2495750708215297,0.2530249110320284,0.461722119531732,0.8215877386861843,0.0631487100904297,0.1152343306819988,0.2078821644860772,0.3793452320874677,4
0.1141643059490085,0.3142348754448398,0.522720271102898,0.8153556288271315,0.0358744064601332,0.0596759969559399,0.2562131744677427,0.4262029153457921,5
0.3597733711048159,0.5064056939501779,0.6022027110289621,0.4578064422624007,0.1821912836591291,0.2166564994353489,0.231835789088753,0.2756922806569417,3
0.2691218130311615,0.2964412811387901,0.131469500924215,0.923185622667488,0.0797788150373514,0.0353813104470267,0.2736703287124618,0.1213707530725053,4
0.2674220963172805,0.2724199288256228,0.4537122612446111,0.4692561324685677,0.0728511084451524,0.1213326840268875,0.1278347222080742,0.2129072609652146,5
0.2087818696883853,0.2501779359430605,0.8779266789895317,0.5550563426211093,0.0522326172209732,0.1832951734887492,0.1388628501290533,0.4872987715294261,4
0.5101983002832862,0.583629893238434,0.6114448552064111,0.630421392079423,0.2977669795247648,0.311958125843271,0.3679327697545386,0.385467916799027,3
0.6504249291784703,0.5880782918149464,0.5196395563770793,0.7160766694445451,0.3825007813051323,0.3379865216548935,0.4211091445754841,0.3721017628421398,2
0.2223796033994334,0.2793594306049822,0.7485366605052413,0.7759339106489365,0.0621238393838274,0.1664592856930918,0.216764455465984,0.5808149782499271,5
0.5708215297450425,0.6128113879003557,0.6102125693160829,0.6005652378709372,0.3498059338864637,0.3483224722866592,0.3680332169443963,0.3664724568431491,3
0.4753541076487252,0.3163701067615658,0.4623382624768943,0.3111344613935287,0.150387829786376,0.2197743921915662,0.0984336427682729,0.1438493662773684,3
0.64985835694051,0.7923487544483986,0.5661583487369093,0.7369469908330013,0.5149144596896958,0.3679227342783201,0.583919030281024,0.4172286914366462,2
0.6390934844192635,0.6781138790035587,0.4885243376463357,0.6385376281749338,0.4333781617654472,0.3122127211700095,0.4330012279314363,0.3119411718664217,2
0.7872521246458924,0.754982206405694,0.4145871842267432,0.2882350809811949,0.5943613460627263,0.3263846416334616,0.2176123574027064,0.1194985706193608,2
0.6660056657223796,0.6386120996441281,0.4512476894639547,0.7092648284358127,0.4253192765618542,0.3005335178271268,0.4529451012911267,0.3200541150497087,2
0.4062322946175637,0.2934163701067616,0.6046672828096114,0.7307148809739483,0.119195205306826,0.2456353777759157,0.2144037079583702,0.4418393815870659,4
0.3946175637393768,0.8145907473309607,0.7004775107825019,0.5040400014493278,0.3214518161563819,0.2764207287592139,0.4105863214653064,0.3530686855500338,3
0.1178470254957507,0.1937722419928825,1.0,0.8055001992825825,0.0228354823425039,0.1178470254957507,0.1560835795406996,0.8055001992825825,5
0.3974504249291785,0.4868327402135231,0.9099661121380188,0.4551976520888438,0.1934918794673011,0.361666417940408,0.2216051203051737,0.4142144377256397,3
0.3691218130311615,0.34288256227758,0.6890788662969811,0.37983260263053,0.1265654330446704,0.254354040448999,0.130237976026518,0.2617346192032773,4
0.2957507082152975,0.4169039145907472,0.6323937153419621,0.8369506141526866,0.1232996279979433,0.1870308891832885,0.3489279873593851,0.5292823084417544,4
0.7243626062322946,0.795017793594306,0.4395409735058528,0.595637523098663,0.57588116096902,0.3183870451145795,0.4735424293958765,0.2618070967594012,1
0.1968838526912181,0.286832740213523,0.6647412199630338,0.6350592412768579,0.0564727349712176,0.1308768124289825,0.182155782373362,0.4221500547951771,4
0.3889518413597734,0.248220640569395,0.3936383240911922,0.5801297148447406,0.0965458752129686,0.1531063509850444,0.1440001694321019,0.2283612887069849,3
0.4787535410764873,0.249644128113879,0.529189772027113,0.4588209717743395,0.1195180103434718,0.2533514772594394,0.1145419614589676,0.2428033654545212,4
0.3186968838526913,0.2921708185053381,0.4740449784349962,0.3499764484220442,0.0931139294103414,0.1510766574332495,0.1022529053930599,0.1659045779449845,4
0.3090651558073655,0.2731316725978647,0.5886475662353661,0.5856371607666944,0.0844154829473853,0.1819304517741599,0.1599560572556718,0.3447338893823044,4
0.5104815864022663,0.249644128113879,0.5180991990141735,0.4057755715786802,0.1274387305555835,0.2644801010264987,0.1012994887766705,0.2102319986144326,3
0.7201133144475922,0.4234875444839856,0.2192698706099811,0.1396789738758649,0.304959019285635,0.1578991532834481,0.0591523056627328,0.0306273905286958,2
0.6362606232294618,0.7637010676156583,0.2623998767714113,0.5285336425232797,0.485912917242144,0.1669547091299121,0.4036417070658214,0.1386871626676537,2
0.2830028328611899,0.2722419928825622,0.6228434996919319,0.9570998949237292,0.0770452552095409,0.1762664748419943,0.2605627827817269,0.5961234481090757,3
0.1402266288951841,0.1937722419928825,0.9672674060382036,0.8695604913221493,0.0271720282681237,0.1356366475889265,0.1684966859519253,0.8410975208344812,5
0.684985835694051,0.6709964412811388,0.4802064078866301,0.4876625964708866,0.4596230580786951,0.3289345876118617,0.3272198667778849,0.2341787037119516,2
0.4104815864022664,0.253914590747331,0.2380622304374604,0.7891227943041415,0.1042272640206466,0.0977201620124306,0.2003697913651263,0.1878603325010851,3
0.4161473087818698,0.4275800711743772,0.6604282193468904,0.902315301279032,0.1779362959079774,0.2748354261248108,0.3858120407426181,0.5959144877131641,3
0.2487252124645892,0.3048042704626335,0.3905576093653735,0.6695532446827783,0.0758125069309326,0.0971415243690645,0.2040826882814233,0.2614991145861348,4
0.686685552407932,0.7158362989323844,0.4888324091189169,0.5198376752780898,0.4915544443660339,0.3356741528907237,0.3721186775166825,0.2541135031569658,2
0.5011331444759207,0.2745551601423487,0.2121842267406037,0.8447769846733577,0.1375886907342252,0.1063325487547104,0.2319378803115641,0.1792483512611752,3
0.5779036827195468,0.3496441281138789,0.471580406654347,0.343164607413312,0.2020606292782756,0.2725280537039286,0.119985489958569,0.161829705113349,3
0.4546742209631728,0.3494661921708185,0.8113832409118942,0.3234537483242145,0.1588932686782333,0.3689150429641898,0.1130361497702414,0.2624449506004013,4
0.7974504249291786,0.795017793594306,0.4078096118299434,0.3378020942787781,0.6339872773280374,0.3252079482439917,0.2685586756650499,0.1377589409431704,1
0.4892351274787536,0.34288256227758,0.7155730129390037,0.1767817674553424,0.1677501940661135,0.3500834542055692,0.0606153853890471,0.1265002619707016,3
0.6169971671388103,0.3927046263345195,0.2996765249537887,0.2573643972607702,0.2422976419707035,0.1848995669544906,0.1010681894580996,0.077126068217934,2
0.0444759206798866,0.2540925266903915,0.4339956869993848,0.7254973006268342,0.0113009990624338,0.0193023577503975,0.1843434422233308,0.3148626994017421,5
0.6963172804532579,0.731850533807829,0.4943776956253884,0.4230225732816406,0.5096001733993326,0.344243732534619,0.3095892960689301,0.2091329249764995,1
0.203399433427762,0.2434163701067615,0.7725662353666074,0.6495525200188412,0.0495107517667577,0.1571395345589869,0.1581117166166858,0.501822345063849,5
0.2577903682719547,0.2790035587188612,0.9136629698089962,0.62433421500779,0.0719244301513211,0.2355335134635089,0.17419146781712,0.5704310530373857,4
0.3192634560906516,0.2572953736654804,0.4731207640172528,0.7833254828073479,0.0821450102325768,0.1510501702683977,0.2015460228006094,0.3706075508999958,4
0.6271954674220963,0.588967971530249,0.6342421441774526,0.5405630638791259,0.3693980422005584,0.39779379807617,0.3183743312170652,0.34284787669783,2
0.3917847025495751,0.3265124555160142,0.850200246457181,0.6833218594876627,0.1279225852630729,0.3330954506658021,0.2231130982490855,0.58096041334599,3
0.4807365439093485,0.5131672597864769,0.4663431916204565,0.841878328924961,0.2466982549171817,0.2241882142152733,0.4320243951280405,0.3926042268669628,2
0.5337110481586402,0.448932384341637,0.5948089956870035,0.5421573245407441,0.2396001733993326,0.3174561325422987,0.2433919803943589,0.3224800537144328,3
0.0892351274787535,0.2617437722419928,0.4586414048059133,0.5249103228377838,0.023356738882784,0.0409269242248902,0.1373920079883238,0.2407456078634466,5
0.6147308781869689,0.5686832740213522,0.4817467652495395,0.3251929417732526,0.3495871684493865,0.296144612065581,0.1849317868162482,0.1566606477812462,2
0.118413597733711,0.1855871886120996,0.4512476894639547,0.8772419290554005,0.0219760466968435,0.0534338623784512,0.1628048633460467,0.395853393587152,5
0.6186968838526912,0.7240213523131672,0.6989371534195961,0.6818725316134642,0.447949754518968,0.4324302388295744,0.4936902724439832,0.4765860462409281,2
0.0951841359773371,0.2485765124555159,0.3933302526186075,0.9134751259103592,0.023660540562338,0.0374388002492498,0.2270684610136603,0.3592974020351359,5
0.6960339943342776,0.4295373665480426,0.4900646950092451,0.0873582376173048,0.2989726089542608,0.3411016871494944,0.0375236273324152,0.0428111880744696,3
0.1192634560906515,0.3254448398576511,0.5217960566851545,0.758976774520816,0.038813676368292,0.062231201094745,0.2470050748396035,0.3960310880605794,5
0.6059490084985836,0.6345195729537366,0.3917898952557017,0.6998441972535236,0.3844865061042614,0.2374046985699563,0.4440648411754564,0.2741918847372686,2
0.1915014164305949,0.2549822064056939,0.1231515711645094,0.9962317475270844,0.0488294536912886,0.0235837003136567,0.2540213690758562,0.1226875049519252,4
0.8189801699716714,0.8224199288256228,0.4025723967960601,0.2786695170114858,0.6735456130976984,0.3296988099539404,0.2291833643464568,0.1121846553773142,1
0.558356940509915,0.4501779359430604,0.512861983980283,0.6256386100945686,0.2513599749982357,0.2863600482790759,0.281648698138658,0.3208662588277671,3
0.5983002832861191,0.6565836298932383,0.4416974738139245,0.7608609007572738,0.3928341717661528,0.2642677237096342,0.4995688120630497,0.3360703377882749,2
0.1104815864022663,0.2838078291814947,0.1949322242760338,0.8452117830356172,0.0313555392013549,0.0215364213789385,0.239877721341959,0.1647590128514453,5
0.4762039660056658,0.3327402135231316,0.6422520024645735,0.4844740751476503,0.1584522093292873,0.3058429507487105,0.1612040072110508,0.3111544449057506,3
0.7385269121813032,0.7754448398576511,0.3317159581022793,0.6452045363962462,0.5726868831469962,0.2449811622585388,0.5003205284012172,0.2140246409626177,2
0.5810198300283287,0.6128113879003557,0.6132932840419016,0.4785318308634371,0.3560555684372888,0.3563355596515412,0.2932497554259212,0.2934803580688211,3
0.3609065155807366,0.3092526690391459,0.9703481207640224,0.564187108228559,0.1116113032169608,0.3502049591652592,0.1744763690571593,0.5474579002288703,4
0.4538243626062323,0.3480427046263346,0.8665280345040074,0.5712888148121309,0.1579502585867954,0.3932515329392124,0.1988329042299872,0.4950377738332796,3
0.2229461756373938,0.2597864768683274,0.8988755391250756,0.9872459147070548,0.0579184015001058,0.2004008638219361,0.256473137984395,0.8874112038313322,4
0.4985835694050992,0.4275800711743772,0.7371380160197205,0.7352077973839632,0.2131843980926073,0.3675249031713054,0.314360202333392,0.5419496171258433,2
0.323229461756374,0.3480427046263346,0.8295594577942111,0.8236167977100619,0.1124976560846027,0.2681380570377323,0.2866538178506906,0.6832391041385635,4
0.2954674220963173,0.3480427046263346,0.826478743068396,0.8268053190332982,0.1028352807153731,0.2441975436318235,0.2877635594357885,0.6833370208369045,4
0.4929178470254958,0.5895017793594305,0.4555606900801017,0.8714446175586072,0.2905759478995493,0.2245539945437328,0.5137181526639973,0.3969959113415894,3
0.7912181303116148,0.7999999999999997,0.3446549599507094,0.3124388564803071,0.6329745042492916,0.2726972530148248,0.2499510851842456,0.1076836015672656,1
0.608215297450425,0.6313167259786477,0.646873074553298,0.5266495162868219,0.3839764902765317,0.3934380994521051,0.3324826483604349,0.3406753918124636,2
0.1759206798866855,0.294661921708185,1.0,0.8824595094025145,0.0518371256036212,0.1759206798866855,0.2600272148702071,0.8824595094025145,4
0.5852691218130311,0.4135231316725979,0.1668977202711055,0.4647632160585527,0.2420223201233958,0.0976800821756668,0.1921903405907609,0.0775679212260397,2
0.7280453257790369,0.8613879003558716,0.1696703635243359,0.8655023732743938,0.6271294345367111,0.1235277150871227,0.745533272067854,0.1468501023046418,2
0.444759206798867,0.3476868327402135,0.3739217498459624,0.6340447117649188,0.1546369199439477,0.1663051408663346,0.2204489976492262,0.2370831081037173,3
0.6065155807365439,0.7330960854092526,0.1712107208872488,0.7859342729809051,0.4446341979776798,0.103841969807252,0.5761653389112685,0.1345603734470565,2
0.2810198300283287,0.2718861209964412,0.7322088724584113,0.9539113736004928,0.0764053915094815,0.2057652128834969,0.259355263142625,0.6984623712892711,4
0.5490084985835695,0.7535587188612097,0.2999845964263699,0.3640349288017681,0.4137101408365509,0.1646940928822393,0.274321694568592,0.1092048712017006,2
0.1039660056657224,0.2617437722419928,0.6998613678373395,0.4994021522518932,0.0272124545078785,0.072761790933797,0.1307154031961805,0.3495122733759213,5
0.6359773371104817,0.7309608540925266,0.4441620455945809,0.350121381209464,0.4648745375177684,0.2824769950027859,0.2559250238449249,0.1555106288843956,2
0.2977337110481587,0.2893238434163701,0.491913123844732,0.8365158157904271,0.0861414615950722,0.1464591198755845,0.2420239709030666,0.4114931080909934,3
0.8342776203966007,0.7754448398576511,0.2781115218730789,0.1206927787238667,0.6469362757452642,0.2320222186731494,0.0935905924695037,0.0335660523699853,2
0.8577903682719549,0.8451957295373665,0.2020178681454112,0.3395412877278162,0.7250007561017412,0.1732889815139675,0.2869788463891685,0.0685934070941211,1
0.6563739376770539,0.6220640569395018,0.576632778804683,0.377223812456973,0.4083066345407439,0.3784867276176913,0.2346573751511704,0.2175196152083609,2
0.7271954674220964,0.641459074733096,0.4709642637091846,0.2014203413167142,0.4664661316826792,0.3424830778871039,0.1292029057734439,0.0948617827442789,3
0.5447592067988669,0.351067615658363,0.5322704867529318,0.1370701837023079,0.1912473158388193,0.2899592481659739,0.048120902570223,0.0729584133985412,3
0.7348441926345609,0.801423487544484,0.2999845964263699,0.855791876517265,0.5889213956630004,0.2204419385637403,0.6858517102907049,0.2567243807019975,2
0.5943342776203966,0.8258007117437721,0.2722581638940227,0.8659371716366535,0.4908016694726441,0.1618123591642095,0.7150915326629375,0.2357584643973784,2
0.6348441926345609,0.7677935943060498,0.5026956253850905,0.6347693757020181,0.4874293044872118,0.3191333984385234,0.4873718605256597,0.3190957882938294,2
0.7152974504249292,0.6955516014234876,0.3637553912507734,0.3340338418058625,0.4975262871371972,0.2601933039400008,0.2323377735977075,0.1215066108170904,2
0.7773371104815865,0.8288256227758005,0.3163123844731963,0.4704155947679262,0.6442769147016422,0.245881354955935,0.389892498296975,0.1487982784744196,1
0.7096317280453258,0.7601423487544482,0.4953019100431319,0.2735968694517916,0.5394211285070518,0.3514819503280582,0.207972566956949,0.1355130520212938,2
0.7883852691218131,0.754982206405694,0.4028804682686413,0.2908438711547518,0.5952168499793333,0.3176250263998948,0.2195819475639879,0.1171753150038907,2
0.5130311614730879,0.6752669039145908,0.5578404189772037,0.7470922859523894,0.3464329640196386,0.2861895180645088,0.5044866948735441,0.4167582738103177,2
0.4728045325779037,0.4638790035587188,0.4284504004929168,0.8823145766150948,0.2193240954502837,0.2025732913378692,0.4092872066255431,0.3780280337114757,3
0.6203966005665723,0.6204626334519573,0.3957948243992604,0.8624587847385774,0.3849329085721775,0.2455497635791445,0.5351234488226725,0.3413567232572048,2
0.3563739376770539,0.3466192170818506,0.8206253850893432,0.8692706257473097,0.1235260552659966,0.2924494998420379,0.3013059037287828,0.7133455420007404,3
0.4954674220963174,0.5567615658362989,0.7282039433148491,0.5691148230008334,0.2758572177472201,0.3608013305545811,0.3168612599945921,0.4144316583081392,3
0.6470254957507082,0.4804270462633451,0.5498305606900828,0.5140403637812963,0.3108485477805893,0.3557543911093907,0.2469588936315835,0.2826351014352042,3
0.3311614730878187,0.3585409252669038,0.5673906346272375,0.8085437878183992,0.1187349409736573,0.1878979183793882,0.289896037803216,0.4587601728941919,4
0.2269121813031162,0.2829181494661921,0.3326401725200263,0.9497083227653176,0.0641975744256147,0.075480107135564,0.2686897212094047,0.3159111403283601,4
0.469971671388102,0.3327402135231316,0.6299291435613092,0.5756367984347257,0.1563784742875001,0.2960488524555841,0.1915375112229425,0.3626103954403608,3
0.7453257790368273,0.347508896797153,0.3779266789895246,0.2315663611000398,0.2590073392275664,0.2816784964366683,0.080471370681206,0.087515105816227,2
0.4345609065155807,0.3261565836298932,0.6203789279112755,0.4666473422950106,0.1417349006482312,0.2695924292962879,0.15220010292291,0.2894981779256246,3
0.8181303116147309,0.8596085409252668,0.2842729513247093,0.4263560273922967,0.7032718034538727,0.2325723182509236,0.3664992826213852,0.1212014862218868,1
0.7651558073654392,0.7179715302491102,0.5338108441158376,0.3353382368926408,0.5493600858931578,0.4084484674098803,0.2407633070928479,0.1790071872999773,2
0.5521246458923513,0.4192170818505338,0.431531115218732,0.4917207145186419,0.2314600828687508,0.2382589641816738,0.2061377230259644,0.2121927883123812,2
0.8150141643059491,0.795017793594306,0.4155113986444867,0.2463495054168627,0.6479507626546228,0.3386476753258324,0.1958522402495627,0.1023610275511381,1
0.5484419263456092,0.4793594306049821,0.3834719654959961,0.7297003514620095,0.2629008095329307,0.210312103456161,0.3497887449890842,0.2798196279982559,2
0.228328611898017,0.29288256227758,1.0,0.5421573245407441,0.0668734688939743,0.228328611898017,0.1587884263690506,0.5421573245407441,4
0.5770538243626062,0.6128113879003557,0.6117529266789923,0.6086814739664479,0.3536251550008568,0.3530143659051295,0.3730069388506131,0.3723626731142573,3
0.6396600566572238,0.6734875444839857,0.4829790511398677,0.7205695858545598,0.4308030808625608,0.30894240721638,0.48529464100703,0.3480200148562827,2
0.2526912181303117,0.3480427046263346,0.8683764633394944,0.786079205768325,0.0879473349933967,0.2194311063169488,0.2735891328261288,0.6826126806098167,4
0.2144475920679887,0.2686832740213523,0.6893869377695623,0.6465089314830246,0.0576184811428225,0.1478373688078069,0.1737061363949051,0.445694812515754,4
0.5229461756373938,0.576512455516014,0.6083641404805924,0.6463639986956049,0.3014849838194226,0.3181417006592559,0.3726368960451529,0.3932246785040504,3
0.6518413597733712,0.7316725978647688,0.2922828096118302,0.5659263016775968,0.4769344611010859,0.1905220240557567,0.4140727673484481,0.1654105294875602,1
0.4175637393767706,0.290035587188612,0.447858903265562,0.3531649697452805,0.1211083443388142,0.1870096383607474,0.1024304093745208,0.1581680760219367,4
0.5359773371104817,0.6140569395017793,0.6829174368453508,0.7147722743577667,0.3291206032683758,0.3660282692666866,0.4389108752328563,0.4881304495325279,2
0.2181303116147309,0.2466192170818505,0.5664664202094905,0.5978115149099603,0.053795126672245,0.1235634967595772,0.1474318077696094,0.3386401488110576,4
0.1932011331444759,0.3279359430604982,0.5904959950708601,0.7549186564730606,0.0633575957980905,0.114084495364965,0.2475649615444574,0.4457764432516167,5
0.1322946175637394,0.2653024911032029,0.4201324707332112,0.7385412514946195,0.0350980915992056,0.0555812645417591,0.1959368338039996,0.3102851607288324,5
0.3722379603399434,0.3231316725978648,0.7861213801601963,0.9215913620058698,0.1202818747290635,0.2926242191304527,0.297795358256701,0.7244826734437694,3
0.1118980169971671,0.3649466192170818,0.428758471965498,0.9366643718975328,0.0408368030002116,0.0479772227836746,0.341832495865096,0.4016027848393091,5
0.2586402266288952,0.2434163701067615,0.7670209488601358,0.7950650385883546,0.0629572651295958,0.1983824720422957,0.1935318456919695,0.6098315403035602,4
0.398300283286119,0.281138790035587,0.2753388786198414,0.6830319939128229,0.111977659713891,0.1096675533539651,0.1920267883242454,0.188065263265431,3
0.3005665722379604,0.2293594306049822,0.4882162661737546,0.7401355121562376,0.0689377778673898,0.1467414896346611,0.1697570596386815,0.3613461962075179,4
0.7736543909348443,0.595729537366548,0.1354744300677737,0.3144679155041848,0.4608887723932133,0.1048103876813286,0.1873378258199307,0.0426023616275302,2
0.7736543909348443,0.4638790035587188,0.2778034504004907,0.4275154896916554,0.3588820279656831,0.2149238592191898,0.1983154593640828,0.1187652781359973,2
0.4892351274787536,0.2800711743772242,0.1554990757855847,0.4580963078372404,0.1370206566995655,0.0760756101647888,0.1282995709138463,0.0712335524894795,3
0.8286118980169972,0.7439501779359431,0.3298675292667923,0.4982426899525345,0.6164459689695846,0.2733321595199341,0.3706677378454709,0.164354085109883,2
0.1107648725212464,0.2485765124555159,0.4019562538508943,0.9310119931881592,0.0275335457139112,0.044522633216912,0.2314277143209711,0.3742260930721667,5
0.7000000000000001,0.7064056939501778,0.5079328404189773,0.2988151744628428,0.4944839857651245,0.3555529882932842,0.2110847406792679,0.151778040325204,2
0.3407932011331445,0.3476868327402135,0.3286352433764641,0.4704155947679262,0.1184893087213815,0.1119966565954352,0.163557308216464,0.1545951434746415,3
0.3178470254957507,0.2519572953736655,0.6089802834257547,0.7525997318743434,0.0800838768864738,0.1935625716724353,0.1896229929420054,0.4583183980229846,4
0.6835694050991502,0.731850533807829,0.4903727664818262,0.4441827602449364,0.5002706340165132,0.3352038202608064,0.3250753901934917,0.2178151289648432,1
0.4201133144475921,0.5064056939501779,0.5612292051756036,0.5373745425558896,0.2127477745405421,0.2357798615511105,0.2721295281341746,0.3015902874002454,3
0.3490084985835694,0.2738434163701068,0.5895717806531131,0.5978115149099603,0.0955736795943262,0.2057655619729845,0.1637067475883325,0.3524527993404003,4
0.3354107648725213,0.2476868327402135,0.4946857670979696,0.7025979202145005,0.0830768300182472,0.1659229315138799,0.1740242535477908,0.3475651911227482,4
0.3594900849858357,0.340035587188612,0.9638786198398072,0.5186782129787311,0.1222394221366426,0.3465048069622423,0.1763690507121627,0.4999428400669168,4
0.5096317280453259,0.4596085409252668,0.3492760320394339,0.8814449798905757,0.2342310949361346,0.1780021477730713,0.4051196411134086,0.3078676050372589,2
0.6626062322946176,0.6832740213523131,0.3964109673444227,0.489836588282184,0.4527416249130482,0.2626643775123526,0.3346926154810652,0.1941765958016323,2
0.5339943342776204,0.4596085409252668,0.3665280345040038,0.8372404797275264,0.2454283568396963,0.1957238937790502,0.3848028752911388,0.3068721074417194,2
0.2906515580736544,0.3265124555160142,0.8816235366605056,0.7892677270915613,0.0949013539261843,0.2562452545647815,0.257705743632209,0.6958370049304611,4
0.6750708215297451,0.8071174377224198,0.4081176833025282,0.7657886155295481,0.5448614317542568,0.275508339747854,0.6180813452032081,0.3125318756693696,2
0.6096317280453257,0.8475088967971528,0.3825477510782527,0.8441972535236784,0.5166683132882359,0.2332132465496883,0.715464683013039,0.3229457608019206,2
0.7818696883852692,0.6884341637010675,0.3976432532347544,0.5252001884126237,0.538265805046727,0.3109052064951621,0.3615657524854876,0.2088423115199016,2
0.4189801699716715,0.4946619217081849,0.5418207024029584,0.6607123446501684,0.2072535360358089,0.2270121299869619,0.3268292381009728,0.3579876266646598,3
0.7286118980169972,0.8402135231316724,0.3763863216266188,0.8391246059639843,0.612189569828516,0.2742395521880066,0.7050438415234757,0.3158350238251699,1
0.5328611898016998,0.3215302491103202,0.4010320394331472,0.4762129062647195,0.1713309910981621,0.213694409680949,0.1531168543808448,0.1909766330037266,2
0.6858356940509915,0.8288256227758005,0.3840881084411585,0.477662234138918,0.5684381962436864,0.2634213344294744,0.3958986986866689,0.1834643839841947,2
0.309915014164306,0.3352313167259787,0.6370147874306866,0.7254973006268342,0.1038932182714506,0.1974204468694536,0.2432094153702768,0.4621525087403397,4
0.313314447592068,0.4035587188612098,0.4792821934688867,0.9995652016377404,0.1264407770709626,0.1501660356874189,0.4033832521911734,0.4790738023561062,4
0.6787535410764873,0.6690391459074733,0.7069470117067169,0.3899778977499184,0.4541126894034861,0.479842787549375,0.2609104796333973,0.2756937094459724,2
0.3691218130311615,0.286832740213523,0.6268484288354905,0.4675169390195296,0.1058762211043117,0.2313834285474912,0.1340991647152102,0.29306225867837,3
0.1586402266288952,0.2731316725978647,0.8058379544054262,0.7559331859849994,0.0433296704404544,0.1278383157130421,0.2064692954603156,0.6091596522613284,4
0.2,0.29288256227758,1.0,0.6249139461574695,0.058576512455516,0.2,0.1830263977535933,0.6249139461574695,4
0.2232294617563739,0.2686832740213523,0.6835335797905131,0.5905648755389687,0.0599780226427267,0.1525848331090437,0.1586749042818225,0.4036709234756901,4
0.4067988668555242,0.3845195729537366,0.5331947011706752,0.7918765172651183,0.1564221265613501,0.2169030002496005,0.3044920202508755,0.4222243629872498,3
0.6920679886685552,0.4352313167259786,0.5541435613062227,0.3538896336823797,0.3012096619721149,0.3835050199068277,0.1540238512432563,0.1961056619181084,3
0.3390934844192635,0.3177935943060498,0.443545902649415,0.5585347295191854,0.1077617372193602,0.1504035256292775,0.1774987592386592,0.2477357907656339,3
0.6937677053824364,0.7421708185053378,0.2879698089956868,0.4728794521540634,0.5148941457562529,0.1997841536063561,0.350957330059537,0.1361750055147906,1
0.4407932011331446,0.576512455516014,0.5880314232902037,0.8033262074712852,0.2541227707600334,0.2592002534389681,0.4631275644496376,0.4723810531456613,3
0.6172804532577905,0.4202846975088967,0.5698552064078868,0.2480886988659009,0.2594335285756051,0.3517604801027721,0.1042678837582309,0.141374636699692,2
0.1838526912181303,0.190747330960854,0.7306685150955055,0.7139026776332476,0.0350694101398283,0.1343353728886637,0.1361750303243489,0.5216262093889903,5
0.4830028328611899,0.299288256227758,0.1308533579790491,0.977100619587666,0.1445570756000928,0.06320254259328,0.2924347405954545,0.1278568971564555,3
0.5753541076487253,0.4275800711743772,0.7050985828712264,0.6038986919815934,0.2460099502989122,0.4056813659522552,0.258215045699603,0.4258081119140087,3
0.7535410764872522,0.8939501779359428,0.6644331484904527,0.3609913402659516,0.6736281794078209,0.50067766996731,0.3227082728640819,0.2398546127906945,2
0.7821529745042494,0.8177935943060496,0.1647412199630302,0.521287003152288,0.639639692316998,0.1288528352175429,0.4263051719729386,0.0858774568501799,2
0.4759206798866855,0.7535587188612097,0.2205021565003093,0.77289032211312,0.3586341778149666,0.1049415362381075,0.5824182409517904,0.1704239827641616,2
0.7297450424929179,0.7914590747330962,0.246380160197166,0.5392586687923475,0.5775633361225088,0.1797947004724928,0.4268011670441925,0.132862637204769,1
0.3121813031161474,0.2871886120996441,0.4993068391866941,0.7957897025254537,0.0896549151653846,0.1558742597121068,0.2285417401914736,0.3973432410253038,4
0.2218130311614731,0.2578291814946619,0.4925292667898944,0.7631798253559909,0.0571898722692125,0.1092494096024043,0.1967700297047741,0.3758883998114258,4
0.4906515580736544,0.5925266903914589,0.505468268638328,0.6333200478278198,0.2907241438407951,0.2480087935641881,0.3752590318979785,0.3201231880694712,3
0.3997167138810198,0.2704626334519573,0.7355976586568111,0.3240334794738939,0.1081084350710231,0.2940306788568727,0.08763894818511,0.2383582688274162,4
0.6467422096317281,0.8341637010676154,0.4453943314849056,0.7166564005942244,0.5394888752230499,0.2880553141019942,0.5978087555134739,0.3191946984470433,1
0.7311614730878188,0.68576512455516,0.498998767714113,0.1796804232037392,0.5014050386620024,0.3648486740708571,0.123218567798436,0.0896603097610161,2
0.2008498583569405,0.193594306049822,0.504544054220581,0.8433276567991592,0.0388833889488169,0.1013376018250402,0.1632634324906556,0.4254959549977905,4
0.2192634560906516,0.3314946619217082,0.7266635859519432,0.9582593572230876,0.0726846652485558,0.1593307692710493,0.3176578616559808,0.696332180791733,4
0.2481586402266289,0.2019572953736654,0.791974738139249,0.7149172071451864,0.0501174478037764,0.1965353741104765,0.1443827455711363,0.5661963679200522,4
0.5096317280453259,0.5674377224199288,0.4290665434380791,0.8368056813652669,0.2891842670349723,0.2186659239787831,0.4748351099419637,0.3590453212327417,3
0.6747875354107649,0.5603202846975089,0.4857516943930982,0.2686691546795173,0.3780971439516901,0.3277791886811217,0.1505407772394662,0.1305064971167369,2
0.648441926345609,0.588967971530249,0.5750924214417772,0.543171854052683,0.3819115260149405,0.3729140375864668,0.3199108250737332,0.312374016806177,2
0.3810198300283287,0.3704626334519573,0.5165588416512641,0.977100619587666,0.1411536096297118,0.196819162045595,0.3619792686799858,0.5047299642309372,3
0.5169971671388102,0.4889679715302492,0.2248151571164527,0.7385412514946195,0.2527950561027492,0.1162287993590725,0.3611230176347357,0.1660352674917445,2
0.5107648725212465,0.5610320284697509,0.5026956253850905,0.6834667922750823,0.2865554525016886,0.256759267016804,0.3834467608618033,0.3435757665726642,2
0.2742209631728046,0.34288256227758,0.7248151571164563,0.7953549041631944,0.0940255864829171,0.1987595105067223,0.2727133274595152,0.5764852898243898,4
0.6212464589235127,0.8375444839857652,0.341266173752313,0.8724591470705461,0.5203215448670774,0.2120104019940006,0.7307233461318613,0.2977407948759717,2
0.5895184135977338,0.4615658362989323,0.4758934072704903,0.7225986448784376,0.2721015595858578,0.2805479264957197,0.3335268478317912,0.3438799312002387,2
0.7852691218130312,0.836832740213523,0.0479821318545923,0.65056704953078,0.6571389110118657,0.0376788865441727,0.5444158067514694,0.0312155939508389,1
0.5526912181303116,0.4053380782918149,0.6055914972273584,0.5891155476647705,0.2240267962457028,0.3347051022919479,0.2387909639822681,0.3567633665502235,2
0.5237960339943343,0.588967971530249,0.5858749229821321,0.7386861842820391,0.3084990876372324,0.3068789610747768,0.4350625035540123,0.4327777113242047,2
0.4294617563739377,0.3480427046263346,0.8717652495378978,0.6247690133700496,0.1494710312219612,0.3743898352123097,0.2174462971800386,0.5446519148440875,3
0.2906515580736544,0.2813167259786476,0.5122458410351207,0.5820138410811984,0.0817651447178732,0.1488850518136073,0.1637302282472196,0.2981341695187195,4
0.160056657223796,0.29288256227758,1.0,0.6294068625674842,0.0468778038772897,0.160056657223796,0.1843422946238574,0.6294068625674842,5
0.4926345609065156,0.5131672597864769,0.4481669747381431,0.7721656581760208,0.2528039276965109,0.2207825408129266,0.39625013490741,0.3460591470214343,3
0.7600566572237961,0.7327402135231317,0.4164356130622302,0.177216565817602,0.5569240773038421,0.3165146600130209,0.1298537042770258,0.0737992892310361,2
0.3328611898016997,0.286832740213523,0.3579020332717206,0.812167107503895,0.0954754871815551,0.1191316966272724,0.2329561169566331,0.2906762591320561,3
0.441643059490085,0.3476868327402135,0.7266635859519432,0.6659299249972825,0.1535534765558053,0.3209259293198525,0.2315350664492331,0.4839070272912339,3
0.3475920679886686,0.2622775800711744,0.572011706715962,0.7485416138265879,0.0911656064440031,0.198826732051129,0.196325683057009,0.4281745660728671,4
0.71671388101983,0.7898576512455516,0.395178681454098,0.7899923910286604,0.5661019426774067,0.2832300464812657,0.623981534479755,0.3121881514454762,1
0.5413597733711049,0.7946619217081848,0.4102741836105998,0.933620783361716,0.4301979978425896,0.2221059390594493,0.7419128858529221,0.3830405046956167,2
0.4070821529745043,0.3476868327402135,0.7513093037584717,0.6275227363310263,0.1415371044327724,0.3058446089237744,0.2181813926674066,0.4714636701254744,3
0.3898016997167139,0.3437722419928825,0.7731823783117697,0.8530381535562881,0.134003004244251,0.3013878052569391,0.2932508385535139,0.6595540683573314,3
0.2424929178470255,0.2434163701067615,0.832948243992611,0.7357875285336426,0.05902674583892,0.2019840501013244,0.1791027293654845,0.6128729298437607,4
0.5039660056657225,0.6023131672597865,0.6388632162661736,0.7989782238486902,0.3035453610637847,0.3219653432684201,0.4812351045779032,0.5104377978146091,2
0.209915014164306,0.2768683274021353,0.7676370918053017,0.7865140041305845,0.0581188188682669,0.1611385509993565,0.217760816801991,0.6037573227949449,4
0.7351274787535412,0.8475088967971528,0.3357208872458415,0.586941555853473,0.6230270785236861,0.2467976494059373,0.4974381904857813,0.1970485398925825,2
0.7611898016997167,0.8071174377224198,0.3856284658040678,0.5821587738686183,0.6143695623683122,0.2935364554151644,0.4698704979124647,0.2244969948213324,2
0.5422096317280454,0.4053380782918149,0.5048521256931622,0.5298380376100582,0.2197782101559585,0.2737356851492103,0.2147635319707673,0.2674898595605315,3
0.2053824362606233,0.2480427046263345,0.7029420825631583,0.7691220696402044,0.0509436149728307,0.1443719574669376,0.1907751183413602,0.5406482693781717,5
0.2096317280453258,0.2555160142348753,0.6970887245841055,0.6272328707561867,0.0535642636073109,0.1461319139354782,0.1602680431327195,0.4372369618926573,4
0.3354107648725213,0.3092526690391459,0.9139710412815774,0.584332765679916,0.1037266742612886,0.3065557260275886,0.1807064673935398,0.5340632263034167,4
0.8492917847025496,0.904626334519573,0.3381854590264943,0.3643247943766077,0.7682917141330537,0.2872181320570623,0.3295778033115077,0.1232093478209862,1
0.3543909348441927,0.3423487544483986,0.5217960566851545,0.5357802818942714,0.1213252951317129,0.1849197923266652,0.1834237121645157,0.2795680383420913,4
0.693201133144476,0.8873665480427045,0.4475508317929808,0.5389688032175077,0.6151234966177048,0.310242743738647,0.4782628864138275,0.2412159361904629,2
0.1665722379603399,0.3142348754448398,0.5421287738755396,0.7836153483821877,0.0523428064480356,0.0903036031271436,0.2462392713955415,0.4248204280084892,5
0.3577903682719547,0.2622775800711744,0.5729359211337055,0.7046269792383781,0.0938403919631425,0.2049909542186601,0.1848078589675034,0.4037061074056006,4
0.2090651558073654,0.2784697508896796,0.7771873074553319,0.9828979310844596,0.0582183218573891,0.1624827855246557,0.2737073420190709,0.7638957965629475,4
0.3269121813031162,0.2852313167259787,0.6856900800985848,0.604478423131273,0.0932455919268497,0.2241604397829368,0.1724161765621762,0.4144848583747488,4
0.6014164305949009,0.8693950177935942,0.3884011090573018,0.8662270372114933,0.5228684483784137,0.2335908086483432,0.7530934704297786,0.3364435419483646,2
0.0855524079320113,0.2327402135231315,0.5680067775723998,0.6054929526432116,0.0199114856895143,0.0485943475430211,0.1409225590849324,0.3439241008736682,5
0.4385269121813032,0.3113879003558718,0.5381238447319809,0.5962172542483422,0.1365519744336797,0.2359817880014466,0.1856548389563342,0.3208387211516629,3
0.1960339943342776,0.1925266903914591,0.5159426987061018,0.6750606906047318,0.0377417761333965,0.1011423080749638,0.1299672005755017,0.3482926345010101,4
0.6912181303116148,0.7999999999999997,0.3107670979667283,0.6830319939128229,0.5529745042492916,0.2148078524189283,0.5464255951302581,0.212263870566716,1
0.6206798866855524,0.591814946619217,0.6080560690080112,0.5498387622739953,0.3673276340064318,0.3774081720103548,0.3254027977443608,0.334332796376556,2
0.7779036827195468,0.6998220640569394,0.3061460258780037,0.3569332222181962,0.5443941608782877,0.2381521209804527,0.2497897443032322,0.1092736874859311,2
0.243342776203966,0.2681494661921708,0.8794670363524375,0.636653501938476,0.0652522355408143,0.2140119502058764,0.1707182966941785,0.5599157685332323,5
0.2940509915014164,0.2738434163701068,0.5612292051756036,0.8379651436646256,0.0805239280997651,0.1650300042414381,0.2294712377401884,0.4702905115437583,4
0.5266288951841359,0.5256227758007117,0.6089802834257547,0.4796912931627958,0.2768081417035475,0.3207066138494271,0.2521366690396617,0.2921225396671462,3
0.9203966005665722,0.8774021352313167,0.5874152803450414,0.0,0.8075579425967558,0.5406550271504361,0.0,0.0,1
0.7294617563739377,0.7601423487544482,0.4278342575477509,0.4060654371535199,0.5544947728166301,0.312088728947722,0.3086675351458783,0.173728704820379,1
0.8240793201133145,0.8085409252669037,0.3563616759088113,0.5263596507119823,0.6663018559777403,0.2936702875973745,0.4255833190098304,0.1875744072584985,2
0.3694050991501417,0.5912811387900355,0.5276494146642037,0.850574296170151,0.2184222677003417,0.1949163843405444,0.5029285384650198,0.4488050295025972,3
0.4138810198300284,0.2704626334519573,0.7223505853357999,0.282002971122142,0.1119393505590112,0.2989671969335988,0.0762712662109708,0.2037050112565139,4
0.4147308781869689,0.6752669039145908,0.5867991373998791,0.7653538171672887,0.2800540360710938,0.2433637215732076,0.5168181025177688,0.4491089597194698,3
0.2359773371104816,0.2964412811387901,0.193391866913128,0.9470995325917606,0.0699534241327513,0.0456360977729846,0.2807593988074508,0.1831613467604715,4
0.2186968838526912,0.2861209964412811,0.6499537892791132,0.7091198956483931,0.0625737703265351,0.1421428683635907,0.2028940911392555,0.4608951632298824,5
0.4305949008498584,0.4233096085409252,0.7676370918053017,0.7660784811043877,0.182274958918472,0.3305406174345775,0.3242883819479249,0.588070257329595,3
0.6269121813031162,0.6533807829181494,0.787353666050528,0.4465016848436537,0.4096123718407549,0.4936016042407418,0.2917356204174192,0.3515547384593882,2
0.4005665722379604,0.4250889679715302,0.6816851509550226,0.8311533026558935,0.1702764307965279,0.27306028426357,0.3533140996521226,0.5665848645877484,3
0.2645892351274788,0.2829181494661921,0.7935150955021584,0.7343382006594441,0.0748570967709414,0.2099555521810243,0.2077576048129031,0.5827084474271619,4
0.6728045325779037,0.7999999999999997,0.3745378927911318,0.861879053588898,0.5382436260623228,0.2519907918920505,0.6895032428711182,0.3228063645720008,1
0.718130311614731,0.7309608540925266,0.4401571164510187,0.6117250625022645,0.5249251459276361,0.3160901671964115,0.4471470741564595,0.2692551395718159,1
0.7053824362606234,0.93576512455516,0.4688077634011094,0.671582303706656,0.6600722833264444,0.3306887622857684,0.6284432980771002,0.3148429977404819,1
0.7861189801699717,0.8693950177935942,0.3246303142329054,0.3811369977173086,0.6834479247527547,0.255198051557029,0.3313586069122365,0.123728623334756,1
0.8322946175637395,0.8110320284697509,0.3197011706715962,0.3006993006993006,0.6750175919671751,0.266085563578796,0.2438767638055893,0.0961339184536967,2
0.1430594900849858,0.2813167259786476,0.7149568699938413,0.6953512808435087,0.040245027370883,0.1022813652540764,0.1956139457319549,0.4971461752980835,5
0.2988668555240794,0.291459074733096,0.7291281577325961,0.5518678212978729,0.087107457179438,0.2179122397756059,0.1608468845704476,0.4023823678548196,4
0.8784702549575072,0.7642348754448399,0.4167436845348149,0.1548969165549475,0.6713576058794473,0.3660969308052298,0.11837762573016,0.0645523117281905,2
0.6654390934844193,0.8117437722419928,0.317544670363528,0.9266640095655638,0.5401660399423346,0.2113066375875148,0.7522137387256409,0.2942572174552421,2
0.1954674220963173,0.29288256227758,1.0,0.6285372658429653,0.0572489994253626,0.1954674220963173,0.1840876049070321,0.6285372658429653,4
0.326628895184136,0.2747330960854092,0.913354898336415,0.4882423276205658,0.0897357676448942,0.2983281013546421,0.1341363263071447,0.4459385215074165,4
0.3509915014164306,0.3142348754448398,0.4703481207640188,0.3754846190079349,0.1102937707297893,0.1650881930953595,0.1179903624854115,0.1766084849261757,4
0.6212464589235127,0.711387900355872,0.51717498459643,0.4599804340736982,0.4419472140171182,0.3212931278243544,0.3272245152004707,0.237890373906724,2
0.4274787535410765,0.3473309608540925,0.6539587184226754,0.5949128591615638,0.1484766062121319,0.2795534578186451,0.2066316549970413,0.3890484509504658,4
0.7572237960339944,0.8288256227758005,0.3230899568699925,0.504764665386427,0.6276064843285312,0.2446514036015552,0.4183618881441239,0.1630843939691968,1
0.8028328611898017,0.7921708185053379,0.3169285274183622,0.6160730461248596,0.6359807647717075,0.2544406364599542,0.4880350892078068,0.1952511232904965,1
0.3546742209631728,0.3113879003558718,0.4284504004929168,0.832312764955252,0.1104412609760769,0.1519603120161846,0.2591721243188061,0.3566047374804446,4
0.6730878186968839,0.6062277580071175,0.3686845348120791,0.4351969274249065,0.4080445192705131,0.2481570693239377,0.2638284576043873,0.1604503767392978,2
0.8141643059490086,0.795017793594306,0.418900184842883,0.2638863726946627,0.6472751101388203,0.3410535782545172,0.2097943617793154,0.1105420502993121,1
0.7430594900849858,0.8713523131672597,0.5119377695625396,0.2534512120004346,0.6474666055064369,0.3804002180063856,0.2208452998516242,0.1297512481644248,1
0.6963172804532579,0.4234875444839856,0.270101663585951,0.3625856009275697,0.2948816952809169,0.1880764558340701,0.1535504858020668,0.0979349740028483,2
0.3821529745042494,0.291814946619217,0.7904343807763432,0.5854922279792747,0.1115179498553325,0.302066849764104,0.1708553832537384,0.4627931866721596,4
0.1195467422096317,0.2807829181494662,0.958949476278498,0.8159353599768107,0.0335666831328823,0.1146392858327269,0.229100711395624,0.7824407861268703,4
0.3308781869688386,0.34288256227758,0.6841497227356754,0.56317257871662,0.1134523605496355,0.2263702198740139,0.1931020567948267,0.3852943635813109,4
0.7325779036827197,0.6010676156583629,0.6037430683918679,0.4353418602123264,0.4403288538505741,0.4422888314054874,0.2616698939140993,0.2628346304840135,1
0.6339943342776205,0.7138790035587189,0.674291435613064,0.4257762962426173,0.4525952436159811,0.4274969498306055,0.3039527581006015,0.2870973100434477,2
0.6410764872521247,0.6010676156583629,0.6108287122612452,0.5892604804521901,0.3853303156472735,0.3915879251691779,0.3541853919870992,0.359937220461054,2
0.7946175637393769,0.7016014234875446,0.6302372150338904,0.1976520888437986,0.5575048138477515,0.5007975603881197,0.1386729868880957,0.1245677020185467,2
0.8042492917847026,0.7870106761565837,0.3693006777572414,0.5240407261132648,0.6329527789259324,0.2970098085418721,0.4124256461919876,0.1935285953260256,1
0.175070821529745,0.2850533807829182,0.7713339494762828,0.6899887677089749,0.0499045295534967,0.1350380682085956,0.1966836309376829,0.532211761291237,5
0.230028328611898,0.2893238434163701,0.5190234134319169,0.9399978260081888,0.0665526801286381,0.1193900883021859,0.2719637838237215,0.4878808802733513,3
0.2611898016997167,0.3017793594306049,0.6268484288354905,0.8608645240769592,0.0788216910467472,0.1637264168233207,0.2597911446324773,0.5396315743578542,4
0.581586402266289,0.6827402135231316,0.5378157732593962,0.7540490597485416,0.397072424465436,0.3127863406519945,0.514819616059636,0.4055394781441825,2
0.6662889518413597,0.4135231316725979,0.173367221195317,0.5404181310917062,0.2755258939642918,0.1155126640938769,0.2234753979816949,0.0936907896709356,2
0.4832861189801701,0.4754448398576512,0.2568545902649433,0.985941519620276,0.2297758914439527,0.1241342580713862,0.4687608079048713,0.2532436050472615,2
0.6844192634560907,0.7825622775800712,0.3856284658040678,0.8253559911591,0.5356006976298732,0.2639315505333223,0.6458924642558224,0.3182807646128794,2
0.418413597733711,0.3314946619217082,0.7670209488601358,0.6975252726548065,0.1387018741241821,0.3209319947496942,0.2312259044405523,0.5350164964856146,3
0.3552407932011332,0.3704626334519573,0.6074399260628489,0.8202833435994059,0.1316034397588539,0.2157874411566041,0.3038843276466126,0.4982728535866096,3
0.6586402266288952,0.658896797153025,0.3443468884781282,0.7449182941410921,0.4339759358019215,0.2268007126661892,0.4908242781502605,0.2565102967579201,2
0.3410764872521247,0.4192170818505338,0.4549445471349358,0.696800608717707,0.1429850896736665,0.1551708880312926,0.2921107178183127,0.3170056373764248,3
0.4045325779036828,0.3352313167259787,0.692467652495381,0.5228812638139062,0.1356119887492061,0.2801257245788681,0.1752861745596796,0.3620783612870336,3
0.694900849858357,0.6023131672597865,0.5070086260012339,0.4031667814051233,0.4185479318097043,0.3523207250937752,0.2428326610420537,0.2044090358895513,2
0.6005665722379604,0.5948398576512456,0.3942544670363546,0.7689771368527845,0.3572409343401249,0.2367760538575274,0.4574182506225727,0.3031726712530364,2
0.6963172804532579,0.8165480427046262,0.0889556377079472,0.8399942026885032,0.568576512455516,0.061941347729783,0.6858956220885304,0.0747222199711344,1
0.8359773371104817,0.8172597864768684,0.3529728897104149,0.2740316678140512,0.6832106600264133,0.2950773364123044,0.2239550623256116,0.0967257496604901,1
0.4201133144475921,0.3649466192170818,0.3729975354282189,0.9811587376354216,0.1533189337957315,0.1567012308895322,0.3580705642153469,0.3659697910018747,3
0.3288951841359774,0.2823843416370106,0.0,0.9366643718975328,0.0928748500398213,0.0,0.2644993519931288,0.0,4
0.5169971671388102,0.3476868327402135,0.3659118915588415,0.5637523098662995,0.1797531075781556,0.1891754113583245,0.1960092550673931,0.2062836740738438,2
0.3679886685552408,0.344306049822064,0.5470579174368453,0.1528678575310699,0.1267007248495357,0.2013111146601875,0.0526333281712847,0.0836275717839794,4
0.3053824362606233,0.2807829181494662,0.88963339494763,0.8027464763216059,0.0857461716048511,0.2716784135279165,0.2253974981557819,0.7141500730122375,4
0.7050991501416431,0.7330960854092526,0.2587030191004302,0.5914344722634877,0.5169054267942295,0.1824112789067906,0.43357829639245,0.1530058835746339,1
0.5090651558073654,0.4441281138790035,0.3606746765249546,0.9455052719301424,0.2260901474902462,0.1836069104009471,0.4199254730849885,0.3410198081060434,2
0.3784702549575071,0.4233096085409252,0.7701016635859546,0.8778216602050799,0.1602100954704464,0.2914605729605766,0.3715903433501574,0.6760119208557166,3
0.5637393767705383,0.642170818505338,0.4330714725816413,0.8762273995434617,0.3620169770044257,0.2441394420502737,0.5626876663616286,0.3794690902366691,2
0.4895184135977338,0.249644128113879,0.5067005545286527,0.4054857060038407,0.1222053975582954,0.248039251621958,0.1012271255379694,0.2054598320855883,4
0.5084985835694051,0.4596085409252668,0.3532809611829961,0.8898510815609262,0.2337102920568991,0.1796428683635915,0.4089831572369878,0.3143674454035727,2
0.3645892351274788,0.2823843416370106,0.0467498459642641,0.7615855646943728,0.1029542911294143,0.0170444905824385,0.2150598382864714,0.035604007838069,4
0.5521246458923513,0.7384341637010675,0.4968422674060377,0.3517156418710822,0.4077077011482665,0.2743188609559115,0.2597188458656567,0.1747471969893984,3
0.4226628895184137,0.2540925266903915,0.3705329636475696,0.6340447117649188,0.1073954815359955,0.1566105330771031,0.1611060228470292,0.2349344661353244,3
0.2960339943342777,0.2871886120996441,0.5532193468884792,0.8441972535236784,0.0850175919671751,0.1637717330023968,0.2424438375777965,0.4670262532394172,4
0.3671388101983003,0.4039145907473309,0.431531115218732,0.5601289901808035,0.1482927222687084,0.1584318202049509,0.2262442718345949,0.2417130877990643,3
0.4660056657223797,0.6012455516014233,0.4660351201478754,0.794920105800935,0.2801838335366406,0.2171750064145199,0.4779421774913449,0.3704606870149005,3
0.7164305949008499,0.9676156583629892,0.2623998767714113,0.7954998369506141,0.6932294617563739,0.1879912998172519,0.7697380984586191,0.2087390591875189,1
0.3657223796033995,0.2752669039145907,0.392406038200864,0.7220189137287583,0.1006712671257044,0.1435116700615624,0.1987479109498912,0.2833245814423934,4
0.6937677053824364,0.4638790035587188,0.4663431916204565,0.4704155947679262,0.3218242718740234,0.3235338459712459,0.2182159173594276,0.21937510985211,2
0.4155807365439094,0.4192170818505338,0.459873690696245,0.4782419652885973,0.1742185436472332,0.1911146470967115,0.20048720110675,0.2199308976230927,3
0.4583569405099151,0.3279359430604982,0.592036352433766,0.644479872459147,0.1503117155444437,0.2713639711721908,0.2113481147583999,0.3815555129076921,3
0.524929178470255,0.6128113879003557,0.5627695625385094,0.7108590890974309,0.3216825784077505,0.2954141641314045,0.4356225449913792,0.4000498585978844,3
0.6719546742209632,0.6690391459074733,0.7054066543438076,0.4136019420993514,0.4495639813293277,0.4740012986128928,0.2767158900878222,0.2917575622064047,2
0.8436260623229462,0.5967971530249109,0.1995532963647583,0.2382332693213521,0.5034736322119503,0.1683483616357649,0.1421769368867997,0.047540234196829,2
0.8212464589235129,0.7790035587188612,0.3317159581022793,0.4727345193666437,0.6397539140866796,0.2724205559599172,0.3682618729158658,0.1568135840197267,1
0.253257790368272,0.3494661921708185,0.8246303142329019,0.843617522373999,0.0885050356375954,0.2088440512533185,0.2948158031926217,0.695672582567653,5
0.4954674220963174,0.3476868327402135,0.3689926062846602,0.5708540164498712,0.172267498714627,0.182823815408462,0.1984784249364854,0.2106409113379042,3
0.0821529745042493,0.2501779359430605,0.9084257547751128,0.7718757926011812,0.0205528615930559,0.0746298778710432,0.1931062925973773,0.7011918494863665,5
0.6031161473087819,0.7240213523131672,0.719886013555147,0.7168013333816443,0.4366689685764117,0.4341748789968578,0.5189794707348595,0.5160152543991259,2
0.873087818696884,0.8633451957295372,0.2688693776956263,0.3101199318815898,0.753776173721936,0.234746578486663,0.2677405532899419,0.083381753096013,2
0.7031161473087819,0.8683274021352311,0.3945625385089357,0.7550635892604804,0.610535017591967,0.2774232919487757,0.6556424049094561,0.2979198065142835,2
0.6385269121813032,0.5895017793594305,0.4349199014171283,0.5721584115366498,0.376412750899761,0.2777080616980757,0.3372884016763203,0.2488430799405004,2
0.3767705382436261,0.5457295373665481,0.7195779420825659,0.8520236240443495,0.2056148115290393,0.2711157685466892,0.4649744581750925,0.6130974059955628,3
0.7730878186968839,0.43932384341637,0.2759550215650037,0.2951918547773469,0.3396359118082928,0.2133374656801402,0.1296848201859909,0.0814596746508962,2
0.5504249291784702,0.4441281138790035,0.3582101047443018,0.7778180368853944,0.244459185628018,0.1971677715348947,0.3454508576629794,0.2786222804647243,2
0.1232294617563739,0.2512455516014233,0.244531731361679,0.4133120765245116,0.0309608540925266,0.0301335136380539,0.1038428206499306,0.1010679176652295,5
0.1572237960339944,0.2784697508896796,0.8622150338878676,0.9669553244682778,0.0437820713155162,0.1355607206254296,0.2692678083261307,0.8337234178544701,4
0.2444759206798867,0.2434163701067615,0.8341805298829357,0.7807166926337912,0.0595094411904065,0.2039370530563664,0.1900392234026736,0.6512586643497089,5
0.7067988668555242,0.4101423487544483,0.4195163277880489,0.2350447479981158,0.2898881473491073,0.2965136651079836,0.0964018050063446,0.0986051095460369,2
0.4243626062322946,0.3423487544483986,0.534735058533581,0.2451900431175041,0.1452800096781022,0.226921563083089,0.0839405058644266,0.1311117120582898,3
0.2535410764872521,0.2681494661921708,0.8954867529266828,0.7027428530019204,0.067986904317845,0.2270426753171051,0.1884401209028281,0.6292969155771229,5
0.1206798866855524,0.241103202846975,0.6881546518792376,0.7569477154969382,0.0290963071990967,0.0830464254109221,0.1825025185940126,0.5208970916485797,5
0.7229461756373938,0.8508896797153026,0.4728126925446716,0.7394108482191384,0.6151474398395049,0.3418181278679892,0.6291570598192029,0.3496028340432303,1
0.7178470254957507,0.6023131672597865,0.5107054836722149,0.2978006449509039,0.4323687155343623,0.3666084123584682,0.179369249672386,0.1520884224175489,2
0.5818696883852692,0.4638790035587188,0.4444701170671621,0.6691184463205189,0.2699171312491809,0.2586236885144337,0.3103899981419203,0.2974031541678786,2
0.5668555240793202,0.7101423487544484,0.5221041281577357,0.6036088264067538,0.4025481132741222,0.2959576091908298,0.4286481897134083,0.3151466600594122,2
0.546742209631728,0.793238434163701,0.2297443006777584,0.7695568680024638,0.4336969342594739,0.1256109066028537,0.6104420849741963,0.176801304470992,2
0.5138810198300283,0.448932384341637,0.5914202094886036,0.6096960034783869,0.2306978315002066,0.3039196204000926,0.2737122805651192,0.360586538101552,3
0.1597733711048158,0.2535587188612099,0.6459488601355545,0.7039023153012791,0.0405119312854737,0.1032054269451707,0.1784805692712317,0.4546848982156389,4
0.3838526912181303,0.290035587188612,0.4774337646333961,0.4515743324033479,0.1113309406913793,0.1832642354329325,0.1309726266579104,0.2155968335311429,4
0.3920679886685553,0.3227758007117437,0.7540819470117093,0.687235044747998,0.1265500589759358,0.2956513922561489,0.221822841845706,0.5182315405982495,3
0.6657223796033994,0.8713523131672597,0.558456561922366,0.7060763071125764,0.5800787353946346,0.3717770313080907,0.6152412234751399,0.3943129469249301,2
0.6818696883852692,0.6781138790035587,0.4632624768946414,0.503025471937389,0.4623852993658827,0.3158846407607371,0.3411085540130586,0.2330328260708107,2
0.6456090651558074,0.686476868327402,0.4916050523721509,0.7118736186093699,0.4431956892119402,0.3173846782878561,0.4886847723478556,0.3499606675588119,2
0.588385269121813,0.2879003558718861,0.5020794824399282,0.5821587738686183,0.1693963283699454,0.2954161713959577,0.167603718170716,0.292289975881819,3
0.506515580736544,0.6010676156583629,0.5877233518176226,0.5676654951266349,0.3044501124071255,0.2976910348583312,0.3412053456472904,0.3336302675070361,2
0.6810198300283287,0.8846975088967971,0.2873536660505245,0.385050182977644,0.6024965471353826,0.1956935448117453,0.3406529376805775,0.1106455816920512,2
0.2337110481586403,0.2218861209964412,0.2642483056069018,0.9898547048806114,0.0518572379099331,0.0617577484775337,0.2196350208160359,0.2615674285617214,4
0.4753541076487252,0.2523131672597865,0.3588262476894641,0.5427370556904235,0.1199381004707993,0.1705695307713656,0.1369397055105018,0.1947483011754223,3
0.4662889518413598,0.4412811387900355,0.4361521873074565,0.9384035653465704,0.2057645196737672,0.2033729462629103,0.4140997939607641,0.4092867676030223,3
0.1994334277620397,0.2681494661921708,0.8862446087492337,0.7139026776332476,0.0534779671952658,0.1767468001584874,0.1914326219205167,0.6326923992241078,5
0.7997167138810198,0.7601423487544482,0.4352279728897095,0.2876553498315155,0.6078985412277075,0.348059084268456,0.2186590132527106,0.1251956547980507,1
0.6869688385269122,0.4209964412811388,0.3289433148490488,0.6220152904090728,0.2892114362908672,0.2259738069430434,0.2618662236846737,0.2046077715139541,2
0.3679886685552408,0.237900355871886,0.1930837954405397,0.7183955940432625,0.0875446352061132,0.0710526488037566,0.170906567479687,0.1387105479256342,4
0.626628895184136,0.6955516014234876,0.5680067775723998,0.3412804811768541,0.4358527315435565,0.3559294594872941,0.2373781852171393,0.1938496263616229,2
0.6206798866855524,0.7316725978647688,0.2063308687615546,0.6172325084242183,0.4541344651336284,0.1280654202426533,0.4516121129253356,0.1273541196910425,2
0.2728045325779037,0.2702846975088967,0.8150800985828752,0.8299938403565348,0.0737348905668746,0.2223575453074529,0.2243346340750135,0.6765114612209836,4
0.523229461756374,0.6850533807829181,0.589263709180532,0.630421392079423,0.3584401117014305,0.3083201333870942,0.4318723059618823,0.3714844478434752,2
0.7390934844192635,0.6720640569395017,0.4586414048059133,0.56346244429146,0.4967181655963625,0.3389788739769484,0.3786828562435665,0.2584272070052089,2
0.6495750708215298,0.6055160142348753,0.5643099199014188,0.6301315265045835,0.3933281078301895,0.3665616561852559,0.3815547303727931,0.3555894712491602,2
0.3679886685552408,0.5843416370106761,0.6585797905113999,0.7818761549331497,0.2150311009849485,0.2423499002476794,0.4568827923132497,0.5149278343217326,3
0.1815864022662889,0.2788256227758007,0.76548059149723,0.7508605384253053,0.050630941699515,0.1390008666146527,0.2093591572442087,0.5747691690857313,5
0.7294617563739377,0.7396797153024911,0.6129852125693169,0.3540345664697996,0.5395680642787294,0.4471492697920655,0.2618721873336222,0.217017953984376,2
0.8572237960339945,0.8110320284697509,0.3079944547134943,0.2715678104279139,0.6952359541499905,0.2640201756269217,0.2202501921584397,0.0836413796904829,1
0.2186968838526912,0.3322064056939502,0.3683764633394979,0.8526033551940286,0.0726525057211698,0.0805627846170233,0.2832402961116106,0.314079008617766,4
0.3342776203966006,0.302135231316726,0.6474892174984603,0.8760824667560418,0.1009970461625316,0.2164411548578422,0.2646953787458646,0.5672539508639904,3
0.5776203966005666,0.4596085409252668,0.3785428219346904,0.7505706728504655,0.2654792676902603,0.2186540549362135,0.3449686918100982,0.2841231405622345,2
0.5538243626062324,0.6081850533807828,0.341266173752313,0.8907206782854451,0.3368276995352494,0.1890015211574424,0.5417230032704005,0.3039728377605388,2
0.6073654390934845,0.6850533807829181,0.644100431300064,0.4127323453748324,0.4160777474216931,0.3912043412768661,0.2827436885574919,0.2658410816674165,2
0.6144475920679887,0.6023131672597865,0.6585797905113999,0.4614297619478966,0.3700898752936195,0.4046627664643701,0.2779252213867669,0.3038883159593709,2
0.188385269121813,0.2544483985765123,0.5615372766481848,0.7857893401934852,0.0479343300434506,0.1057853509832982,0.1999428392307265,0.4412500061114237,5
0.1807365439093484,0.2727758007117437,0.7069470117067169,0.7836153483821877,0.0493005554827457,0.1277711596229137,0.2137513041049632,0.5539745288663055,4
0.8175637393767706,0.8172597864768684,0.3526648182378338,0.3031631580854378,0.6681619670742897,0.2883259675451525,0.247763057844558,0.1069149800426086,1
0.8688385269121813,0.6526690391459075,0.4152033271719055,0.0998224573354105,0.567064006532719,0.3607446471490748,0.0651510273142857,0.041446616412138,2
0.203399433427762,0.2010676156583629,0.9611059765865662,0.5915794050509076,0.040897039105582,0.1954884111017434,0.1189474604461788,0.5685705018199523,5
0.3388101983002833,0.3998220640569394,0.3233980283425772,0.8623138519511575,0.1354637928079602,0.1095705501126692,0.3447721041520018,0.2788705995334973,4
0.4883852691218132,0.7466192170818503,0.501771410967347,0.7533243958114424,0.3646378272660369,0.2450577655829197,0.562446470609397,0.3779966450024316,2
0.5490084985835695,0.5362989323843416,0.7060227972889734,0.4936048407550997,0.2944326716602986,0.3876125159053911,0.2647197491167029,0.3484962704252937,3
0.2354107648725212,0.2604982206405694,0.7466882316697472,0.876952063480561,0.0613240853689272,0.1757784477386854,0.2284444521237617,0.6548097855394359,4
0.6549575070821531,0.3852313167259785,0.5350431300061622,0.5054893293235262,0.2523101428528222,0.3504305146102683,0.1947303199262337,0.2704585929459752,3
0.1886685552407932,0.2686832740213523,0.7072550831792981,0.6815826660386246,0.0506920851269746,0.1334367947301452,0.1831298622274596,0.4820528051627152,4
0.6433427762039661,0.5603202846975089,0.4829790511398677,0.3378020942787781,0.360478007520692,0.3107210836086798,0.1892773656376997,0.1631513349678243,2
0.7575070821529746,0.7914590747330962,0.1992452248921772,0.523171129388746,0.5995358543445607,0.1509296689409863,0.4140685379930858,0.104239349332155,1
0.531728045325779,0.4544483985765124,0.4614140480591508,0.599985506721258,0.2416429586765194,0.2453467898603473,0.272662452698593,0.2768417414330765,3
0.4674220963172805,0.3709964412811387,0.4173598274799772,0.7389760498568789,0.1734119343098807,0.1950832054793094,0.2741574846888954,0.308418916680102,3
0.7186968838526913,0.8131672597864769,0.3465033887861999,0.7994130222109495,0.5844207756595727,0.2490309057650394,0.6500564967089038,0.2769993212359117,1
0.0742209631728045,0.241103202846975,0.6816851509550226,0.8262255878836189,0.0178949119393505,0.0505953284844804,0.1992056355128653,0.563225714599347,5
0.6858356940509915,0.8793594306049822,0.4044208256315471,0.6031740280444944,0.6030960854092527,0.2773662376356871,0.5304067698569201,0.2439361384212603,2
0.394900849858357,0.2427046263345195,0.5852587800369697,0.5567955360701473,0.0958442632040567,0.2311191896236645,0.1351368525266335,0.325869476170445,3
0.6,0.6332740213523133,0.5615372766481848,0.5608536541179028,0.3799644128113879,0.3369223659889108,0.3551740489333836,0.3149402335315501,2
0.671671388101983,0.6012455516014233,0.522720271102898,0.4957788325663973,0.4038394342342705,0.3510962500807283,0.2980848176586932,0.2591536457661855,2
0.7147308781869689,0.7064056939501778,0.5057763401109092,0.3073662089206129,0.5048899619932857,0.3614939677336612,0.2171252401094009,0.1554585562216326,2
0.1305949008498583,0.1816725978647686,0.883163894023415,0.7024529874270806,0.0237255149052856,0.1153367011741626,0.1276164591037454,0.6203811157444815,5
0.4314447592067989,0.2626334519572952,0.458949476278498,0.7533243958114424,0.1133118264393656,0.198011346281063,0.1978481865156029,0.3457378369254774,3
0.2543909348441927,0.2572953736654804,0.4922211953173132,0.8273850501829776,0.0654536106378474,0.1252166100268972,0.2128823456520614,0.4072564583887403,4
0.5269121813031162,0.5457295373665481,0.7094115834873733,0.3578028189427152,0.2875515409353483,0.3737976048970296,0.1952635668500547,0.2538294643623975,3
0.1572237960339944,0.2617437722419928,0.627772643253234,0.3099749990941699,0.0411523494601433,0.0987007980185679,0.0811340255636163,0.1945938245237658,5
0.7441926345609066,0.8551601423487544,0.4700400492914376,0.4576615094749809,0.6364038793059994,0.3498003426313333,0.3913738815901704,0.2151192384724137,1
0.6495750708215298,0.7788256227758005,0.4244454713493546,0.8539077502808072,0.5059057090722127,0.2757091971116346,0.6650452354055324,0.3624372775568042,1
0.7509915014164307,0.4016014234875444,0.1955483672211961,0.3382368926410376,0.3015992559958868,0.1468551618989776,0.1358364175606444,0.0661416720899259,2
0.4220963172804533,0.2704626334519573,0.695240295748615,0.2712779448530743,0.1141612815420443,0.2934583684604636,0.0733705473623973,0.1886033586097278,4
0.8184135977337111,0.8224199288256228,0.4031885397412225,0.2579441284104495,0.6730796527980806,0.3299749833746153,0.2121383917283091,0.1040001164686315,1
0.4705382436260625,0.5976868327402135,0.6172982131854639,0.8059349976448422,0.2812345125160042,0.2904624170257948,0.4816967361368371,0.4975022339897921,3
0.2495750708215297,0.2964412811387901,0.0898798521256942,0.949273524403058,0.0739843537346385,0.0224317704596987,0.281403859725177,0.0853205640001834,4
0.5770538243626062,0.7774021352313166,0.179836722119532,0.5750570672850466,0.4486028752028872,0.1037754682599112,0.4470505919872541,0.1034163780122139,2
0.5827195467422096,0.4259786476868327,0.2047905113986452,0.763324758143411,0.2482260845019305,0.1193354339793238,0.3251600482198089,0.1563216675834363,2
0.3436260623229462,0.288612099644128,0.7346734442390641,0.53708467698105,0.0991746393394694,0.2524529427371061,0.1550091363101891,0.3945818494856932,3
0.5504249291784702,0.6313167259786477,0.6493376463339509,0.7399905793688177,0.3474924641859808,0.3574116279962794,0.4671684298221646,0.4805037411166448,2
0.1402266288951841,0.2571174377224199,0.622227356746766,0.8223124026232835,0.0360547115219823,0.08725284464296,0.2114308579698655,0.5116652727043681,5
0.7059490084985837,0.7736654804270463,0.4262939001848451,0.516939019529693,0.5461683788170537,0.3009417561644856,0.3999378748959262,0.2203679507930426,2
0.1538243626062323,0.2259786476868327,0.7297443006777584,0.7854994746186457,0.0347610214430453,0.1122524519172869,0.1775061090330391,0.5732137647883302,5
0.2558073654390935,0.2715302491103202,0.5735520640788678,0.4309938765897314,0.0694594376619317,0.1467188424541693,0.1170278746754323,0.2471974275233932,4
0.4960339943342777,0.4889679715302492,0.2272797288971055,0.7586869089459765,0.2425447360196788,0.112738471756043,0.370973598893869,0.1724341549830244,3
0.7702549575070822,0.7788256227758005,0.1327017868145432,0.3159172433783832,0.599894296976601,0.1022142091639498,0.2460444438197834,0.0419227826818363,1
0.6110481586402267,0.5170818505338078,0.5248767714109697,0.6066524149425703,0.3159619126349642,0.3207249846837002,0.3136889533493077,0.3184177609237242,3
0.8317280453257792,0.7855871886120996,0.418900184842883,0.1731584477698465,0.6533948968173158,0.3484110319259786,0.1360310581679488,0.0725361057778954,1
0.6900849858356941,0.4135231316725979,0.1749075785582263,0.4383854487481429,0.2853661044630166,0.1207010938719091,0.1812825236460292,0.076676937315699,2
0.8240793201133145,0.8551601423487544,0.4404651879235999,0.4950541686292979,0.7047197886947668,0.3629782525976635,0.4233505933153746,0.2180541274176652,1
0.6546742209631728,0.8597864768683275,0.5609211337030224,0.9060835537519476,0.5628800419384433,0.3672206062288059,0.7790383864287209,0.508241414200206,2
0.8770538243626064,0.8177935943060496,0.3317159581022793,0.1627232870756185,0.7172489994253626,0.2909327496557101,0.1330740618148652,0.053977911077841,2
0.3558073654390935,0.2704626334519573,0.7627079482439925,0.5365049458313708,0.0962325970582601,0.2713771056641514,0.1451045405095522,0.4091965864577991,4
0.1855524079320113,0.2644128113879003,0.4524799753542829,0.8408637994130224,0.0490624338410976,0.0839587489680043,0.2223351611971087,0.3804740312347131,5
0.8396600566572239,0.7635231316725978,0.3280191004312982,0.4873727308960469,0.6410998759993145,0.2754245364527954,0.3721203537855759,0.1598675647632665,1
0.8439093484419264,0.8507117437722419,0.4047288971041283,0.1785209609043804,0.7179235933987277,0.3415544998507644,0.1518698779508616,0.072252591616799,1
0.4558073654390935,0.4202846975088967,0.5316543438077623,0.713612812058408,0.1915688607058965,0.2423319657752662,0.2999205448544411,0.3793953513277249,3
0.5252124645892352,0.4544483985765124,0.4832871226124489,0.5981013804848003,0.2386819634450011,0.2538284207715242,0.2718062145477188,0.2890546952050326,3
0.4079320113314448,0.2823843416370106,0.0,0.7078155005616145,0.1151936124524915,0.0,0.1998760141265626,0.0,3
0.4971671388101984,0.3423487544483986,0.595733210104747,0.2099713757744844,0.1702045507243455,0.2961789755619918,0.0718834389662113,0.1250869217202437,3
0.5447592067988669,0.7135231316725977,0.6256161429451659,0.4617196275227363,0.3886982952426078,0.3408101537913751,0.3294476345847281,0.2888592524928529,3
0.3467422096317281,0.2727758007117437,0.57755699322243,0.6265082068190877,0.0945828838728539,0.2002633880182024,0.1708962777675553,0.3618441961596086,4
0.6138810198300284,0.6902135231316727,0.744531731361679,0.3856299141273234,0.4237089814805481,0.4570538985441242,0.2661669816547843,0.2871137076300717,3
0.5694050991501417,0.6832740213523131,0.3985674676524979,0.6614370085872676,0.3890597118748298,0.2269463484366914,0.4519427247286667,0.2636272735242707,2
0.6405099150141644,0.6709964412811388,0.4490911891558866,0.5250552556252037,0.429779873579789,0.287647359399847,0.3523102080004703,0.2357976891212707,2
0.3526912181303117,0.2768683274021353,0.7750308071472602,0.6202760969600347,0.097649027653161,0.2733465594612859,0.1717348054928495,0.4807330840810879,3
0.5543909348441927,0.5866548042704626,0.4971503388786189,0.6027392296822349,0.3252361053703386,0.2756156411290247,0.3535998648153609,0.2996520122919608,2
0.3937677053824363,0.3327402135231316,0.6601201478743093,0.5873763542157324,0.1310223503674654,0.2599339959051813,0.1954437335201813,0.3877389658027619,4
0.1124645892351274,0.2715302491103202,0.6049753542821925,0.7799920286966919,0.0305375379311039,0.0680383047167224,0.2117914298560767,0.4718759538980672,5
0.1405099150141643,0.2571174377224199,0.6191466420209508,0.8191238813000472,0.0361275493230369,0.086996242051669,0.2106110335371117,0.5071578005060922,5
0.6240793201133145,0.4243772241992882,0.5217960566851545,0.2782347186492263,0.2648450495498674,0.3256421282938797,0.1180764775762285,0.1451817790240696,2
0.5484419263456092,0.583629893238434,0.6237677141096754,0.5354904163194318,0.3200871029205689,0.3421003667185076,0.3125282145067145,0.3340216329152103,3
0.5135977337110482,0.597864768683274,0.5313462723351812,0.5088227834341823,0.3070619902614095,0.2728982412871625,0.304207215718657,0.2703610892569639,3
0.1960339943342776,0.294661921708185,1.0,0.8486901699336933,0.0577637534906696,0.1960339943342776,0.2500766764075081,0.8486901699336933,5
0.4130311614730879,0.2902135231316726,0.4943776956253884,0.4334577339758686,0.1198672285342715,0.2041933938305428,0.1257952961058081,0.2142918356739925,4
0.381586402266289,0.2604982206405694,0.6080560690080112,0.4904163194318633,0.0994025788110048,0.2320259277489493,0.1277525785850974,0.2982006193711159,3
0.5733711048158641,0.6149466192170819,0.3742298213185471,0.9069531504764664,0.3525926224632787,0.2145725661044587,0.5577277736737845,0.3394089154471014,2
0.476487252124646,0.4192170818505338,0.4453943314849056,0.5878111525779919,0.1997515953746736,0.2122247211211363,0.2464204760629446,0.2618077553418465,3
0.3736543909348442,0.2813167259786476,0.574784349969196,0.4878075292583063,0.105115229905336,0.2147706962066203,0.13722841703868,0.2803841336148151,4
0.528328611898017,0.6023131672597865,0.6625847196549621,0.7931809123518967,0.3182192795862612,0.3500624652001429,0.477743307528678,0.5255495524463486,2
0.2878186968838527,0.3585409252669038,0.613909426987064,0.7291206203123302,0.103194781889851,0.1766946112801294,0.2614195818379617,0.4476140222203952,4
0.7019830028328612,0.6149466192170819,0.402264325323479,0.564187108228559,0.4316820743399232,0.2823827190231107,0.3469449548110143,0.2269523464477659,2
0.3385269121813031,0.3508896797153024,0.8274029574861395,0.7147722743577667,0.1187855997903077,0.2800981683274608,0.250806214418775,0.5914046937327104,4
0.5552407932011332,0.6062277580071175,0.4115064695009245,0.6286821986303852,0.3366023812164165,0.2284851785330912,0.3811245997746837,0.2587067919964688,2
0.3014164305949008,0.2234875444839857,0.3424984596426377,0.4450523569694553,0.067362817940782,0.1032346631897355,0.0994636584259138,0.1524297467223637,4
0.2495750708215297,0.2540925266903915,0.4232131854590264,0.4491104750172107,0.0634151603439758,0.1056234607335417,0.114115615360245,0.1900694747550502,4
0.2980169971671388,0.2201067615658362,0.7870455945779469,0.407804630602558,0.0655955561380339,0.234552964729745,0.0897605565934811,0.3209608379642302,4
0.391501416430595,0.3476868327402135,0.3840881084411585,0.748396681039168,0.1361198874920609,0.1503710384888615,0.2602076716637961,0.2874502655839751,3
0.4900849858356941,0.4412811387900355,0.4302988293284038,0.9989854704880612,0.2162652606534735,0.2108829956765265,0.440833446051671,0.4298622784670974,3
0.5671388101983003,0.2800711743772242,0.1539587184226754,0.1540273198304285,0.1588392326071395,0.0873159643858912,0.0431386123510844,0.0237138487631723,3
0.5725212464589235,0.6955516014234876,0.4823629081947054,0.2421464545816876,0.3982180698234755,0.276163013445184,0.1684253542633126,0.1168024680410599,3
0.7005665722379604,0.8295373665480427,0.273798521256932,0.8695604913221493,0.5811461494258667,0.1918140915207911,0.7213329200255978,0.2380843766674557,1
0.1441926345609065,0.2571174377224199,0.6108287122612452,0.8272401173955577,0.0370744407367455,0.0880770012863948,0.2126978593659396,0.5053020156395699,5
0.3184135977337111,0.154270462633452,0.6591959334565622,0.4902713866444435,0.0491218130311615,0.2098969487833359,0.0756343936335823,0.323184904366127,4
0.5042492917847026,0.3496441281138789,0.5522951324707357,0.4820102177615131,0.1763078039781032,0.2784944294045069,0.1685320423312051,0.266211897070843,3
0.6926345609065157,0.6827402135231316,0.4170517560073961,0.5717236131743904,0.472889468006815,0.288864459897474,0.3903387017348996,0.2384383368252727,2
0.8144475920679887,0.8165480427046262,0.1043592113370301,0.5708540164498712,0.665035587188612,0.0849951083835585,0.4661297298022168,0.0595738749452845,1
0.56657223796034,0.6834519572953736,0.5350431300061622,0.7608609007572738,0.3872249049832145,0.3031405835728964,0.5200118718520798,0.4070933978404797,2
0.7036827195467422,0.5880782918149464,0.5119377695625396,0.5024457407877096,0.4138205316907442,0.3602417619244613,0.2954774329721316,0.257220951865058,2
0.6620396600566573,0.5718861209964413,0.5593807763401131,0.4289648175658537,0.3786112931356044,0.3703322590104375,0.2453190255616821,0.2399546726725822,2
0.4529745042492919,0.3758007117437721,0.3190850277264339,0.7268016957136127,0.1702281410986662,0.1445373822477529,0.2731325945457561,0.2319115392283972,3
0.8912181303116149,0.7309608540925266,0.4225970425138641,0.1783760281169606,0.6514455657153227,0.376626146104424,0.130385893862006,0.0753811819375974,1
0.7968838526912182,0.7185053380782916,0.477125693160815,0.228667705351643,0.5725653019870353,0.3802137605839583,0.1642989669412694,0.1091032374193956,2
0.1898016997167139,0.1660142348754447,0.9256777572396828,0.6402768216239718,0.0315097839565291,0.1756952117140474,0.1062950666503852,0.5926900122534307,5
0.2164305949008498,0.2019572953736654,0.8418823166974754,0.75535345483532,0.043709737582289,0.1822090906393402,0.1525491407896953,0.635918716482201,4
0.6362606232294618,0.6204626334519573,0.459873690696245,0.675930287329251,0.3947759418507354,0.2925995210492256,0.4193894861062452,0.310842555887476,2
0.268271954674221,0.3039145907473308,0.5455175600739395,0.9944925540780464,0.0815317613138023,0.1463470621501475,0.3022407975738972,0.5425131516123561,4
0.173371104815864,0.2784697508896796,0.8233980283425772,0.9575346932859888,0.0482786083695421,0.1427534258769567,0.2666444475075751,0.7884321785212977,4
0.3538243626062324,0.3137010676156584,0.3206253850893432,0.6167977100619586,0.1109950802980049,0.1134450725146146,0.1934901001493297,0.1977610033108405,4
0.6373937677053825,0.6850533807829181,0.6949322242760338,0.3967897387586506,0.4366487554565342,0.442945468731183,0.2718221519965844,0.2757419757254554,2
0.7787535410764873,0.795017793594306,0.432455329636479,0.4357766585745859,0.6191229219803817,0.3367761193118076,0.3464501975998665,0.1884539385317559,1
0.5274787535410765,0.6713523131672597,0.6022027110289621,0.8785463241421791,0.3541240813363846,0.317649135392614,0.5898141069374452,0.5290629781629496,2
0.2586402266288952,0.2549822064056939,0.2337492298213206,0.7989782238486902,0.0659486556511044,0.060456953775316,0.2037252303870414,0.186760544468638,3
0.6014164305949009,0.5686832740213522,0.4410813308687622,0.4798362259502154,0.3420154648009436,0.2652735596131395,0.2728748359674178,0.2116468011411651,2
0.6674220963172806,0.347508896797153,0.3806993222427621,0.4622993586724157,0.2319351163892613,0.2540871397178322,0.1606531401222825,0.1759970525198522,2
0.5464589235127479,0.4234875444839856,0.3033733826247697,0.7959346353128736,0.2314185476797757,0.1657810920915526,0.3370684042784054,0.2414653826630789,2
0.5266288951841359,0.5781138790035586,0.4383086876155282,0.8885466864741476,0.3044514733902593,0.2308260199085741,0.5136811715933283,0.3894577320336098,3
0.5297450424929179,0.4135231316725979,0.2580868761552679,0.717960795681003,0.2190618289597048,0.1367202431757368,0.2968933966481585,0.1852962589592606,2
0.2929178470254958,0.2387900355871886,0.5060844115834904,0.9259393456284648,0.0699458631153408,0.1482411562542008,0.2211050892941992,0.4686034688943837,4
0.3813031161473088,0.281138790035587,0.3723813924830566,0.7675278089785862,0.1071990967104532,0.1419901853490635,0.2157818395349048,0.2858130742769154,4
0.6223796033994335,0.6211743772241992,0.6502618607516943,0.6796985398021667,0.3866062625386872,0.4047097190004172,0.4222113171618084,0.4419820372419665,2
0.5722379603399435,0.6313167259786477,0.6357825015403584,0.7631798253559909,0.3612633956025123,0.3638188819012816,0.4818081886767004,0.4852163784899658,2
0.6490084985835695,0.9284697508896796,0.3535890326555773,0.7227435776658575,0.6025847590051717,0.2294822871994129,0.6710455495125346,0.2555542024849016,2
0.7657223796033995,0.848220640569395,0.5261090573012943,0.65056704953078,0.6495015273255169,0.4028534792876483,0.5518243994863395,0.3422692171399231,2
0.7002832861189803,0.5131672597864769,0.4925292667898944,0.5154896916554947,0.3593624550119465,0.3449100134573992,0.2645324325150262,0.2538937598688295,2
0.5101983002832862,0.2902135231316726,0.4931454097350602,0.3008442334867205,0.1480664462210035,0.2516019498393324,0.0873090649140286,0.1483599527892389,3
0.421529745042493,0.2704626334519573,0.7087954405422074,0.2937425269031486,0.1140080449225248,0.2987783613390382,0.0794463773830579,0.2082033637622984,4
0.5254957507082153,0.5546263345195729,0.7189617991374035,0.6057828182180511,0.2914537820209087,0.377811370368239,0.3359831039832144,0.4355347048725767,3
0.4756373937677055,0.7637010676156583,0.1958564386937773,0.7688322040653646,0.3632447854183259,0.0931566460529326,0.5871579750620185,0.1505807374413297,2
0.3039660056657224,0.2622775800711744,0.5797134935305017,0.7699916663647235,0.0797234683899065,0.1762131950589882,0.2019515509291107,0.4463745588976663,4
0.3606232294617564,0.3704626334519573,0.5661583487369093,0.9176781767455342,0.1335974312703517,0.2041698521082395,0.3399654740185413,0.5195511612181493,3
0.8260623229461757,0.7569395017793595,0.2793438077634036,0.3541794992572193,0.6252792031695786,0.2307553947416671,0.2680924537082226,0.0989378499542472,1
0.7005665722379604,0.8145907473309607,0.3267868145409736,0.5924490017754267,0.5706750476344096,0.2289359185155319,0.4826034751117265,0.1936045220681713,1
0.6626062322946176,0.6023131672597865,0.6354744300677773,0.3531649697452805,0.3990964584194449,0.4210693178267793,0.2127159114924865,0.2244273078687859,2
0.3218130311614731,0.2341637010676157,0.665049291435615,0.7624551614188919,0.0753569304285584,0.2140215283486851,0.178539322495954,0.5070702648530615,4
0.1903682719546742,0.2741992882562277,0.3985674676524979,0.8665169027863329,0.0521988446765396,0.0758746000743565,0.2375983180060033,0.3453654476216344,5
0.6303116147308782,0.5843416370106761,0.6330098582871244,0.2446103119678248,0.3683173207786839,0.3989934659175217,0.1429359901249709,0.154840738914322,2
0.2957507082152975,0.2850533807829182,0.7670209488601358,0.403456646979963,0.0843047392457129,0.2268469888413546,0.1150066812209787,0.3094597001905,4
0.3651558073654391,0.2747330960854092,0.8893253234750489,0.2869306858944164,0.1003203855110743,0.3247423065040618,0.078829355697683,0.2551747250479695,4
0.394900849858357,0.249644128113879,0.5381238447319809,0.6540454364288562,0.0985846783543193,0.2125055636137058,0.1632786027241432,0.3519574448805025,4
0.7830028328611899,0.8683274021352311,0.4182840418977207,0.4885321931954056,0.6799028157228836,0.327517589746544,0.4242058901767933,0.2043452203669324,2
0.8048158640226629,0.7640569395017792,0.5544516327788038,0.0541686292981627,0.6149251459276359,0.4462314698936492,0.0413879171185606,0.030033884959756,1
0.7124645892351276,0.8402135231316724,0.3794670363524339,0.847240842059495,0.5986223826278063,0.270356826183108,0.7118632128478531,0.3214999714130571,1
0.4722379603399434,0.5912811387900355,0.5760166358595207,0.7823109532954093,0.2792253989696854,0.2720169212401759,0.4625657113524279,0.4506241235132763,3
0.4524079320113315,0.4501779359430604,0.5599969192852754,0.8802855175912172,0.2036640690371296,0.2533470481865679,0.3962851173497827,0.4929571779425257,3
0.1368271954674221,0.2434163701067615,0.6755237215033922,0.6344795101271785,0.0333059792525682,0.092430016285025,0.154442699262274,0.4286059598987609,5
0.5671388101983003,0.6720640569395017,0.5079328404189773,0.7921663828399579,0.3811536096297117,0.2880684267758619,0.5323865530225125,0.4023673209203268,2
0.3430594900849859,0.2530249110320284,0.4802064078866301,0.7118736186093699,0.0868025969574465,0.16473936542513,0.1801217590146839,0.3418462732616624,4
0.2926345609065156,0.2653024911032029,0.3283271719038829,0.609551070690967,0.0776366779913905,0.0960798777837708,0.1617154175089381,0.200132179170949,4
0.3917847025495751,0.2298932384341637,0.5384319162045621,0.6633211348237256,0.0900686540380873,0.2109493881334021,0.1524930438064508,0.3571532696821232,4
0.4019830028328612,0.3476868327402135,0.7266635859519432,0.7207145186419797,0.1397641970703577,0.2921064103302571,0.2505829482965174,0.5237169965640096,3
0.224929178470255,0.3261565836298932,0.6129852125693169,0.7428892351172145,0.0733621324085369,0.1378782602776311,0.2422982149412551,0.455380115703783,5
0.3328611898016997,0.3258007117437722,0.4444701170671621,0.9110112685242218,0.1084464125492726,0.1479468519982763,0.2968081196917882,0.4049172851704647,4
0.1736543909348442,0.2704626334519573,0.8113832409118942,0.7199898547048806,0.0469670238827336,0.1409002625152949,0.1947303521621741,0.5841877017341298,5
0.528328611898017,0.5131672597864769,0.4463185459026491,0.7657886155295481,0.2711209460344985,0.2358028578210879,0.3929776454069781,0.3417856613519507,2
0.4651558073654392,0.6565836298932383,0.4487831176833055,0.8723142142831262,0.30541368846592,0.2087540734379568,0.572747233221483,0.3914798926854443,2
0.6042492917847027,0.686476868327402,0.6339340727048715,0.3192506974890393,0.4148031615134132,0.3830542144701108,0.2191582190236144,0.2023838948730975,2
0.5308781869688386,0.3709964412811387,0.5020794824399282,0.6089713395412877,0.196953918119222,0.2665430453519619,0.2259261998120257,0.3057520149776395,2
0.61671388101983,0.4259786476868327,0.2121842267406037,0.6298416609297439,0.2627069450465254,0.1308569579643893,0.2682990989796809,0.1336424657933952,2
0.3597733711048159,0.3097864768683274,0.6333179297597056,0.7360773941084822,0.1114529251056022,0.2278509265707722,0.228026822623286,0.4661710113797028,3
0.2334277620396601,0.2731316725978647,0.5729359211337055,0.7688322040653646,0.0637565150766687,0.133739149862372,0.2099924258434758,0.4404915870334467,4
0.7110481586402266,0.6430604982206406,0.386860751694396,0.349251784484945,0.4572469831540532,0.2750766251424742,0.2245900265353365,0.135111807876455,2
0.3923512747875355,0.2845195729537366,0.1468730745532944,0.7985434254864308,0.1116316171504037,0.0576258380329498,0.2272012344044132,0.1172845280655116,3
0.8005665722379605,0.791103202846975,0.4152033271719055,0.3821515272292474,0.6333307793896747,0.3323979044158088,0.3023212971639206,0.1586705855894085,2
0.636543909348442,0.7642348754448399,0.4013401109057319,0.6654951266350229,0.486469055276078,0.2554706031742718,0.5085945852130647,0.2670898879309242,2
0.304815864022663,0.2480427046263345,0.6980129390018526,0.59824631327222,0.0756073513251943,0.212765417100848,0.1483906335767748,0.4175836673741653,4
0.2606232294617564,0.2964412811387901,0.0,0.9776803507373456,0.0772594840361719,0.0,0.2898248157168003,0.0,4
0.6087818696883853,0.8475088967971528,0.3582101047443018,0.8833291061270336,0.5159480507697115,0.2180718173075084,0.7486292762425374,0.3164174116294552,2
0.7634560906515582,0.6204626334519573,0.4041127541589659,0.3924417551360556,0.473695976530602,0.3085223434726383,0.2434954448682252,0.1585907185150099,2
0.554957507082153,0.7637010676156583,0.3477356746765281,0.4228776404942208,0.4238216406399644,0.1929785231420165,0.3229521055162269,0.1470496416228761,3
0.8079320113314448,0.7706405693950177,0.2799599507085659,0.3453385992246095,0.6226251852449265,0.2261886060682237,0.2661319347405309,0.0966809772166868,2
0.4838526912181304,0.7535587188612097,0.2158810844115848,0.7965143664625531,0.3646114141118828,0.1044546436756336,0.6002203455460696,0.1719523851813424,2
0.4821529745042494,0.3998220640569394,0.2670209488601394,0.665350193847603,0.1927753974574818,0.1287449447478632,0.2660216878248333,0.1776624400854646,3
0.2977337110481587,0.3261565836298932,0.5960412815773282,0.7539041269611217,0.0971078100269172,0.1774615827019184,0.2458907944341167,0.4493579820203437,4
0.6611898016997168,0.7677935943060498,0.5033117683302528,0.596362187035762,0.5076572943655299,0.3327846082954136,0.4578830670924044,0.3001561069222663,2
0.4320113314447592,0.490035587188612,0.7038662969809018,0.7208594514293998,0.2117009264766666,0.3040782161178116,0.3532467845616666,0.5073886727212958,3
0.6195467422096318,0.4209964412811388,0.3270948860135547,0.7954998369506141,0.260826973677578,0.2026505710231286,0.3349026003959346,0.2602039284911625,2
0.2872521246458924,0.2572953736654804,0.5079328404189773,0.8891264176238269,0.073908642746968,0.1459047875877742,0.2287681138583725,0.4516165067952203,4
0.6679886685552409,0.5948398576512456,0.5834103512014828,0.4554875176636834,0.3973462845160445,0.3897115037204239,0.2709421301689846,0.2657361326480611,2
0.2750708215297451,0.2747330960854092,0.8440388170055471,0.6134642559513024,0.0755710584416239,0.23217045079671,0.1685389343752332,0.5177876448683254,4
0.506515580736544,0.5567615658362989,0.7377541589648828,0.6123047936519439,0.2820084078513605,0.3736839762688982,0.3409077756827282,0.451730408070856,3
0.688101983002833,0.8683274021352311,0.3853203943314867,0.786079205768325,0.597497807304951,0.2651397274309295,0.6825741146173354,0.3028923495424329,2
0.7260623229461758,0.8814946619217082,0.2137245841035131,0.6592630167759701,0.6400200618995293,0.155177368004902,0.5811368300904192,0.1409007140752716,2
0.7235127478753542,0.7240213523131672,0.6379390018484301,0.349251784484945,0.5238386781325296,0.4615570002042183,0.2528657493005767,0.2228013347881088,2
0.6767705382436261,0.7845195729537365,0.5221041281577357,0.3731656944092176,0.5309397336505599,0.3533446918325299,0.2927557912189039,0.1948313495379005,2
0.6439093484419264,0.5925266903914589,0.45340418977203,0.3834559223160259,0.3815334751444153,0.2919511964169474,0.2272078685609191,0.1738605217709841,2
0.369971671388102,0.2823843416370106,0.0147104128157735,0.7376716547701003,0.1044742068492736,0.0054424360162606,0.2083069245765389,0.0108514545641629,4
0.3467422096317281,0.2667259786476869,0.4500154035736301,0.5079531867096633,0.092485155202484,0.1560393354034343,0.1354843108323461,0.2285867583136606,4
0.676487252124646,0.8508896797153026,0.4845194085027735,0.7998478205732091,0.5756160212918252,0.3277712032591001,0.6805822558685207,0.3875417929163637,1
0.8271954674220965,0.7532028469750888,0.2510012322858905,0.217362947932896,0.6230459810672123,0.2076270816642494,0.1637183912099552,0.0545583677844507,1
0.21671388101983,0.301067615658363,0.3622150338878604,0.6811478676763649,0.0652455314387103,0.0784970257575674,0.2050715644321013,0.2467219979730383,5
0.1671388101983003,0.2741992882562277,0.7707178065311169,0.8098481829051778,0.0458293427963666,0.1288168571822546,0.222059795348199,0.6241644151518894,5
0.3932011331444759,0.2185053380782918,0.5880314232902037,0.7640494220805101,0.0859165465305011,0.231214621962267,0.1669488772802253,0.4492850691300599,3
0.6980169971671388,0.6923487544483985,0.5026956253850905,0.4312837421645711,0.4832711985724798,0.3508900909203578,0.298598761701485,0.2168044504858411,2
0.5963172804532578,0.6177935943060496,0.6250000000000036,0.5209971375774484,0.3684009960380268,0.3726983002832882,0.3218686942471352,0.3256232109859071,3
0.5609065155807366,0.4275800711743772,0.6930837954405433,0.6817275988260445,0.2398324478541832,0.3887552167060271,0.2914931352275773,0.472494351650923,2
0.6756373937677055,0.9284697508896796,0.3483518176216904,0.6849161201492808,0.6273088826832539,0.2353595141721619,0.6359238994553287,0.238591775372398,1
0.5855524079320114,0.8172597864768684,0.3461953173136187,0.6412913511359106,0.4785484358775317,0.2027155016677761,0.5241016326987967,0.2220120627969758,2
0.560056657223796,0.6852313167259786,0.5655422057917434,0.463603753759194,0.3837683606706118,0.316735677294696,0.3176758106275189,0.2621874895143068,3
0.6835694050991502,0.9231316725978644,0.3406500308071507,0.7776731040979745,0.6310245682659057,0.2328579389058512,0.7178946733203364,0.2649143668688675,1
0.4147308781869689,0.3437722419928825,0.6681300061614337,0.7823109532954093,0.1425729638180113,0.2770941441983963,0.268936790349952,0.5226854220454189,3
0.7385269121813032,0.6852313167259786,0.643176216882317,0.1280843508822782,0.5060617684715655,0.4750029454425497,0.0877674084070557,0.0823808082422909,2
0.7028328611898018,0.7074733096085409,0.5880314232902037,0.1750425740063045,0.4972354904075893,0.4132878077005654,0.1238379491546382,0.102930533929308,2
0.7402266288951842,0.4234875444839856,0.2251232285890338,0.0622848653936736,0.31347675743248,0.1666422085844604,0.0263768647040824,0.0140217699896571,2
0.0909348441926345,0.3649466192170818,0.3354128157732603,0.9863763179825356,0.033186363957134,0.0305007121425542,0.3599747025235196,0.330843258226583,5
0.8515580736543911,0.8160142348754448,0.2848890942698716,0.2101163085619042,0.6948835099250956,0.242599608321596,0.1714578987659951,0.0598598448375297,2
0.6424929178470254,0.7695729537366548,0.4204405422057924,0.4763578390521396,0.4944451725424172,0.270130070742985,0.366592109234965,0.2002801481350611,2
0.8104815864022664,0.7532028469750888,0.2870455945779433,0.3337439762310227,0.6104570382990735,0.2326451688633133,0.2513769130579926,0.0957997380940409,1
0.5393767705382437,0.6023131672597865,0.4925292667898944,0.6494075872314213,0.3248737310092446,0.2656588453167023,0.3911467407078934,0.3198522427868863,2
0.3220963172804533,0.2610320284697509,0.6419439309919923,0.7410051088807565,0.0840774550623532,0.2067677760730581,0.1934260666775925,0.4756837324800621,4
0.1008498583569405,0.2370106761565835,0.6422520024645735,0.656799159389833,0.0239024931194741,0.0647710234780136,0.1556684128660599,0.4218305753351688,5
0.8498583569405099,0.7921708185053379,0.3397258163894037,0.3586724156672342,0.6732329902311653,0.288718824126972,0.2841298210943996,0.1218502792289106,1
0.5308781869688386,0.4202846975088967,0.5911121380160225,0.4743287800282618,0.2231199782242698,0.3138085401252199,0.199353127833942,0.2803814992850374,3
0.5858356940509915,0.7914590747330962,0.3039895255699321,0.6173774412116382,0.4636649763592189,0.1780879146964927,0.4886289783824496,0.1876762754515045,2
0.304815864022663,0.2459074733096085,0.8064540973505885,0.6683937823834196,0.0749564989464982,0.2458200024785364,0.164363026201759,0.5390289044467663,4
0.7235127478753542,0.7850533807829182,0.3572858903265583,0.50215587521287,0.567996128759086,0.2585008962872606,0.3942191675158688,0.1794132089581423,1
0.4535410764872522,0.4233096085409252,0.7337492298213206,0.5665060328272764,0.1919882955450485,0.3327854155648539,0.2398074469921869,0.4156733652761458,3
0.6073654390934845,0.5612099644128113,0.3052218114602603,0.6552048987282149,0.3408595364592259,0.1853811795384697,0.3677075178983611,0.1999828260674621,2
0.2141643059490085,0.2624555160142349,0.8634473197781922,0.6357839052139571,0.0562086034296775,0.1849195959638281,0.1668649929164745,0.5489659089151034,4
0.6407932011331445,0.5843416370106761,0.6243838570548377,0.2272183774774447,0.3744421481354531,0.4001009304980291,0.1327731586540797,0.1418714869231089,2
0.5164305949008499,0.4275800711743772,0.7303604436229243,0.6910032972209139,0.2208154305243313,0.3771804783922354,0.2954592390074477,0.50468147470317,2
0.2337110481586403,0.3177935943060498,0.5294978434996942,0.79042718939092,0.0742718740233686,0.1237494960020532,0.2511926975537692,0.4185294922260165,4
0.5560906515580737,0.4523131672597864,0.3683764633394979,0.8173846878510092,0.2515271238897906,0.2048507075171202,0.3697138570315418,0.3011052804984142,2
0.7713881019830029,0.6565836298932383,0.4225970425138641,0.3686727779992028,0.5064808000564555,0.3259863305284,0.2420645108215405,0.1558000256378335,1
0.1988668555240793,0.2829181494661921,0.8049137399876791,0.7959346353128736,0.056263042755033,0.1600706644394761,0.2251843541187666,0.6406587240954145,4
0.6339943342776205,0.3709964412811387,0.4275261860751698,0.4475162143555925,0.2352096418094018,0.2710491797269774,0.166026922941532,0.1913249003302446,2
0.2878186968838527,0.2790035587188612,0.9090418977202752,0.573752672198268,0.0803024406964201,0.2616392544146741,0.1600790373677729,0.5215652179571925,4
0.4991501416430595,0.490035587188612,0.6237677141096754,0.5253451212000434,0.2446013327553355,0.3113537428502119,0.2574378049439358,0.3276933253696214,3
0.3903682719546743,0.351067615658363,0.5082409118915585,0.8813000471031558,0.1370456584638029,0.1984011265117755,0.3093959062161079,0.4479127395897814,3
0.3235127478753541,0.302135231316726,0.6502618607516943,0.9613029457589042,0.0977445989132297,0.2103680014103215,0.2904434878823166,0.6250986422552701,3
0.411614730878187,0.281138790035587,0.2910505237215055,0.6428856117975288,0.1157208673999172,0.1198006829935828,0.1807400830320453,0.1871121940066912,3
0.744759206798867,0.6345195729537366,0.4426216882316716,0.4041813109170621,0.4725642938513807,0.3296465774393951,0.2564609527989757,0.1788994141898001,2
0.6875354107648726,0.7999999999999997,0.4746611213801621,0.8382550092394652,0.5500283286118979,0.3263463290622247,0.6706040073915719,0.3978870626881426,1
0.6410764872521247,0.4889679715302492,0.291974738139249,0.259248523497228,0.3134658695674091,0.1871781394926687,0.1267642246566517,0.07569401976109,2
0.4691218130311615,0.597864768683274,0.5726278496611243,0.5308525671219972,0.2804714042321535,0.268632215025162,0.317378047247315,0.3039809639981569,3
0.5983002832861191,0.4596085409252668,0.3816235366605056,0.748396681039168,0.2749839202363069,0.2283254700926311,0.3439695066057243,0.2856057882431516,2
0.7892351274787537,0.8596085409252668,0.294747381392483,0.4901264538570238,0.6784332563789784,0.2326249871273251,0.4213168858689113,0.1444634888255414,1
0.2929178470254958,0.3265124555160142,0.8893253234750489,0.9062284865393672,0.0956413254967588,0.2604992590575639,0.29589488839853,0.8059319419339267,4
0.3926345609065156,0.3524911032028469,0.6721349353049924,0.92144642921845,0.138400189529503,0.2639034051934049,0.3248016683775354,0.6193363360897591,3
0.3651558073654391,0.4135231316725979,0.3079944547134943,0.7897025254538208,0.1510003730101922,0.1124659637749841,0.3265602614154234,0.2432239987130189,3
0.7229461756373938,0.4889679715302492,0.2762630930375849,0.3622957353527301,0.3534975250269677,0.1997233465812795,0.1771510108094844,0.1000889404428715,2
0.3042492917847026,0.241103202846975,0.4826709796672865,0.6417261494981701,0.0733554787132156,0.1468523037288005,0.1547222299946655,0.3097425892563973,4
0.8388101983002834,0.7788256227758005,0.3828558225508338,0.3767890140947134,0.6532868750819109,0.321143368434283,0.293452938557395,0.1442558679193492,1
0.3861189801699717,0.2523131672597865,0.3258626001232301,0.738831117069459,0.0974229028258042,0.1258217348351169,0.1864168192178813,0.2407574288602045,4
0.6339943342776205,0.3930604982206406,0.3495841035120151,0.4795463603753759,0.2491981289002248,0.2216343409801388,0.1884907313290401,0.1676417844842755,2
0.120113314447592,0.2807829181494662,0.9481669747381432,0.8082539222435596,0.0337257669391993,0.1138874779855446,0.2269438948932984,0.7663596762739143,5
0.3436260623229462,0.3113879003558718,0.4755853357979056,0.8350664879162288,0.1070009980542981,0.1634235162387703,0.2600296003297865,0.3971453760692173,4
0.1127478753541076,0.3649466192170818,0.4102741836105998,0.9311569259755788,0.0411469559343905,0.0462575425147361,0.339822572095358,0.3820296476179863,5
0.7138810198300284,0.7898576512455516,0.3964109673444227,0.7265118301387732,0.5638643855917252,0.2829902656396446,0.5738409277555185,0.287997257372478,2
0.2203966005665723,0.2348754448398576,0.6191466420209508,0.4193992535961447,0.051765749599266,0.136457815153626,0.0985065862538987,0.2596696395301461,5
0.7266288951841361,0.7939501779359431,0.5042359827479999,0.4720098554295444,0.5769071406248426,0.3663924350562662,0.3747523087058055,0.2380043533192576,2
0.5898016997167139,0.8026690391459074,0.3415742452248942,0.7407152433059168,0.4734155635982378,0.2014610704130962,0.5945491926250872,0.2530092501587924,2
0.7450424929178471,0.93576512455516,0.3840881084411585,0.6036088264067538,0.697184781184156,0.2861619618131011,0.5648360886251099,0.2318389723729576,1
0.4832861189801701,0.3327402135231316,0.5085489833641397,0.5452009130765607,0.1608087264222273,0.2457746644813661,0.1814102682301011,0.2772613700742856,3
0.3878186968838527,0.4250889679715302,0.7546980899568716,0.677669480778289,0.1648574496184206,0.2926860297878065,0.2880698202098456,0.5114358627654396,3
0.0543909348441926,0.2501779359430605,0.8468114602587846,0.7428892351172145,0.0136074118133335,0.0460588669602511,0.1858544954759436,0.6290871180001399,5
0.6968838526912182,0.7629893238434161,0.4216728280961206,0.6757853545418313,0.5317149395622673,0.2938569850188263,0.5156170107251551,0.2849603216355935,1
0.4538243626062323,0.7384341637010675,0.4540203327171923,0.6688285807456791,0.3351194136683031,0.2060454881056493,0.4938858736823074,0.3036617747609207,3
0.3294617563739377,0.2222419928825623,0.3964109673444227,0.985071922895757,0.0732202373151331,0.1306022535471851,0.2189243472770107,0.3904933138589376,4
0.3628895184135978,0.3704626334519573,0.5495224892175017,0.9514475162143556,0.134437006643614,0.1994159514695806,0.352475752448094,0.522841807469922,3
0.5067988668555241,0.3279359430604982,0.5858749229821321,0.2351896807855356,0.1661975643442581,0.296920747086412,0.0771271497665021,0.1377917361164179,3
0.1203966005665722,0.2813167259786476,0.7010936537276642,0.7759339106489365,0.033869577490347,0.0844092925876082,0.2182831873195672,0.5440023404680577,5
0.3988668555240794,0.237900355871886,0.1397874306839206,0.6262183412442479,0.0948905668746786,0.0557565729186856,0.1489775662355087,0.08753745296968,4
0.8447592067988668,0.7870106761565837,0.3619069624152793,0.4441827602449364,0.6648345145322755,0.3057242385049186,0.3495765744774651,0.1607528335174792,2
0.486685552407932,0.3419928825622775,0.6585797905113999,0.3412804811768541,0.166442994969403,0.3205212691497408,0.1167154955199134,0.2247604277990823,4
0.3441926345609066,0.2768683274021353,0.792898952556996,0.6075220116670894,0.0952960390350125,0.2729099794211758,0.1682036032302475,0.4817035667061543,3
0.5212464589235128,0.5256227758007117,0.6132932840419016,0.5130258342693576,0.2739790106156685,0.3196769525884134,0.2696580630661356,0.3146352986973906,3
0.3776203966005667,0.4320284697508897,0.8277110289587206,0.6353491068516974,0.1631427620900669,0.3125605670260552,0.2744889023907333,0.5258854629802227,3
0.4861189801699717,0.346797153024911,0.552911275415898,0.2195369397441935,0.1685846783543193,0.2687806653296546,0.0761347856870877,0.1213844493548651,4
0.5538243626062324,0.4793594306049821,0.3400338878619848,0.6988296677415848,0.2654809311140906,0.1883190512096828,0.3349905916184749,0.2376257688754701,2
0.7838526912181304,0.6998220640569394,0.2935150955021584,0.4825899489111923,0.5485574082848588,0.2300725975225134,0.3377270941401635,0.1416474349430503,2
0.5464589235127479,0.6637010676156582,0.4398490449784376,0.7583970433711364,0.3626853709435141,0.2403594356270272,0.5033489273619819,0.3335802152412651,2
0.69971671388102,0.7999999999999997,0.412430683918668,0.3802674009927895,0.5597733711048157,0.288584642855272,0.3042139207942315,0.1568339442634305,1
0.824929178470255,0.6430604982206406,0.3973351817621697,0.149244537845574,0.5304793685038259,0.3277733850683961,0.095973266863684,0.0593001055718821,2
0.2784702549575071,0.2861209964412811,0.6003542821934715,0.6089713395412877,0.0796761868276995,0.1671808100272472,0.1742394864737349,0.3655985514267066,4
0.1543909348441926,0.190747330960854,0.7565465187923621,0.7534693285988623,0.0294496587460808,0.1168039242894723,0.1437222633910996,0.5700345975682877,5
0.4121813031161473,0.3473309608540925,0.6601201478743093,0.6498423855936808,0.1431633280574233,0.2720891827640566,0.2257103801919688,0.4289740516730945,4
0.4424929178470255,0.6713523131672597,0.7072550831792981,0.8928946700967426,0.2970686439567307,0.3129553654181483,0.5994469021841654,0.6315042941696236,2
0.2424929178470255,0.2160142348754448,0.5014633394947658,0.6969455415051269,0.0523819221114393,0.1216013083873993,0.1505501578980825,0.3494926386891488,4
0.5946175637393768,0.4234875444839856,0.2922828096118302,0.6650603282727634,0.2518131319750384,0.1737964921742865,0.2816447653539459,0.1943857013089293,2
0.5436260623229462,0.7946619217081848,0.4099661121380187,0.9268089423529836,0.4319989313762059,0.2228682632274385,0.7364997751865523,0.3799602587912017,2
0.3079320113314448,0.3494661921708185,0.7895101663585962,0.667089387296641,0.1076118274475013,0.2431154534934261,0.2331251880161215,0.5266738531406251,4
0.2985835694050991,0.3352313167259787,0.6437923598274793,0.7439037646291531,0.100094563124414,0.1922258207530207,0.2493798385340435,0.4789195601151482,4
0.1495750708215297,0.3161921708185053,0.646873074553298,0.8870973585999493,0.0472944663433911,0.0967560859388502,0.28049323954308,0.5738393957856588,5
0.7674220963172804,0.7608540925266903,0.4607979051139885,0.2231602594296894,0.5838962426784148,0.3536264943211883,0.1697923966763971,0.102831780049895,2
0.7084985835694052,0.7774021352313166,0.2374460874922981,0.1280843508822782,0.550788311675219,0.1682302166623902,0.0995730478656002,0.0304131279859876,2
0.2609065155807366,0.2731316725978647,0.7205021565003094,0.8040508714083843,0.0712618329922474,0.1879837071209022,0.2196117593615426,0.5793203867856938,4
0.3722379603399434,0.3266903914590746,0.4118145409735056,0.9052139570274288,0.1216065649793835,0.1532930047703077,0.2957247019755086,0.3727802701960612,3
0.418413597733711,0.3437722419928825,0.7574707332101056,0.7568027827095183,0.1438389805732259,0.3169360546604322,0.2601677893585034,0.573255958714427,3
0.8475920679886686,0.8551601423487544,0.4278342575477509,0.4441827602449364,0.7248269535148649,0.3626289231112948,0.3798473924799224,0.190036601444903,1
0.191784702549575,0.2316725978647686,0.7429913739987697,0.771151128664082,0.0444312602703819,0.142494379659254,0.1786545853239562,0.5729586366468283,5
0.7441926345609066,0.8507117437722419,0.4398490449784376,0.607811877241929,0.6330934138497676,0.3273324195916021,0.5170727019739613,0.2673454737314138,1
0.8271954674220965,0.755693950177936,0.3400338878619848,0.179825355991159,0.6251066103454882,0.2812744908093472,0.1358929336111125,0.0611467149338392,1
0.7118980169971673,0.6140569395017793,0.4543284041897735,0.393891083010254,0.4371459175546662,0.3234354900081872,0.2418715529303178,0.1789559071686303,2
0.2376770538243626,0.2893238434163701,0.604051139864449,0.9699989130040944,0.068765638704344,0.1435690952822302,0.2806438136200457,0.5859289490673997,3
0.2093484419263456,0.2603202846975089,0.4564849044978452,0.7940505090764158,0.0544976460032462,0.0955644035195205,0.2067074545869744,0.362472070802213,5
0.73314447592068,0.7999999999999997,0.4709642637091846,0.7407152433059168,0.5865155807365438,0.345284848294439,0.5925721946447332,0.3488504091817406,1
0.6770538243626063,0.8145907473309607,0.4038046826863848,0.5105619768832204,0.5515217807708205,0.2733975047083455,0.4158990623080751,0.2061673170670621,1
0.464872521246459,0.253914590747331,0.2525415896487999,0.6933222218196311,0.1180379159819745,0.1173996454996262,0.1760446282093619,0.1750926960371675,4
0.424929178470255,0.30355871886121,0.3708410351201507,0.6244791477952099,0.128990957023177,0.1575811763966646,0.1895660900602541,0.2315824935793252,3
0.8164305949008499,0.8693950177935942,0.3252464571780677,0.22258052828001,0.7098006915810591,0.2655411585232836,0.1935104023445068,0.0723935282598959,1
0.2917847025495751,0.2298932384341637,0.512861983980283,0.8992717127432153,0.067079330194671,0.1496452814446718,0.2067364862747747,0.4612022747348325,4
0.6215297450424929,0.6215302491103202,0.6299291435613092,0.4765027718395594,0.3862995372657344,0.3915196999924965,0.2961608864831994,0.3001629829694836,2
0.9107648725212466,0.7754448398576511,0.3086105976586566,0.2351896807855356,0.7062479207202121,0.2810716916352921,0.1823766243529117,0.0725820279503728,1
0.7801699716713882,0.5131672597864769,0.4977664818237848,0.1635928838001376,0.4003576865302996,0.3883424620234287,0.0839505119002841,0.0814310542206017,2
0.6022662889518414,0.43932384341637,0.3076863832409131,0.8089785861806587,0.264589940822437,0.1853091361955187,0.355403581722428,0.2489116953012741,2
0.3144475920679887,0.290035587188612,0.5070086260012339,0.5849124968295951,0.0912009920054842,0.1594276416037874,0.1696454394719287,0.296555681348524,4
0.1257790368271955,0.2434163701067615,0.7004775107825019,0.5812891771440993,0.0306166765800006,0.0881053866253345,0.1414953014827629,0.4071799958507074,5
0.5096317280453259,0.5948398576512456,0.6200708564386943,0.8195586796623064,0.3031492645650399,0.3160077820773969,0.4875061683471691,0.5081844523999719,2
0.8376770538243626,0.7635231316725978,0.3042975970425132,0.313453385992246,0.6395858074662526,0.2549031145764055,0.2393289109061792,0.0953831121422798,1
0.2495750708215297,0.2597864768683274,0.8766943930991964,0.9489836588282184,0.0648362283628884,0.2188010652465699,0.2465331213325976,0.8319686528374598,4
0.1439093484419263,0.3254448398576511,0.7072550831792981,0.6030290952570745,0.0468345548577016,0.1017806182025731,0.1962527073354428,0.4264953929255791,5
0.4104815864022664,0.237900355871886,0.1502618607516943,0.6128845248016233,0.0976537154839554,0.0616797269771119,0.1458054465586779,0.0920931691226098,4
0.3685552407932012,0.3419928825622775,0.7152649414664225,0.6336099134026594,0.1260432691823011,0.2636146427330922,0.2166900807046105,0.4531989576224982,4
0.5994334277620397,0.686476868327402,0.4185921133703019,0.8305735715062139,0.4114971822608449,0.2509181053517164,0.5701695442830912,0.3476715466063056,2
0.8311614730878187,0.7275800711743771,0.3689926062846602,0.4336026667632884,0.6047365237466352,0.3066924381980717,0.3154806591450331,0.1599961781009647,2
0.3932011331444759,0.2948398576512455,0.7513093037584717,0.3120040581180476,0.1159313661246257,0.2954156695798183,0.091991232082136,0.2344115516744881,4
0.7036827195467422,0.7316725978647688,0.2707178065311169,0.4917207145186419,0.5148653634833104,0.1904994423295451,0.359778572615775,0.1331175532604002,2
0.7810198300283286,0.8551601423487544,0.4490911891558866,0.34490380086235,0.6678970290242254,0.3507491242217505,0.2949479834420737,0.1548932580736578,2
0.4237960339943343,0.4275800711743772,0.6684380776340149,0.9376789014094712,0.1812067383787162,0.2832814062720924,0.4009328114033735,0.6267802822961218,3
0.5937677053824363,0.7999999999999997,0.4660351201478754,0.7430341679046344,0.4750141643059488,0.276716603917832,0.5944273343237073,0.3462800177134129,2
0.3994334277620397,0.349288256227758,0.4318391866913131,0.4586760389869198,0.139517405462079,0.1724910065820826,0.1602101538311963,0.1980742876309044,3
0.6379603399433428,0.7601423487544482,0.4962261244608754,0.4876625964708866,0.4849406712167188,0.3165725870498276,0.3706929914810724,0.2419909202912758,2
0.506515580736544,0.5567615658362989,0.7355976586568111,0.5185332801913112,0.2820084078513605,0.3725916752629967,0.2886994010175467,0.3814318668443647,3
0.8484419263456092,0.7327402135231317,0.1881546518792376,0.2677995579549983,0.6216875182724588,0.1596382952913078,0.1962275052773457,0.0503877326004364,1
0.3586402266288953,0.3113879003558718,1.0,0.5154896916554947,0.1116762271531257,0.3586402266288953,0.1605172527397003,0.5154896916554947,4
0.7192634560906516,0.8375444839857652,0.3030653111521886,0.7175259973187433,0.6024151401812629,0.2179838031205118,0.6009599411706984,0.2174572396371893,1
0.4385269121813032,0.3327402135231316,0.5954251386321658,0.6724519004311751,0.1459155383948464,0.261109947479488,0.2237517889335048,0.4003947660376958,3
0.6694050991501417,0.6720640569395017,0.4567929759704263,0.6763650856915104,0.4498831066708336,0.3057795473705715,0.4545606634620702,0.3089588203355174,2
0.4297450424929179,0.3263345195729538,0.5593807763401131,0.323888546686474,0.1402406419807849,0.2403911154980033,0.1056960132781127,0.1811770266931507,3
0.5903682719546742,0.7706405693950177,0.3006007393715357,0.6704228414072972,0.4549617412519028,0.1774651390510709,0.5166550402375452,0.2015296018185993,2
0.6968838526912182,0.6329181494661921,0.315696241528034,0.5051994637486864,0.4410704384381962,0.2200036130761936,0.3197499097071312,0.1594895719274385,2
0.5090651558073654,0.6713523131672597,0.6807609365372791,0.6844813217870211,0.3417620699041263,0.346551672225918,0.4595281187015001,0.4659681456620072,2
0.4943342776203968,0.7161921708185052,0.5581484904497849,0.7910069205405992,0.3540383393989496,0.2759119308314093,0.5665129635544326,0.4414993186350683,3
0.5790368271954675,0.6128113879003557,0.6123690696241546,0.5486792999746366,0.3548403617190728,0.3545842431478108,0.3362369233296526,0.3359942324475006,3
0.1498583569405099,0.1852313167259787,0.5692390634627245,0.8831841733396137,0.0277584607784823,0.0853052307568785,0.1635933673392416,0.5027429316969422,5
0.4736543909348443,0.2555160142348753,0.1339340727048679,0.4770825029892386,0.1210262820965188,0.0634384616324473,0.1219022196250082,0.063897602641581,3
0.8118980169971671,0.9241992882562275,0.1607362908194716,0.471575057067285,0.7503555694454244,0.1305014757758089,0.4358293321009747,0.075799225515976,1
0.723229461756374,0.8234875444839856,0.3452711028958717,0.5950577919489837,0.5955704535602311,0.2497102339074109,0.490022679918131,0.2054562601130077,2
0.7929178470254958,0.7825622775800712,0.3834719654959961,0.4866480669589477,0.6205075963021586,0.3040617652757204,0.3808324196593331,0.1866158907415747,2
0.591501416430595,0.7074733096085409,0.5988139248305622,0.5921591362005869,0.4184714647202928,0.3541992847156413,0.418936783902764,0.3545931364725488,2
0.475070821529745,0.4250889679715302,0.7087954405422074,0.4214283126200224,0.2019473652374663,0.336728032234924,0.1791445264856287,0.2987064665004679,3
0.34985835694051,0.3327402135231316,0.6779882932840415,0.6547701003659554,0.1164119443912372,0.2371998703132553,0.2178683430043303,0.4439264628405346,3
0.7512747875354108,0.9530249110320284,0.4386167590881094,0.56346244429146,0.7159835875515409,0.3295217124933898,0.5369937458407579,0.2471440711829845,1
0.7507082152974505,0.7999999999999997,0.3378773875539131,0.229537302076162,0.6005665722379602,0.2536473305999631,0.1836298416609295,0.077555463971667,1
0.5577903682719547,0.448932384341637,0.6213031423290225,0.4944744374796188,0.2504101599911284,0.3465569085682282,0.2219855882137149,0.3072185218074629,3
0.7770538243626063,0.6934163701067614,0.4493992606284678,0.4779520997137577,0.5388218422670954,0.3492074141370785,0.3314198100684187,0.2147913202271864,2
0.6611898016997168,0.731850533807829,0.4866759088108452,0.468096670169209,0.4838921093222303,0.3217851476386721,0.3425767979370028,0.2278113723659302,2
0.3872521246458924,0.5064056939501779,0.5911121380160225,0.4870828653212071,0.1961066809149839,0.2289094313506807,0.2466615364242269,0.287920593910989,3
0.4039660056657224,0.3998220640569394,0.3104590264941471,0.8018768795970868,0.1615145221941064,0.1254148928557092,0.3206080691200451,0.2489499154078759,3
0.4592067988668556,0.4946619217081849,0.5082409118915585,0.7489764121888474,0.2271521175889427,0.2333876822028942,0.3704901113674368,0.3806604547161276,3
0.3733711048158641,0.2845195729537366,0.2355976586568076,0.981738468785101,0.1062313872954744,0.087965358104723,0.2793238098909922,0.2312952846590891,4
0.7878186968838528,0.8263345195729536,0.4355360443622906,0.4633138881843545,0.6510017844001088,0.3431234389154476,0.3828522592042956,0.2017898981579263,2
0.6580736543909349,0.6850533807829181,0.6779882932840415,0.313453385992246,0.4508155817446795,0.4461662337957021,0.2147323017918411,0.2125177261929867,2
0.2730878186968838,0.2747330960854092,0.949707332101049,0.6875249103228376,0.0750262619338057,0.2593535037239124,0.1888858472488364,0.652947448335715,4
0.4858356940509916,0.3419928825622775,0.6083641404805924,0.5911446066886481,0.1661523494601433,0.2955650144261235,0.2021672480525945,0.3596311805478772,3
0.7005665722379604,0.7322064056939502,0.5692390634627245,0.290698938367332,0.5129593318076882,0.3987898594740277,0.2128516248009913,0.1654771914258283,2
0.5804532577903684,0.7453736654804269,0.6290049291435658,0.6476683937823833,0.4326545723992621,0.3651079602875826,0.4827549646893956,0.407386612139615,3
0.3651558073654391,0.2852313167259787,0.6755237215033922,0.5366498786187904,0.104153871744982,0.2466714099200772,0.1530693514992742,0.362519723148909,4
0.2076487252124646,0.2711743772241993,0.5676987060998187,0.8369506141526866,0.0563090137408889,0.1178819126263929,0.2269595615602659,0.4751357807239287,5
0.1226628895184136,0.2338078291814946,0.477125693160815,0.6404217544113915,0.0286795439194297,0.0585256161865815,0.1497356201595317,0.3055616734888003,5
0.2671388101983003,0.302135231316726,0.7513093037584717,0.9279684046523424,0.0807120462129384,0.2007038734969515,0.2803719485942486,0.6971912960092111,4
0.8141643059490086,0.8131672597864769,0.3825477510782527,0.6118699952896842,0.6620517576845141,0.3114567242489797,0.497552647415277,0.2340694906503297,1
0.3708215297450425,0.4749110320284696,0.5606130622304413,0.6691184463205189,0.176107235389594,0.2078873933313449,0.3177717318913637,0.3751165411866212,3
0.2390934844192634,0.2096085409252669,0.4999229821318565,0.5734628066234284,0.0501160364138598,0.1195283277391747,0.1202027021712453,0.2866872364288885,4
0.0410764872521246,0.2838078291814947,0.0,0.9976810754012826,0.0116578286774268,0.0,0.2831497002250971,0.0,5
0.7288951841359774,0.8939501779359428,0.6576555760936564,0.3873691075763614,0.6515959795550088,0.479361982234838,0.3462886826447756,0.2547554536040175,2
0.3354107648725213,0.3423487544483986,0.6493376463339509,0.8098481829051778,0.1148274575826923,0.2177948366173931,0.2772505167098865,0.5258649129754751,4
0.5742209631728045,0.2800711743772242,0.1625847196549621,0.2250443856661471,0.1608227395078281,0.0933595543174527,0.0630284453805187,0.0365887783534537,3
0.6549575070821531,0.7774021352313166,0.1265403573629093,0.7823109532954093,0.509165364491446,0.0828785570036958,0.6081702055066981,0.0989939075989193,1
0.730028328611898,0.8293594306049822,0.3572858903265583,0.8236167977100619,0.6054558789430706,0.2608288213517112,0.6830743583855158,0.2942666608577483,1
0.8592067988668556,0.8846975088967971,0.2599353049907584,0.2718576760027537,0.7601381145846985,0.2233381813135893,0.2405118087341087,0.0706654079258545,2
0.4297450424929179,0.346797153024911,0.572011706715962,0.298670241675423,0.1490343572631133,0.2458191952090976,0.1035779895062988,0.1708428746860275,3
0.3240793201133145,0.154270462633452,0.6786044362292074,0.5933185984999456,0.0499958666438156,0.2199216643190406,0.0915315346796179,0.4026286330393591,4
0.6824362606232295,0.4192170818505338,0.3976432532347544,0.0617051342439942,0.2860889377274606,0.2713661747995817,0.0258678463129626,0.0245366303220691,2
0.8062322946175638,0.6884341637010675,0.4626463339494755,0.5008514801260915,0.5550378554938352,0.3730004154164894,0.3448032698590476,0.2317171011335048,2
0.5824362606232295,0.4523131672597864,0.3674522489217509,0.7376716547701003,0.2634435897694393,0.2140175138195807,0.3336586025668318,0.2710591085111027,2
0.569971671388102,0.5660142348754448,0.3973351817621697,0.7244827711148956,0.322612079481415,0.2264697976502791,0.4100675613730395,0.2878624935444974,2
0.7886685552407933,0.8814946619217082,0.1943160813308715,0.5786803869705424,0.6952071214702651,0.1532509831232709,0.5101036720733215,0.1124469051391481,1
0.4677053824362607,0.299288256227758,0.1650492914356149,0.939563027645929,0.1399787283376851,0.0771944419717281,0.2812001801602229,0.1550742119720616,3
0.5934844192634562,0.332562277580071,0.3092267406038225,0.6218703576216529,0.1973705301785407,0.183521252567991,0.2068106224901901,0.1922989437654771,3
0.2022662889518414,0.3238434163701068,0.558456561922366,0.7299902170368491,0.0655026060306675,0.1129569363208412,0.2364025258019689,0.4076678268433605,5
0.3203966005665722,0.3354092526690391,0.6980129390018526,0.8424580600746405,0.1074639843537346,0.2236409728076757,0.2825682283346436,0.5880466264984991,4
0.5487252124645893,0.3418149466192171,0.3190850277264339,0.6160730461248596,0.1875624792072021,0.1750899996334567,0.2105829753747073,0.1965796850042594,2
0.4220963172804533,0.3704626334519573,0.4527880468268641,0.937099170259792,0.1563709132700896,0.1911201670742287,0.3471602264200866,0.4243073029850061,3
0.3739376770538244,0.3238434163701068,0.546441774491683,0.4443276930323562,0.1210972548466121,0.2043351677985896,0.1438925980994463,0.2427992130363965,4
0.6841359773371105,0.7601423487544482,0.4444701170671621,0.5856371607666944,0.5200407286804511,0.3040779979368829,0.4451676069030814,0.2602982174048531,1
0.8949008498583569,0.7939501779359431,0.504544054220581,0.2408420594949091,0.7105066889800692,0.4515169029129788,0.191216595990442,0.1215154291243958,1
0.441643059490085,0.6713523131672597,0.7371380160197205,0.8901409471357657,0.2964980895829343,0.3255518886614006,0.5975981839044918,0.6561567317495732,3
0.1325779036827195,0.1816725978647686,0.8776186075169505,0.70303271857676,0.0240857721815047,0.1163528352175446,0.1277217803677707,0.6169945955161923,5
0.1189801699716713,0.1855871886120996,0.4420055452865092,0.8631834486756766,0.0220811952456322,0.0525898949066101,0.1601957894962154,0.381531870914182,5
0.7977337110481587,0.7790035587188612,0.3391096734442378,0.5156346244429144,0.6214373998165194,0.270519218249001,0.4016812074396938,0.1748566891113789,1
0.5529745042492917,0.6850533807829181,0.7214263709180564,0.5937533968622051,0.3788170536227354,0.3989303898107779,0.4067527718717952,0.4283493583185691,2
0.6079320113314448,0.6998220640569394,0.3058379544054226,0.5705641508750317,0.4254442349762584,0.1859286827631832,0.3992933817422596,0.1745001727606866,2
0.7504249291784704,0.6033807829181496,0.431531115218732,0.444472625819776,0.4527919812890024,0.3238317065763233,0.2681862409528222,0.1918037679042061,2
0.1113314447592068,0.3649466192170818,0.4475508317929808,0.93883836370883,0.0406300343774258,0.0498264807066972,0.3426258868268345,0.4201778905970479,5
0.5626062322946176,0.4441281138790035,0.3542051756007396,0.794630240226095,0.249869244805581,0.1992780393039855,0.352917629822835,0.2814621437769418,2
0.5169971671388102,0.3855871886120996,0.5159426987061018,0.754628790898221,0.1993474841974735,0.2667409136370072,0.290975193928193,0.3893452148973507,3
0.1824362606232294,0.2158362989323843,0.3729975354282189,0.7236131743903764,0.0393763672839817,0.0680482755852047,0.1561819894191328,0.2699059306510004,5
0.5892351274787536,0.4441281138790035,0.3542051756007396,0.6991195333164246,0.261695885798393,0.2087101317987361,0.3104986397077928,0.2476317570642513,2
0.6940509915014165,0.8172597864768684,0.3991836105976603,0.7681075401282655,0.5672199651185064,0.2770537807264214,0.6277434042364989,0.3066159411956882,1
0.6577903682719548,0.5718861209964413,0.5559919901417167,0.4502699373165693,0.3761811821398688,0.3657261759515769,0.2575031278532836,0.2503464785496254,2
0.2728045325779037,0.2852313167259787,0.6986290819470149,0.7070908366245154,0.0778123960360106,0.1905891801458853,0.2016844503752844,0.4939942220441319,4
0.6609065155807367,0.4209964412811388,0.3280191004312982,0.6936120873944707,0.2782392910790076,0.216789960709977,0.2920082204226543,0.2275180129554092,2
0.8243626062322947,0.7898576512455516,0.4102741836105998,0.408674227327077,0.6511291119333018,0.338214695271061,0.3227944653211556,0.1676684849793092,2
0.8422096317280454,0.8131672597864769,0.3538971041281584,0.5885358165150911,0.6848572983980725,0.298055549737398,0.4785780572017734,0.2082811211403919,1
0.2954674220963173,0.3476868327402135,0.7208102279728905,0.7399905793688177,0.1027301321665843,0.2129759398798087,0.2572849807983398,0.5333927782126289,3
0.1371104815864022,0.2485765124555159,0.4429297597042527,0.8940541323961013,0.034082445333844,0.0607303126619994,0.2222408581774649,0.3960031820247993,5
0.1841359773371105,0.2686832740213523,0.7134165126309355,0.6814377332512047,0.0494742572560563,0.1313656468017303,0.1830909212116226,0.4861489312312042,4
0.5923512747875355,0.43932384341637,0.3107670979667283,0.8272401173955577,0.2602340386922463,0.1840832866426144,0.3634263078024255,0.2570790106046731,2
0.5940509915014165,0.5912811387900355,0.4906808379544074,0.4983876227399543,0.3512511467543072,0.2914894382975616,0.2946872011325387,0.2445492563521458,2
0.6747875354107649,0.8475088967971528,0.3477356746765281,0.8063697960071017,0.571888439708447,0.2346476988893739,0.6834055762245239,0.2804035450533038,2
0.1189801699716713,0.1855871886120996,0.4355360443622906,0.8720243487082866,0.0220811952456322,0.0518201525870147,0.1618365472780681,0.3797980354240098,5
0.5212464589235128,0.7064056939501778,0.6022027110289621,0.6115801297148447,0.3682114665349369,0.3138960306779859,0.4320236859373546,0.3682952121257237,3
0.1603399433427762,0.2718861209964412,0.7257393715341998,0.9223160259429688,0.0435942052362565,0.1163650097134156,0.2507649266264868,0.6693610530237709,4
0.5076487252124646,0.7855871886120996,0.4999229821318565,0.4446175586071959,0.3988023348421763,0.2537852645836507,0.3492858578738024,0.2222745358070948,3
0.3331444759206799,0.249644128113879,0.5267252002464602,0.7385412514946195,0.0831675622271733,0.1754755907903221,0.1843724868055073,0.3890082885837747,4
0.3679886685552408,0.3097864768683274,0.6847658656808413,0.657523823326932,0.1139979131591947,0.2519860791839696,0.2036919886854428,0.4502498700862432,3
0.2436260623229462,0.3437722419928825,0.8200092421441774,0.8727490126453856,0.0837518776526569,0.1997756227320092,0.3000268847741787,0.7156622564414218,4
0.2980169971671388,0.2578291814946619,0.4811306223043736,0.5054893293235262,0.0768374784511003,0.1433851033043062,0.1303299000337703,0.2432063955856486,4
0.7036827195467422,0.8508896797153026,0.4731207640172528,0.7530345302366028,0.5987563638563206,0.3329269058976929,0.6407493102475863,0.3562762722769145,2
0.4895184135977338,0.5542704626334519,0.5750924214417772,0.8898510815609262,0.2713255975724093,0.2815183298162581,0.4932181706516521,0.5117466132174574,2
0.311614730878187,0.3585409252669038,0.5713955637707961,0.707380702199355,0.1117266339358623,0.1780552748294265,0.2536249314825088,0.4041941951337821,4
0.231728045325779,0.2019572953736654,0.8212415280345091,0.758976774520816,0.0467991692962204,0.1903046940317927,0.1532808966336523,0.6233032460501781,4
0.3175637393767705,0.2622775800711744,0.5396642020948867,0.813906300952933,0.0832898490820924,0.1713777820250334,0.2134693750186162,0.4392360944837654,4
0.3495750708215298,0.2476868327402135,0.5110135551447961,0.6734664299431137,0.0865851420967205,0.1786375997305038,0.1668087669894687,0.3441504746359042,4
0.5,0.3855871886120996,0.5233364140480603,0.8362259502155875,0.1927935943060498,0.2616682070240301,0.32243801318811,0.4376274901197574,3
0.6056657223796035,0.3080071174377224,0.3363370301910073,0.4659226783579114,0.1865493532809775,0.2037078103536469,0.1435075011098834,0.1567070499375398,2
0.5223796033994335,0.5912811387900355,0.4953019100431319,0.5046197325990072,0.3088732067787041,0.2587356153313131,0.2983721301470641,0.2499391174017427,3
0.8524079320113315,0.7836298932384341,0.1998613678373395,0.3854849813399035,0.6679723367576341,0.1703634152471826,0.3020775547724083,0.0770435556513444,2
0.5368271954674222,0.3419928825622775,0.6216112138016037,0.3812819305047283,0.1835910800157269,0.333697804576215,0.130395706482222,0.2370091236216628,3
0.5297450424929179,0.3001779359430604,0.5033117683302528,0.58940541323961,0.1590177734315929,0.2666269141012954,0.1769265003799327,0.2966546808010515,3
0.5878186968838527,0.8117437722419928,0.2694855206407887,0.93898329649625,0.4771581664028711,0.1584086275721349,0.7622138431700876,0.253042402529296,2
0.6750708215297451,0.7612099644128113,0.2639402341343206,0.3615710714156309,0.5138706360327845,0.178178350691809,0.2752315024049944,0.0954331532456387,2
0.6181303116147309,0.5948398576512456,0.6250000000000036,0.5292583064603791,0.3676885465708265,0.386331444759209,0.3148239356756312,0.3307864415377388,2
0.3821529745042494,0.3163701067615658,0.5606130622304413,0.582448639443458,0.1209017773431593,0.214239949277299,0.1842693382438555,0.3265283153503512,4
0.1410764872521246,0.2492882562277579,0.7047905113986452,0.5975216493351208,0.0351687115018196,0.0994293695967493,0.1489551300210861,0.4211275888066617,5
0.6254957507082154,0.4101423487544483,0.4179759704251395,0.4514293996159281,0.2565422963313943,0.2614421933990675,0.1851503142552872,0.1886866413829056,2
0.6917847025495751,0.6797153024911032,0.5131700554528678,0.50215587521287,0.4702166483522023,0.3550031941688111,0.3413230326180006,0.2576913583289718,2
0.3028328611898017,0.3585409252669038,0.5818699938385699,0.7486865466140076,0.1085779742522153,0.1762093550746263,0.2684347671578692,0.4356382362653127,4
0.5711048158640226,0.7608540925266903,0.4811306223043736,0.6370883003007355,0.4345274364118435,0.2747760154576819,0.4847312405846877,0.3065226903865285,2
0.6317280453257791,0.7322064056939502,0.5680067775723998,0.3601217435414325,0.4625553214440536,0.3588258113276067,0.2636834474507108,0.2045515910827232,2
0.4654390934844193,0.4295373665480426,0.5378157732593962,0.698539802166745,0.1999234825038056,0.2503204859674753,0.3000489470516943,0.3756857238547736,3
0.5067988668555241,0.4889679715302492,0.2448398028342602,0.8486901699336933,0.2478084139001744,0.124084534637533,0.4149823108501405,0.2077931338739402,2
0.4912181303116148,0.576512455516014,0.6995532963647584,0.6337548461900793,0.2831933704999344,0.3436332622936235,0.3653675625722164,0.4433452917394104,3
0.3677053824362606,0.2519572953736655,0.6481053604436262,0.5914344722634877,0.0926460536529795,0.2383118294209141,0.1490162300222595,0.3833118518251135,4
0.6606232294617564,0.7699288256227758,0.5131700554528678,0.1779412297547011,0.5086328672386157,0.3390120592963421,0.1370020820549095,0.0913141107405714,2
0.6008498583569405,0.6023131672597865,0.4567929759704263,0.7539041269611217,0.3618997812345629,0.2744639949102759,0.4540863825201774,0.3443781097509569,2
0.9218130311614732,0.9218861209964412,0.380391250770181,0.4082394289648174,0.8498066395814221,0.3506496118997646,0.3763502636061777,0.1552907069976313,2
0.6271954674220963,0.7316725978647688,0.204482439926064,0.6162179789122795,0.4589017370177332,0.1282504594890384,0.4508698094817248,0.1260057558542907,1
0.671671388101983,0.686476868327402,0.6437923598274793,0.1504040001449327,0.4610868710493683,0.4324169079747743,0.1032488670034075,0.0968289461807987,2
0.6161473087818697,0.3080071174377224,0.3418823166974754,0.5159244900177543,0.1897777564949139,0.2106498693532603,0.1589084149858955,0.1763854598882333,2
0.7042492917847026,0.6064056939501777,0.4651109057301319,0.4009927895938258,0.4270607804986238,0.327554025961787,0.2431643108426615,0.1865061195592365,2
0.4784702549575071,0.7322064056939502,0.5615372766481848,0.6966556759302873,0.3503389856139042,0.2686788839260011,0.5100957484792051,0.3911981310233939,3
0.6821529745042494,0.6797153024911032,0.5208718422674075,0.4833146128482916,0.4636698154103617,0.3553142765382202,0.3285163382705469,0.2517449727890484,2
0.7206798866855525,0.43932384341637,0.2962877387553924,0.4272256241168157,0.3166118576915709,0.2135286139925547,0.1876904031929568,0.1265817141079325,2
0.4226628895184137,0.5912811387900355,0.5578404189772037,0.8470959092720751,0.2499125946387346,0.2357784433750674,0.5008718338987732,0.4725443369422097,3
0.8175637393767706,0.93576512455516,0.5658502772643246,0.4421537012210587,0.7650476344096862,0.4626186686076036,0.413752013295649,0.2501927944293833,2
0.3447592067988669,0.5149466192170817,0.5750924214417772,0.6340447117649188,0.1775325879850392,0.1982684070523067,0.326499180755814,0.3646343085912408,4
0.6688385269121814,0.7891459074733095,0.3813154651879245,0.744048697416573,0.5278111862732249,0.2550384740251246,0.5871629845271353,0.2837172751778697,2
0.559773371104816,0.731850533807829,0.5498305606900828,0.5366498786187904,0.4096704404544675,0.3077805064939388,0.3927475001350684,0.2950665036552344,3
0.6189801699716715,0.7439501779359431,0.3181608133086904,0.8173846878510092,0.4604904075892453,0.1969352343001384,0.6080934839688735,0.2600597770727471,2
0.341643059490085,0.3137010676156584,0.3246303142329054,0.7298452842494292,0.1071737925055195,0.1109076937577574,0.2289532448632996,0.2369299039672963,4
0.2155807365439094,0.285409252669039,1.0,0.8155005616145514,0.0615287369068381,0.2155807365439094,0.2327514058415907,0.8155005616145514,4
0.3342776203966006,0.2578291814946619,0.4888324091189169,0.3907025616870175,0.0861865252588388,0.163405734493009,0.1007345216876313,0.190988074478397,4
0.6240793201133145,0.6140569395017793,0.6838416512630943,0.4120076814377332,0.3832202373151331,0.4267714327854381,0.2529961759148785,0.2817480132074584,2
0.8294617563739377,0.6087188612099644,0.4238293284041887,0.4251965650929381,0.5049090157571603,0.3515502191409247,0.2588251688937618,0.1802107746231078,2
0.0614730878186968,0.1798932384341637,0.6256161429451659,0.8024566107467661,0.0110585928442531,0.0384585560960625,0.1443565184101388,0.5020298096962421,5
0.778186968838527,0.8713523131672597,0.4543284041897735,0.5972317837602812,0.6780750153740688,0.353552443713685,0.5203992962765297,0.2713393632472204,1
0.6158640226628895,0.5948398576512456,0.4272181146025886,0.6856407840863799,0.3663404675733167,0.2631082666136055,0.4078464664058306,0.2929181630720237,2
0.4407932011331446,0.4192170818505338,0.4620301910043132,0.3947606797347729,0.1847880394785922,0.2036597669129494,0.1654904201877446,0.1823913522588496,3
0.468271954674221,0.34288256227758,0.1185304990757849,0.8421681944998007,0.1605622876614277,0.0555045084907287,0.288764788398775,0.099822616399814,3
0.3413597733711048,0.2752669039145907,0.364987677141098,0.7425993695423747,0.0939650479368503,0.1245921107521311,0.2044130293028564,0.2710396189357151,4
0.7237960339943343,0.5866548042704626,0.5221041281577357,0.3701221058734012,0.4246184206546833,0.3778968972926387,0.2171339115773316,0.1932422793989373,2
0.7337110481586403,0.5131672597864769,0.4869839802834264,0.2331606217616579,0.3765164880586332,0.3573055266102194,0.1196503973595411,0.1135454876308506,2
0.188385269121813,0.2747330960854092,0.8212415280345091,0.7262219645639334,0.0517556682427187,0.1547098062727899,0.1995172087698777,0.5964036358707078,5
0.6620396600566573,0.4016014234875444,0.1850739371534189,0.4227327077068008,0.2658760698839635,0.1225262864383966,0.1697700571697952,0.078236806578823,2
0.5668555240793202,0.68576512455516,0.5412045594577961,0.8894162831986667,0.3887297490750355,0.3067847941855666,0.6099306682291211,0.4813561477231248,2
0.3909348441926346,0.2763345195729537,0.4179759704251395,0.7115837530345304,0.1080287923542991,0.1634013708744171,0.1966351545307162,0.2974249097133706,4
0.809915014164306,0.8293594306049822,0.3545132470733207,0.6539005036414363,0.6717106549857349,0.2871256015248226,0.5423185493723727,0.2318163908088053,1
0.2473087818696884,0.2964412811387901,0.0180991990141734,0.9943476212906264,0.073312532134324,0.0044760908610122,0.2947656827527017,0.0179968954870089,4
0.2487252124645892,0.2597864768683274,0.8920979667282793,0.9549259031124316,0.0646154466545018,0.2218872563137193,0.2480768360398843,0.8518874565427661,4
0.3033994334277621,0.2861209964412811,0.5904959950708601,0.547519837675278,0.0868089482120714,0.1791561503458615,0.156656921527019,0.3233082713690991,4
0.8813031161473089,0.7774021352313166,0.1179143561306226,0.1224319721729046,0.685126924278931,0.1039182894964212,0.0951788765877971,0.0144364871685703,1
0.5475920679886686,0.793238434163701,0.3683764633394979,0.7040472480886988,0.4343710745717943,0.2017200293584276,0.5584773366511422,0.2593544352748209,2
0.6946175637393768,0.6955516014234876,0.4993068391866941,0.1760571035182433,0.483142358835805,0.3468273001942702,0.1224568002940948,0.0879065158740586,3
0.7189801699716715,0.8224199288256228,0.4293746149106603,0.6512917134678791,0.5913036202151362,0.3087118336099875,0.535635284634971,0.2796481286647747,2
0.5050991501416431,0.5546263345195729,0.6989371534195961,0.6525961085546577,0.2801412902120109,0.3530325621946572,0.3619469876094071,0.4561236664458981,2
0.3883852691218131,0.5912811387900355,0.5301139864448565,0.8704300880466684,0.22964488421562,0.2058884632906227,0.514668893697345,0.4614271638959669,3
0.3155807365439094,0.2850533807829182,0.7719500924214451,0.3285263958839087,0.0899573558618048,0.2436125787414985,0.0936475598231355,0.2536059816654675,4
0.1308781869688385,0.190747330960854,0.7953635243376489,0.7807166926337912,0.0249646648453015,0.1040957360464571,0.1489196253564811,0.6209535801624452,5
0.6628895184135978,0.6229537366548042,0.2802680221811471,0.6083916083916083,0.4129495024850544,0.1857867342503921,0.3789998257969788,0.170512712795523,2
0.5504249291784702,0.2902135231316726,0.4832871226124489,0.2624370448204645,0.1597407579163852,0.2660132802368238,0.0761627793776116,0.1268324442581965,3
0.221529745042493,0.2807829181494662,0.9574091189155922,0.8221674698358636,0.0622017682699384,0.212094598014729,0.230850581388077,0.7871506328966159,4
0.6376770538243627,0.5948398576512456,0.6126771410967358,0.4992572194644733,0.3793157279243496,0.3906901542800998,0.296978093357604,0.3058834858933991,2
0.4436260623229462,0.6752669039145908,0.5658502772643246,0.8269502518207181,0.2995659976006372,0.2510259303671196,0.5584121362383675,0.4679300292765563,3
0.3606232294617564,0.249644128113879,0.5224121996303168,0.6554947643030544,0.0900274716965915,0.1883939745409046,0.1636404189176486,0.3424384616657147,4
0.5362606232294618,0.4329181494661921,0.4312230437461508,0.5498387622739953,0.2321569566400854,0.2312479381902162,0.2380351794684395,0.2371031446374084,3
0.196600566572238,0.2741992882562277,0.7725662353666074,0.8014420812348273,0.0539077354248787,0.151886959587656,0.2197548482531794,0.6191670915639693,4
0.7325779036827197,0.7870106761565837,0.3763863216266188,0.7389760498568789,0.5765466313147098,0.2757323024720783,0.5815820406613836,0.2781404771757995,2
0.6062322946175638,0.5925266903914589,0.4721965495995093,0.4949092358418783,0.3592088151381649,0.2862607977742067,0.2932469315575541,0.2336944335294647,3
0.1609065155807366,0.2571174377224199,0.6813770794824414,0.8134715025906736,0.0413718709989616,0.1096380116560982,0.2091577084063208,0.5542808366774264,5
0.1702549575070822,0.241103202846975,0.5750924214417772,0.8543425486430667,0.0410490155555331,0.0979123357752147,0.2059847248062909,0.4913259250398805,4
0.1688385269121813,0.1852313167259787,0.6043592113370302,0.6178122395738976,0.0312741826540179,0.1020391189679518,0.1144381746256988,0.3733805178632451,4
0.5957507082152975,0.43932384341637,0.2673290203327205,0.700423928403203,0.2617274908511688,0.1592614531897199,0.3077129322468875,0.1872436425976238,2
0.2456090651558074,0.2948398576512455,0.6240757855822565,0.893474401246422,0.0724153418083937,0.1532786702832341,0.2634318652785268,0.5575957388554971,5
0.2376770538243626,0.2864768683274021,0.7183456561922377,0.7736149860502193,0.0680889780528867,0.1707342791912995,0.2216227984948136,0.5557229647943935,5
0.7203966005665723,0.7601423487544482,0.5026956253850905,0.3014239646363997,0.5476039639893943,0.3621402196471063,0.2291251204495906,0.1515245084089483,2
0.2141643059490085,0.3017793594306049,0.5618453481207659,0.7507156056378854,0.0646303670621918,0.1203272190309629,0.2265504745839596,0.4217860707893093,4
0.6320113314447593,0.5925266903914589,0.4509396179913736,0.4028769158302836,0.3744835825108626,0.2849989483679191,0.2387153255720363,0.1816731625220508,3
0.3606232294617564,0.3163701067615658,0.4111983980283433,0.7510054712127252,0.1140904096055165,0.1482876942464819,0.2375956811060899,0.3088122466731937,4
0.8334277620396602,0.736476868327402,0.6336260012322867,0.0780825392224354,0.6138002681640842,0.5280815001771637,0.0575059839575907,0.0494751270935749,1
0.1019830028328612,0.3649466192170818,0.3560536044362301,0.961592811333744,0.0372183521014587,0.0363114157498704,0.3509300455596991,0.3423785864753473,4
0.3909348441926346,0.2341637010676157,0.6619685767097963,0.7221638465161779,0.091542749992439,0.2587865823964643,0.1691045590774537,0.478049773629586,2
0.7107648725212464,0.6010676156583629,0.5935767097966718,0.5756367984347257,0.4272177472200658,0.4218934744702123,0.3459966379203742,0.3416845968527744,2
0.6271954674220963,0.8596085409252668,0.3206253850893432,0.8189789485126273,0.5391425806256489,0.2010947882685002,0.7040012989794489,0.2625854407469265,2
0.2093484419263456,0.2610320284697509,0.6203789279112755,0.8884017536867277,0.0546466484530158,0.1298753619621622,0.2319013118609305,0.5511457275066691,5
0.2181303116147309,0.3279359430604982,0.5886475662353661,0.7050617776006376,0.0715327694494571,0.1284018770541733,0.2312150989533763,0.4150328994301963,5
0.1898016997167139,0.2829181494661921,0.8089186691312378,0.8207181419616654,0.0536983456493905,0.153534138333691,0.2321960579571259,0.6638942271274926,4
0.5056657223796034,0.4638790035587188,0.4084257547751093,0.768542338490525,0.2345677114312501,0.2065269043267903,0.3565106541716723,0.3138924846746202,3
0.7229461756373938,0.4638790035587188,0.2855052372150339,0.5280988441610202,0.3353595515812607,0.2064049193690557,0.2449739656099251,0.1507749857751772,2
0.5558073654390935,0.686476868327402,0.6274645717806528,0.381571796079568,0.3815488996199327,0.3487494305477736,0.2619402116147639,0.2394227836306407,2
0.3728045325779037,0.3258007117437722,0.438000616142947,0.8140512337403529,0.1214599820551853,0.1632886149700051,0.2652184713485028,0.3565549419502007,4
0.5711048158640226,0.7806049822064057,0.4725046210720904,0.8012971484474076,0.445807264625528,0.269849664612276,0.6254965463058323,0.3786166054932889,2
0.184985835694051,0.2741992882562277,0.4290665434380791,0.8528932207688684,0.0507229844847922,0.0793712331062509,0.2338627140933853,0.3659479461570689,5
0.5679886685552408,0.6211743772241992,0.5898798521256943,0.8597050617776008,0.3528200074602038,0.3350450718164354,0.5340267563461929,0.507122694713082,2
0.6453257790368272,0.8288256227758005,0.3073783117683319,0.8312982354433132,0.5348625407034769,0.1983591485009235,0.6890012777037281,0.2555230481865589,1
0.6926345609065157,0.8487544483985764,0.383163894023415,0.8766621979057212,0.5878766646839999,0.2653925554921387,0.744070940215354,0.3359053014926818,2
0.7067988668555242,0.8288256227758005,0.3665280345040038,0.4849088735099097,0.5858130109987599,0.2590615994582123,0.4019048990763628,0.1777326963211377,1
0.8263456090651559,0.791103202846975,0.3776186075169434,0.2821479039095619,0.6537246579899791,0.3120434782229246,0.2232081104594149,0.1065442985881531,2
0.4932011331444759,0.7064056939501778,0.5587646333949472,0.744048697416573,0.3484000887159375,0.2755833503514456,0.5256002364312801,0.4157480976399594,2
0.6773371104815864,0.8026690391459074,0.4167436845348149,0.5711438820247108,0.5436775276481203,0.2822759630942613,0.458439510998838,0.2380206057944956,1
0.5824362606232295,0.2879003558718861,0.5184072704867546,0.5949128591615638,0.1676836067061184,0.3019391921022004,0.1712756238653754,0.3084071514954173,3
0.686685552407932,0.347508896797153,0.3979513247073356,0.3651943911011267,0.238629338763824,0.2732674252381251,0.1269082999680605,0.1453295917143821,2
0.5379603399433428,0.4544483985765124,0.4669593345656224,0.6086814739664479,0.2444752149849283,0.2512056023626394,0.2766143210872434,0.2842294960457947,3
0.7730878186968839,0.93576512455516,0.4034966112138036,0.584332765679916,0.7234286189549666,0.3119383150148641,0.5467982232581278,0.2357762907730356,1
0.2651558073654391,0.2653024911032029,0.3890172520024642,0.6289720642052248,0.0703464962245319,0.1031501835337978,0.1668678554679698,0.244680984003434,4
0.2702549575070821,0.2734875444839857,0.6918515095502187,0.9404326243704482,0.0739113647132357,0.1869763003147049,0.2571966091917044,0.6506397308009684,4
0.4620396600566573,0.6713523131672597,0.6903111521873093,0.8412985977752816,0.3101913945540512,0.3189511300899438,0.5648077596808073,0.5807578043638223,2
0.4294617563739377,0.3113879003558718,0.5239525569932226,0.6324504511033007,0.1337291946004254,0.225017585382925,0.1969374180481807,0.3313740310270915,3
0.238243626062323,0.2281138790035587,0.6499537892791132,0.573028008261169,0.0543466776889498,0.1548473475308029,0.1307156417421385,0.3724417253324097,4
0.3198300283286119,0.2702846975088967,0.3289433148490488,0.931881589912678,0.0864451624610607,0.1052059497066787,0.2518733336436579,0.3065362192326782,4
0.464872521246459,0.351067615658363,0.5147104128157736,0.6434653429472081,0.163201687619086,0.2392747273174743,0.2258998437072671,0.3311983123010008,3
0.0662889518413597,0.2587188612099643,0.3674522489217509,0.949563389977898,0.0171502021311987,0.0243580244327732,0.245669958901755,0.3489192031411401,5
0.4912181303116148,0.6023131672597865,0.662276648182381,0.8368056813652669,0.2958671478834192,0.3253222968691923,0.5040190803240976,0.5541968618345624,3
0.398300283286119,0.248220640569395,0.4016481823783131,0.5162143555925939,0.0988663514562519,0.1599765848226369,0.1281350580163111,0.2073365576413575,3
0.1767705382436261,0.2747330960854092,0.9580252618607544,0.8463712453349759,0.0485647172683556,0.1693506411901164,0.2325261926685413,0.8108450339434531,5
0.4815864022662889,0.6496441281138788,0.3942544670363546,0.5696945541505127,0.312859778411783,0.1898675903574512,0.3700987219223348,0.224604622820124,2
0.6271954674220963,0.4715302491103202,0.5338108441158376,0.537954273705569,0.2957416349944048,0.3348037418902165,0.2536617126903484,0.2871658249424921,2
0.3229461756373938,0.2818505338078292,0.6074399260628489,0.6223051559839123,0.0910225519945964,0.1961704010514583,0.1753970404054301,0.3780129979393973,4
0.2144475920679887,0.3263345195729538,0.571087492298215,0.8595601289901809,0.0699816519310838,0.1224683375834982,0.2805041417380768,0.4908840385445326,5
0.7252124645892352,0.6023131672597865,0.5048521256931622,0.2864958875321568,0.4368050164830179,0.3661250543270525,0.1725602454263969,0.1446380578229585,2
0.4705382436260625,0.686476868327402,0.7257393715341998,0.6276676691184462,0.3230136199126955,0.3414881292119848,0.4308793358467909,0.4555231397183572,3
0.5014164305949009,0.332562277580071,0.3575939617991395,0.6843363889996013,0.1667521901747098,0.1793034879276138,0.2275844681566288,0.2447145605456844,3
0.7560906515580738,0.9163701067615658,0.079405422057917,0.6711475053443965,0.6928588710896939,0.0600376973010143,0.6150195111252031,0.0532927509249899,1
0.2878186968838527,0.3017793594306049,0.6172982131854639,0.8283995796949164,0.0868577419777605,0.1776699673077709,0.2499938945129142,0.5113695803492612,4
0.0337110481586402,0.2540925266903915,0.4339956869993848,0.7098445595854923,0.0085657254040103,0.0146304495050783,0.1803661977025059,0.3080694773000814,5
0.2917847025495751,0.2813167259786476,0.6946241528034527,0.4554875176636834,0.0820839172119,0.202680701809506,0.1281362571932888,0.3163926310696838,4
0.2977337110481587,0.2829181494661921,0.7858133086876151,0.7040472480886988,0.084234270563447,0.2339631125865959,0.1991877445660197,0.5532496974929906,4
0.1988668555240793,0.1946619217081849,0.9293746149106604,0.6018696329577158,0.0387118042603812,0.1848218072711851,0.1171610993693488,0.5593623583564976,4
0.5175637393767705,0.4329181494661921,0.3520486752926715,0.5611435196927423,0.224062736281794,0.1822076288271135,0.2429292141303277,0.197549832756897,3
0.8586402266288952,0.7939501779359431,0.5051601971657433,0.3353382368926408,0.6817175607149698,0.4337508661782912,0.2662418528496376,0.1693995298658991,1
0.4779036827195468,0.5567615658362989,0.7229667282809622,0.7115837530345304,0.2660784027098686,0.3455084619291738,0.3961824845631753,0.5144513778292626,3
0.7512747875354108,0.7635231316725978,0.3443468884781282,0.2783796514366461,0.5736156785257024,0.2586991354798855,0.2125493032588342,0.0958591667878349,1
0.6609065155807367,0.7466192170818503,0.5251848428835508,0.1538823870430087,0.4934455052271833,0.3470980845459842,0.1148915473367374,0.0808166972617282,2
0.8390934844192636,0.7923487544483986,0.5510628465804075,0.3631653320772491,0.6648546772453703,0.4623932440711522,0.2877535985302474,0.2001269216738078,1
0.7855524079320114,0.8350533807829182,0.4339956869993848,0.157070908366245,0.6559781940257883,0.3409263569544742,0.1311625930538768,0.0681680967840259,2
0.6552407932011333,0.8713523131672597,0.5356592729513245,0.6402768216239718,0.5709455808373575,0.3509858068941682,0.5579066895894288,0.3429702167586816,2
0.6991501416430596,0.7532028469750888,0.2371380160197169,0.6807130693141055,0.526601877148589,0.1657950774891392,0.5127150217805352,0.161422946735839,1
0.6254957507082154,0.6923487544483985,0.5070086260012339,0.6385376281749338,0.4330612039155989,0.3171317411361826,0.44209073153535,0.3237440855110599,3
0.3569405099150142,0.2752669039145907,0.3976432532347544,0.7140476104206674,0.0982539090460012,0.1419349855738783,0.1965536749681089,0.2839362147721767,4
0.7787535410764873,0.7601423487544482,0.4410813308687622,0.3633102648646689,0.5919635458147248,0.3434936483167783,0.27616751806083,0.1602493751447906,1
0.6028328611898017,0.7891459074733095,0.3954867529266792,0.8723142142831262,0.4757230852983577,0.2384124108294542,0.6883831922323246,0.344988716138621,2
0.6067988668555241,0.8258007117437721,0.2494608749229812,0.8252110583716801,0.5010949361346062,0.1513725762280526,0.6814598793421649,0.2058578726175186,1
0.7662889518413598,0.7569395017793595,0.2888940234134303,0.377223812456973,0.5800343774258265,0.2213762983947107,0.2855356046604917,0.1089777049080482,1
0.158356940509915,0.2790035587188612,0.8480437461491093,0.8657922388492338,0.0441821499500972,0.1342936130587399,0.2415591157501065,0.7342296936205286,4
0.6634560906515581,0.6494661921708184,0.4956099815157131,0.652451175767238,0.4308923008680047,0.3288154608243059,0.4237449807029214,0.3233613151619061,2
0.7048158640226629,0.9676156583629892,0.3505083179297585,0.6178122395738976,0.6819908662909681,0.2470438229487929,0.5978047969400098,0.2165483288894638,1
0.628328611898017,0.3649466192170818,0.3301756007393734,0.3109895286061088,0.2293064026695432,0.2074587768951643,0.1134945770767133,0.1026811544311765,2
0.8453257790368273,0.7275800711743771,0.3591343191620488,0.4041813109170621,0.6150421904771505,0.3035854981245194,0.2940742669643891,0.1451553799142234,2
0.2019830028328612,0.3161921708185053,0.5516789895255734,0.65940794956339,0.0638654441341626,0.1114297789041738,0.2084996310274277,0.3637815113002612,5
0.3960339943342776,0.596085409252669,0.5834103512014828,0.8804304503786369,0.236070085590717,0.2310503317222869,0.5248117453324614,0.5136522382638802,3
0.2725212464589235,0.2644128113879003,0.4290665434380791,0.7228885104532774,0.0720581089391388,0.1169297492315671,0.1911409833689626,0.3101672744712894,4
0.5475920679886686,0.7535587188612097,0.2916666666666678,0.3712815681727598,0.4126427772121015,0.1597143531633622,0.2797824628490458,0.108290457383722,2
0.6628895184135978,0.711387900355872,0.5245686999383885,0.4909960505815428,0.4715715826721644,0.3477310928770054,0.3492886495062292,0.2575611599284431,2
0.2439093484419264,0.248932384341637,0.5636937769562564,0.8491249682959527,0.0607169356708638,0.1374901818581691,0.2113747029619284,0.4786464604866071,4
0.0858356940509915,0.2338078291814946,0.4635705483672225,0.7312946121236277,0.0200690572923492,0.0397908997606992,0.1709824057527484,0.3390066443601454,5
0.559773371104816,0.7806049822064057,0.4629544054220602,0.7328888727852458,0.4369618823908946,0.2591495481909323,0.5720967054997996,0.3392941323407374,2
0.5396600566572238,0.2555160142348753,0.1484134319162073,0.3654842566759665,0.1378917867188208,0.0800928010765934,0.093387080531439,0.0542427728446241,3
0.2620396600566573,0.2234875444839857,0.364987677141098,0.5240407261132648,0.0585626001834806,0.0956412468429223,0.1171165750886584,0.1912684073514148,4
0.3980169971671388,0.2722419928825622,0.5951170671595847,0.8055001992825825,0.1083569405099149,0.2368667080337723,0.2192909795199912,0.4793669161935115,3
0.5753541076487253,0.6300711743772242,0.6499537892791132,0.7639044892930904,0.3625140382889922,0.3739535824435918,0.4813141986809311,0.4965026174633699,2
0.8042492917847026,0.8263345195729536,0.438000616142947,0.4275154896916554,0.6645789521438004,0.3522616853342285,0.3532708067843501,0.1872520478955988,2
0.1728045325779037,0.2213523131672596,0.7294362292051773,0.4324432044639298,0.038250683011906,0.1260498866331892,0.095722303621553,0.3154397404095724,5
0.43314447592068,0.6537366548042703,0.7232747997535434,0.9053588898148484,0.2831624207353341,0.3132824840858833,0.591866292024867,0.6548232697359248,3
0.3186968838526913,0.3352313167259787,0.6789125077017886,0.7901373238160803,0.106837176010404,0.2163673006131763,0.2648787754572056,0.5364341119407552,4
0.5359773371104817,0.793238434163701,0.4001078250154037,0.7385412514946195,0.4251578236367486,0.2144487266088226,0.5858393059008921,0.2954961338196664,2
0.251558073654391,0.2019572953736654,0.775338878619845,0.75535345483532,0.0508039881846501,0.1950427547349638,0.1525491407896953,0.5856549006336428,4
0.438243626062323,0.3327402135231316,0.6542667898952566,0.5183883474038915,0.1458212777111288,0.2867282504158532,0.1724886494030741,0.3391642799750511,3
0.1790368271954674,0.2597864768683274,0.8982593961799132,0.9373890358346316,0.046511346566794,0.160821512290568,0.2435209950744772,0.8420185093144873,4
0.498300283286119,0.252135231316726,0.3403419593345695,0.4669372078698504,0.1256390571915357,0.1695924947505687,0.1177313209166509,0.158918324212638,3
0.6628895184135978,0.6023131672597865,0.6302372150338904,0.3463531287365483,0.3992670853790086,0.4177776439601426,0.2086130499596469,0.2182846312731967,2
0.6759206798866857,0.5912811387900355,0.4956099815157131,0.4518641979781875,0.3996591493351346,0.3349930356647285,0.2671787775589888,0.223948406807582,3
0.1558073654390935,0.299288256227758,0.5495224892175017,0.8056451320700024,0.0466313147097073,0.0856196512945116,0.2411201267156128,0.4427201184010706,4
0.6362606232294618,0.5781138790035586,0.4897566235366604,0.4683865357440485,0.3678310969524058,0.3116128545221924,0.2707807570520308,0.2293954082560384,2
0.6796033994334278,0.7120996441281137,0.3816235366605056,0.3060618138338344,0.4839453388848002,0.2593526528182869,0.2179465087122784,0.1168003918319971,3
0.5345609065155807,0.2967971530249109,0.4093499691928564,0.4676618718069495,0.1586561551722399,0.2188224906138583,0.1388007121306034,0.1914373728168483,3
0.5509915014164307,0.4441281138790035,0.3542051756007396,0.8124569730787348,0.2447108162874396,0.195164041513722,0.3608349830613028,0.2877764648173986,2
0.2660056657223796,0.1850533807829181,0.6878465804066565,0.4844740751476503,0.0492252477493371,0.1829710875359349,0.0896535655077502,0.3332438358859887,4
0.5152974504249292,0.252135231316726,0.3289433148490488,0.4482408782926917,0.1299246418598086,0.1695036514760396,0.1130173175339402,0.147445840356447,3
0.241643059490085,0.2864768683274021,0.6419439309919923,0.8488351027211132,0.0692251469357716,0.155121295505997,0.2431716219539131,0.5449045426047829,4
0.1674220963172804,0.2807829181494662,0.8686845348120755,0.9505779194898364,0.0470092647666669,0.1454369858566392,0.2669060421628046,0.8257523377946591,4
0.7076487252124646,0.93576512455516,0.4001078250154037,0.7110040218848508,0.6621929974897421,0.2831357923196823,0.6653327670982971,0.2844782727735521,2
0.5509915014164307,0.6313167259786477,0.6628927911275433,0.6908583644334938,0.3478501507162805,0.3652482942614934,0.4361504407491167,0.4579650294731281,2
0.3127478753541077,0.2768683274021353,0.8049137399876791,0.7663683466792275,0.0865899811478632,0.2517350620244753,0.2121831223190174,0.6168604121337512,3
0.7439093484419265,0.7999999999999997,0.3160043130006151,0.5196927424906699,0.595127478753541,0.2350785625891261,0.4157541939925357,0.1642251480621697,1
0.4507082152974505,0.2603202846975089,0.3212415280345055,0.5962172542483422,0.1173284909217384,0.1447861957798578,0.1552074453674954,0.1915297417952747,3
0.6974504249291785,0.8891459074733096,0.2211182994454716,0.8017319468096671,0.6201351909912998,0.1542190519078615,0.7128566793964246,0.1772776046896608,1
0.7246458923512749,0.7421708185053378,0.2851971657424528,0.3918620239863762,0.5378110350528766,0.2066669546654941,0.2908285590831271,0.1117579386030155,2
0.8036827195467423,0.7185053380782916,0.4842113370301923,0.2402623283452298,0.5774503241156129,0.3891522841797891,0.1726297654551668,0.1163377432460307,2
0.6696883852691219,0.755693950177936,0.386860751694396,0.38852856987572,0.5060794612523062,0.2590761521262187,0.293608689726367,0.1503064545968697,1
0.2807365439093485,0.2879003558718861,0.7124922982131849,0.5170839523171129,0.0808241508977448,0.2000226253623984,0.1488686538877382,0.3684183335555767,4
0.1875354107648725,0.2711743772241993,0.5692390634627245,0.8789811225044386,0.0508547982216487,0.1067524815898933,0.2383571584869687,0.5003503909758409,5
0.4070821529745043,0.290035587188612,0.4034966112138036,0.4994021522518932,0.1180683112719647,0.1642562692108316,0.1448443964716344,0.2015070760665189,4
0.3263456090651558,0.5149466192170817,0.6117529266789923,0.7124533497590491,0.1680505680844414,0.1996428814544473,0.3668754438083074,0.43584542183735,4
0.6903682719546743,0.4804270462633451,0.5097812692544714,0.369397441936302,0.3316715897291139,0.35193681393007,0.177468521926693,0.1883118968096429,3
0.1915014164305949,0.2813167259786476,0.7168052988293283,0.5986811116344795,0.0538725514905285,0.1372692300307722,0.1684190102302689,0.4291377931286275,5
0.5498583569405099,0.6012455516014233,0.5473659889094264,0.4137468748867712,0.3305998911213492,0.3009737633068546,0.2487634680146618,0.2264709673305822,3
0.7002832861189803,0.708540925266904,0.4885243376463357,0.4812855538244139,0.4961793674956903,0.3421054285160742,0.3410105116243446,0.2351197064008216,2
0.298300283286119,0.2622775800711744,0.5809457794208264,0.8855030979383312,0.078237476434829,0.1732962905751077,0.2322476096727936,0.5144292874113401,4
0.5022662889518413,0.3418149466192171,0.316620455945781,0.6923076923076923,0.1716821247467059,0.1590277814141273,0.2366411168902272,0.2191987771932329,3
0.2229461756373938,0.2861209964412811,0.5630776340110941,0.8141961665277728,0.0637895819261439,0.1255360050897255,0.2329586184655976,0.4584556510693611,4
0.4640226628895185,0.7327402135231317,0.4925292667898944,0.7954998369506141,0.3400080650852379,0.2285447419268688,0.5828947203848094,0.3918069514247665,2
0.8339943342776205,0.7754448398576511,0.2796518792359848,0.2673647595927387,0.6467166029860978,0.2332280828529006,0.2073266231859706,0.0747690574615866,1
0.7079320113314448,0.8402135231316724,0.3705329636475696,0.6823073299757236,0.5948140493784843,0.262312146219625,0.5732838455774673,0.2528173570943651,1
0.4252124645892352,0.290035587188612,0.4182840418977207,0.4634588209717742,0.1233267468470557,0.1778595883536767,0.1344195512782903,0.1938574288892258,4
0.784985835694051,0.7016014234875446,0.6351663585951961,0.198086887206058,0.550747179740506,0.4985965948065973,0.1389780420379869,0.1258181268321292,2
0.711614730878187,0.8475088967971528,0.3209334565619244,0.6911482300083336,0.6030998155111751,0.2283809753211201,0.5857542739376677,0.2218125904532304,1
0.2164305949008498,0.285409252669039,0.928758471965498,0.8143410993151925,0.061771294345367,0.2010117486066969,0.2324204845732327,0.756326195058682,4
0.3447592067988669,0.3466192170818506,0.8221657424522526,0.8395594043262438,0.119500166342383,0.2834492092250401,0.2910074234212675,0.6902569809906571,3
0.7745042492917847,0.8551601423487544,0.4472427603203925,0.5120113047574186,0.6623251640740778,0.3463914183331312,0.4378516602605256,0.2289933492549536,1
0.239943342776204,0.2535587188612099,0.7245070856438716,0.5496938294865756,0.0608397265936104,0.173840651994436,0.1393796631705285,0.3982570743977381,4
0.5504249291784702,0.6781138790035587,0.4604898336414074,0.954491104750172,0.3732507838254715,0.2534650840694771,0.6472536655165312,0.4395334500386098,2
0.2719546742209632,0.285409252669039,0.6807609365372791,0.6873799775354179,0.077618380329257,0.1851361187183535,0.1961846056880444,0.4679414372639849,2
0.5195467422096317,0.2555160142348753,0.1521102895871848,0.4080944961773977,0.1327525127781193,0.0790284054115855,0.1042746790944382,0.0620753719924802,3
0.2713881019830029,0.2653024911032029,0.3736136783733812,0.6082466756041884,0.0719999395118607,0.10139430704864,0.1613693582430329,0.2272492778308616,4
0.5739376770538244,0.4523131672597864,0.3600585335797923,0.4372259864487843,0.2595995685179397,0.2066511583661924,0.197763070738934,0.1574269475237274,2
0.7498583569405101,0.7850533807829182,0.3588262476894641,0.4367911880865247,0.5886788382244716,0.26906886051955,0.3429043989035137,0.1567321430449106,1
0.2308781869688386,0.2829181494661921,0.8006007393715358,0.763324758143411,0.0653196294093333,0.1848412471920118,0.2159584280156625,0.6111183657502136,4
0.563172804532578,0.3418149466192171,0.2750308071472602,0.585057429617015,0.1925008821186979,0.1548898709939811,0.1999813740737163,0.160908817095069,2
0.3433427762039661,0.3354092526690391,0.780884165126313,0.7425993695423747,0.1151603439758854,0.2681109371481845,0.2490746995707075,0.5798840887084237,4
0.6181303116147309,0.6329181494661921,0.2925908810844113,0.7521649335120837,0.3912258929561561,0.1808592925003358,0.4760588378118294,0.2200766006170982,2
0.4130311614730879,0.4873665480427046,0.8474276032039469,0.3398311533026558,0.2012975714012077,0.3500140072156812,0.1656223361024865,0.2879822997373026,3
0.3433427762039661,0.3476868327402135,0.7774953789279131,0.7937606435015763,0.1193757624025889,0.2669474218868642,0.2759801240928968,0.6171452322973222,4
0.3594900849858357,0.291814946619217,0.8326401725200299,0.7718757926011812,0.1049045799602794,0.2993258863818464,0.2252448932145795,0.6426947931154823,3
0.4824362606232296,0.7466192170818503,0.4842113370301923,0.7352077973839632,0.3601961831984112,0.2336011067882203,0.5489202700752863,0.3559959505663115,2
0.7189801699716715,0.6923487544483985,0.4974584103512001,0.3908474944744374,0.4977850251529845,0.3576627324281433,0.270602775978654,0.1944303732910031,2
0.5422096317280454,0.8071174377224198,0.4019562538508943,0.8198485452371462,0.4376268486687568,0.2179445523712781,0.6617140571522588,0.3295432499686287,2
0.3592067988668556,0.294661921708185,1.0,0.3689626435740424,0.1058445656447531,0.3592067988668556,0.1087192415940594,0.3689626435740424,3
0.6504249291784703,0.8288256227758005,0.3036814540973509,0.8362259502155875,0.5390888469952516,0.1975219882740843,0.6930854939687199,0.2539463125154086,1
0.5475920679886686,0.4167259786476868,0.7232747997535434,0.7976738287619116,0.2281958404322885,0.3960595433211329,0.3324114069324549,0.5769373787664138,3
0.753257790368272,0.6033807829181496,0.4657270486752942,0.4143266060364505,0.4545012752916033,0.3508125275998887,0.2499967119340932,0.1929631074170074,2
0.4498583569405101,0.7135231316725977,0.5177911275415923,0.5234609949635856,0.320984343653282,0.2329326658742348,0.3735015284348715,0.2710434588062387,2
0.6113314447592069,0.686476868327402,0.4198243992606301,0.8518786912569296,0.4196648957083664,0.2566518565451671,0.5847950161689027,0.3576394597998723,2
0.5430594900849859,0.3275800711743772,0.4238293284041887,0.457516576687561,0.1778954664139606,0.2301645389662407,0.1498733127547686,0.1939089434312724,2
0.1538243626062323,0.2813167259786476,0.7220425138632187,0.7159317366571252,0.0432733660641375,0.1110677294696112,0.2014035721805897,0.5169331508903705,5
0.5767705382436261,0.7161921708185052,0.5482902033271735,0.5760715967969854,0.4130785438488602,0.316237635686721,0.4125779674569156,0.3158544129388286,2
0.4934844192634561,0.2902135231316726,0.4811306223043736,0.2564948005362512,0.143215851925035,0.237430465737739,0.074438259728581,0.1234075029998427,4
0.2552407932011332,0.2880782918149466,0.2352895871842264,0.4924453784557411,0.0735293317068744,0.0600555008648691,0.1418628234376948,0.1158672698076314,4
0.4218130311614731,0.4501779359430604,0.552911275415898,0.9233305554549078,0.1898909197221577,0.233225181046536,0.4156630436478498,0.5105198750470427,3
0.5104815864022663,0.4596085409252668,0.3455791743684528,0.8714446175586072,0.2346216970955611,0.1764118051591932,0.4005233891732886,0.3011531114437356,2
0.798300283286119,0.8814946619217082,0.2134165126309319,0.482155150548933,0.7036974383273014,0.1703704624912085,0.425017191426942,0.1028998707771952,2
0.6575070821529745,0.6300711743772242,0.6099044978435018,0.5607087213304829,0.4142762594134666,0.4010165267690559,0.3532864025322491,0.3419787711195401,2
0.1994334277620397,0.2644128113879003,0.3603666050523735,0.8614442552266386,0.0527327533192866,0.071869147296564,0.2277768973784314,0.3104357416978941,5
0.228328611898017,0.2749110320284698,0.6240757855822565,0.7694119352150439,0.0627700543385118,0.1424943578411611,0.2115198291649898,0.4801713579056927,4
0.6297450424929179,0.8375444839857652,0.3421903881700565,0.812167107503895,0.5274394866573247,0.2154927005388202,0.6802260809645612,0.2779157777757098,2
0.6980169971671388,0.7788256227758005,0.1422520024645699,0.8475307076343346,0.5436335225267911,0.0992943156013315,0.6600786311949255,0.120562940311198,1
0.730028328611898,0.5663701067615657,0.3378773875539131,0.3157723105909634,0.413466222414888,0.2466600645117377,0.1788439972617502,0.1066923233643375,2
0.4169971671388103,0.4969750889679715,0.6693622920517583,0.8160802927642306,0.2072372042382023,0.2791221795751242,0.4055715761015117,0.5462533752629354,3
0.7770538243626063,0.6204626334519573,0.3914818237831206,0.4137468748867712,0.4821328621979374,0.3042024483391217,0.2567144755747635,0.1619743811652398,2
0.3883852691218131,0.2604982206405694,0.6188385705483697,0.5088227834341823,0.1011736715292409,0.2403477847653866,0.1325474297059862,0.314879163962852,3
0.7552407932011331,0.7532028469750888,0.2426833025261849,0.3673683829124242,0.5688495155908178,0.1832843298965464,0.2767029118982724,0.0891541724088911,1
0.1830028328611898,0.1850533807829181,0.7146487985212602,0.6389724265371934,0.0338652929138144,0.1307827546302362,0.1182440077577724,0.4566408769130194,5
0.706515580736544,0.7016014234875446,0.643176216882317,0.3354831696800608,0.4956923371608885,0.4544140183865435,0.2353754694036441,0.2157747959025099,2
0.5900849858356941,0.8341637010676154,0.4361521873074565,0.9766658212254068,0.492227475729134,0.2573668572695274,0.8146991761396273,0.4259749341958944,1
0.5036827195467423,0.7327402135231317,0.4872920517560111,0.7924562484147977,0.3690685834685915,0.2454405858419795,0.5806645606711988,0.386157631216918,2
0.4745042492917847,0.299288256227758,0.1400955021565018,0.9917388311170696,0.1420135493431996,0.0664759110799265,0.2968157853983827,0.138938149553448,3
0.2135977337110481,0.3322064056939502,0.4346118299445471,0.8253559911591,0.0709585353805207,0.0928321019201666,0.2741885472409323,0.3587094776733519,4
0.7560906515580738,0.8475088967971528,0.3113832409118906,0.521287003152288,0.6407935539806235,0.235433957505336,0.4417953729562895,0.1623200364868064,1
0.6121813031161474,0.8507117437722419,0.4669593345656224,0.8294141092068552,0.5207898238787011,0.2858637739366317,0.7055923231526645,0.3873026605145716,2
0.5906515580736544,0.7640569395017792,0.64132778804683,0.8081089894561397,0.4512914217737138,0.3788012572457905,0.6174412812677337,0.5182627507086651,1
0.8552407932011332,0.827224199288256,0.3551293900184866,0.3250480089858327,0.7074758803544603,0.303721141208445,0.2688875789635472,0.1154341011578623,1
0.546742209631728,0.7220640569395017,0.3979513247073356,0.5905648755389687,0.394782897986753,0.2175767865963619,0.4264256699176397,0.2350160745463553,2
0.694900849858357,0.7772241992882564,0.3859365372766525,0.5927388673502663,0.5400937566158903,0.2681876277449373,0.4606909915633387,0.2287595859744468,2
0.5419263456090653,0.3455516014234875,0.3458872458410376,0.0657632522917496,0.1872635165787908,0.1874454111314178,0.0227245971442309,0.0227466702127425,4
0.5305949008498584,0.6055160142348753,0.5285736290819507,0.7679626073408456,0.3212837095359551,0.2804584723145875,0.4650136570784515,0.4059247823613879,2
0.1798866855524079,0.2540925266903915,0.4404651879235999,0.7883981303670422,0.0457078624499712,0.0792338227567948,0.2003260729829424,0.3472619306507341,5
0.773371104815864,0.8814946619217082,0.1970887245841019,0.621000760897134,0.681722500579678,0.1524227246783564,0.5474088557801426,0.1223922479309729,1
0.5198300283286119,0.576512455516014,0.6909272951324752,0.5933185984999456,0.2996884860826872,0.3591647554017257,0.3420555621245237,0.4099400144133585,3
0.653257790368272,0.7695729537366548,0.4398490449784376,0.3554838943439978,0.5027295272851916,0.2873348152182088,0.2735707905761192,0.1563592514324232,3
0.6813031161473088,0.6149466192170819,0.4007239679605661,0.620131164172615,0.4189650479368504,0.273014488086448,0.3813475628791028,0.2485014207632555,2
0.7209631728045327,0.8508896797153026,0.4826709796672865,0.6328852494655604,0.6134601231941772,0.347988000921599,0.5385155272142901,0.305475343376517,1
0.7586402266288953,0.7914590747330962,0.2118761552680226,0.5238957933258451,0.6004326918230118,0.1607377744497916,0.4146420798422348,0.1110010264509706,1
0.196600566572238,0.2644128113879003,0.3711491065927319,0.8604297257146998,0.0519837085278195,0.072968124638911,0.2275086427779437,0.3193477239848402,5
0.2067988668555241,0.2718861209964412,0.7322088724584113,0.8079640566687198,0.0562257417358079,0.1514199651259604,0.219674213272207,0.5915984509203273,4
0.5997167138810199,0.7914590747330962,0.2660967344423888,0.7672379434037464,0.4746512354702449,0.1595826591542598,0.6072374327864527,0.2041595112800312,2
0.268271954674221,0.3211743772241991,0.646873074553298,0.7227435776658575,0.0861620779692115,0.1735379041365363,0.2321267184496213,0.4675233601983635,4
0.6886685552407933,0.8939501779359428,0.631469500924215,0.596362187035762,0.6156353774963959,0.4348731888801039,0.5331180832148875,0.376584532617546,2
0.8807365439093485,0.7677935943060498,0.4940696241528073,0.2743215333888908,0.6762238766848467,0.4351451732269343,0.2106223161162035,0.135533936898471,1
0.4390934844192635,0.344306049822064,0.6320856438693774,0.0614152686691545,0.1511825431230026,0.2775446878179985,0.0211456485542373,0.0388197096401533,3
0.0974504249291784,0.3112099644128113,0.5187153419593358,0.847965505996594,0.0303275432742229,0.0505490304912213,0.2638953149444915,0.4398527174127444,4
0.5881019830028329,0.6590747330960852,0.3961028958718415,0.7954998369506141,0.3876031574808705,0.2329488985353946,0.5242938427162053,0.315099789081716,2
0.5269121813031162,0.4441281138790035,0.3554374614910678,0.8979673176564369,0.2340165132620245,0.1872843281511009,0.3988125311157413,0.3191712238897472,2
0.2968838526912181,0.2610320284697509,0.6379390018484301,0.8475307076343346,0.0774961942879033,0.189393788650752,0.2212326598041937,0.5406728936641411,4
0.6371104815864024,0.793238434163701,0.3113832409118906,0.4489655422297909,0.5053805208028793,0.1983855265753094,0.3561367237118163,0.1398003455972765,2
0.2762039660056657,0.2893238434163701,0.4802064078866301,0.873328743795065,0.0799123930116036,0.1326349143596216,0.2526748287207785,0.4193780589619713,3
0.3512747875354108,0.2455516014234874,0.6034349969192867,0.7815862893583101,0.0862560866190154,0.2119715003342537,0.1919197650025742,0.4716365201110886,4
0.6558073654390936,0.7608540925266903,0.4423136167590904,0.5660712344650167,0.4989737179034811,0.290072527704616,0.4306976154043436,0.2503810150595046,2
0.7464589235127479,0.801423487544484,0.2112600123228603,0.7537591941737019,0.5982297137902877,0.1576969213798121,0.604080322163408,0.1592391766496055,1
0.5963172804532578,0.3927046263345195,0.3954867529266792,0.4402695749846008,0.2341765547972135,0.2358355849605268,0.1728958989307853,0.1741207846230688,3
0.3575070821529745,0.3508896797153024,0.8107670979667319,0.7654987499547086,0.1254455455526095,0.2898549794997211,0.268605611194072,0.62064119999794,4
0.7787535410764873,0.7532028469750888,0.3160043130006151,0.3527301713830211,0.5865593842307419,0.2460894777446716,0.2656773692997025,0.1114642554824808,1
0.5892351274787536,0.3103202846975088,0.5338108441158376,0.5586796623066053,0.1828516125129797,0.3145401007821366,0.1733696318616938,0.29822926212624,3
0.5104815864022663,0.6023131672597865,0.485443622920517,0.945795137504982,0.3074697811337493,0.247810030737329,0.5696648648495309,0.459130218091027,2
0.6900849858356941,0.6149466192170819,0.4034966112138036,0.6172325084242183,0.424365429012128,0.2784469532342282,0.3795650443263521,0.2490512254801675,2
0.1124645892351274,0.3649466192170818,0.4848274799753547,0.8353563534910684,0.0410435716229975,0.0545259233853302,0.3048604770480749,0.4050037157444763,5
0.1971671388101983,0.2686832740213523,0.7014017252002454,0.6765100184789303,0.0529755123849465,0.1382933713142693,0.1817669266731645,0.4745052940763716,4
0.6422096317280453,0.7788256227758005,0.1838416512630942,0.55462154425885,0.5001693163832124,0.1180648791539474,0.431953469612275,0.1019625405226342,1
0.3818696883852692,0.2800711743772242,0.2722581638940227,0.7879633320047827,0.1069506920851269,0.103967140206556,0.2206858157607701,0.2145294499874383,4
0.2161473087818697,0.3314946619217082,0.7208102279728905,0.9695641146418348,0.0716516790499329,0.1558011909187862,0.3214053283946153,0.6988717305093147,4
0.696600566572238,0.4101423487544483,0.3572858903265583,0.5186782129787311,0.2857053925176171,0.248885553629747,0.2127319005188567,0.1853164071170941,2
0.5705382436260623,0.6332740213523133,0.5640018484288376,0.636653501938476,0.3613070478763623,0.3217846240044416,0.4031761233806115,0.359073751901993,3
0.5838526912181304,0.6177935943060496,0.6407116451016677,0.5260697851371425,0.3607004526529089,0.3740812182874043,0.3250025434156865,0.3370590374734994,3
0.6376770538243627,0.7138790035587189,0.6357825015403584,0.4037465125548026,0.4552242597763956,0.4054239124553391,0.2882261580729303,0.2566949677402881,2
0.8028328611898017,0.838967971530249,0.3837800369685773,0.2822928366969817,0.6735510570302339,0.3081112251470108,0.2368346485811865,0.1083383553035322,2
0.1430594900849858,0.2608540925266904,1.0,0.6779593463531286,0.03731765346345,0.1430594900849858,0.1768484700629335,0.6779593463531286,4
0.3583569405099151,0.3649466192170818,0.3495841035120151,0.8446320518859378,0.1307811539120704,0.1252758897854672,0.3082456118181598,0.2952699386560594,3
0.0827195467422096,0.2838078291814947,0.0880314232902037,0.9026051668538716,0.0234764549917836,0.0072819194336372,0.2561664130127981,0.0794576175072381,5
0.2396600566572238,0.2316725978647686,0.7778034504004943,0.5740425377731075,0.0555226679301966,0.1864084189911666,0.1329899260107803,0.4464922665565791,4
0.5257790368271955,0.5256227758007117,0.6169901417128827,0.5028805391499691,0.2763614367949351,0.3244004824416743,0.2643254648841652,0.3102723351147903,3
0.1787535410764872,0.3142348754448398,0.512861983980283,0.7840501467444474,0.056170596715494,0.0916758957199882,0.2463759002047498,0.4021095137993893,5
0.7580736543909349,0.7825622775800712,0.3409581022797319,0.4983876227399543,0.5932398455536178,0.2584713545893945,0.3900193531690959,0.1699292980491217,2
0.4815864022662889,0.4233096085409252,0.7355976586568111,0.5207072720026088,0.2038601514219752,0.3542538299480393,0.2204203914758374,0.3830310501306943,3
0.7594900849858358,0.6834519572953736,0.4900646950092451,0.3566433566433565,0.5190749851299991,0.3721992768611292,0.2437486001542939,0.1747783178004999,2
0.3441926345609066,0.2752669039145907,0.3997997535428226,0.7782528352476539,0.0947448408657869,0.1376081304687052,0.2142272484213737,0.3111452917260149,4
0.8118980169971671,0.8451957295373665,0.2189617991374,0.5099822457335409,0.6862127367858619,0.177774650517787,0.4310348162338646,0.1116666300539477,1
0.7739376770538244,0.7330960854092526,0.2993684534812075,0.314322982716765,0.567370681398889,0.2316925254704416,0.2304289481838206,0.0940983852295182,2
0.6402266288951842,0.5612099644128113,0.2978280961183017,0.6779593463531286,0.3593015636184005,0.1906774779680912,0.3804775406401721,0.2019153413699605,2
0.3611898016997168,0.3585409252669038,0.5692390634627245,0.5605637885430632,0.1295013256983859,0.2056033444518339,0.2009850594153509,0.31909480600137,4
0.1501416430594901,0.2587188612099643,0.3668361059765885,0.8202833435994059,0.0388444749125442,0.0550773756848702,0.2122227725255401,0.300909547563462,5
0.1730878186968839,0.2523131672597865,0.4497073321010489,0.7717308598137613,0.0436723357494984,0.0778388611653657,0.1947178575117284,0.3470530260668952,5
0.3611898016997168,0.291814946619217,0.8289433148490488,0.7854994746186457,0.1054005827024084,0.2994058715106338,0.229220487255263,0.6511345383025664,3
0.4430594900849859,0.301067615658363,0.3304836722119546,0.5511431573607739,0.1333908642746968,0.1464239272916422,0.1659313562730301,0.1821438145590797,3
0.791501416430595,0.7999999999999997,0.3215495995070867,0.357078155005616,0.6332011331444758,0.2545069634625497,0.2856625240044927,0.1148183377347852,1
0.3696883852691218,0.2222419928825623,0.4210566851509583,0.8063697960071017,0.0821602834877461,0.1556597660402267,0.1792092304649235,0.3395273933126047,4
0.2481586402266289,0.2019572953736654,0.7762630930375884,0.7424544367549548,0.0501174478037764,0.192636393626325,0.1499440899852088,0.5763399775148819,4
0.8011331444759208,0.904626334519573,0.2996765249537887,0.4327330700387695,0.7247261399493917,0.2400807967618455,0.3914617309745737,0.1296799426618029,1
0.1419263456090652,0.2788256227758007,0.7765711645101696,0.8183992173629477,0.0395727017027411,0.1102159074843045,0.2281906714604518,0.6355452332617557,5
0.3849858356940511,0.281138790035587,0.2596272335181773,0.7110040218848508,0.1082344520278648,0.09995280746493,0.1998908104231429,0.1845960072222613,4
0.1558073654390935,0.3142348754448398,0.5322704867529318,0.8010072828725678,0.0489601080721421,0.0829316622419582,0.2517044237638709,0.426352536347225,5
0.8711048158640228,0.7754448398576511,0.3144639556377093,0.3915721584115366,0.6754937344369059,0.2739310661716589,0.3036426096721488,0.1231353298516875,1
0.2254957507082153,0.2434163701067615,0.8261706715958148,0.6507119823181999,0.0548893571118929,0.1862979758046086,0.1583939487208714,0.5375991554472712,5
0.776487252124646,0.836832740213523,0.1219192852741848,0.6699880430450378,0.6497899549363363,0.0946687708035525,0.5606679299716748,0.0816844633503007,1
0.3546742209631728,0.237900355871886,0.203558225508317,0.7936157107141564,0.0843771233857227,0.0721968550528081,0.1888014600044175,0.1615470058084955,4
0.6104815864022664,0.8820284697508897,0.6055914972273584,0.5905648755389687,0.5384621394654865,0.3697024579390814,0.5208950334602612,0.3576410671875326,2
0.3801699716713881,0.3476868327402135,0.3338724584103509,0.7272364940758724,0.1321800933533616,0.1269282830557198,0.2528505532783371,0.2428042361228361,3
0.7084985835694052,0.7101423487544484,0.5140942698706112,0.3288162614587484,0.5031348482251773,0.3642350620244756,0.2335063522209724,0.1690425558562192,2
0.8668555240793201,0.8451957295373665,0.2087954405422074,0.3895430993876588,0.7326625870777171,0.1809954810365877,0.3292401640731991,0.0813348230468231,1
0.3147308781869689,0.248932384341637,0.543669131238449,0.8279647813326572,0.0783467079330194,0.1711094631178234,0.2061072471680404,0.4501388933631581,4
0.4280453257790369,0.3423487544483986,0.6293130006161469,0.3998333272944671,0.1465407841279122,0.2693744883657218,0.1368824415862196,0.251620310946019,3
0.4354107648725213,0.6713523131672597,0.7319008009858301,0.9046342258777492,0.292314024175093,0.3186774875680512,0.6073282801133003,0.662102514519121,3
0.7790368271954674,0.702491103202847,0.4182840418977207,0.3305554549077864,0.5472664401721896,0.3258586728664963,0.2322122661878898,0.1382660717501686,2
0.7147308781869689,0.4101423487544483,0.3591343191620488,0.4285300192035942,0.2931414011069329,0.2566843873217703,0.1757583085879509,0.1538998366871825,2
0.3229461756373938,0.3265124555160142,0.8498921749845998,0.8033262074712852,0.1054459488068714,0.2744694276154232,0.2622960125818164,0.6827406576899004,4
0.2971671388101983,0.2578291814946619,0.4829790511398677,0.6118699952896842,0.076618360166544,0.1435255027324989,0.1577579400666819,0.295520389745967,4
0.3640226628895184,0.291814946619217,0.7765711645101696,0.6807130693141055,0.10622725393929,0.2826895032282062,0.198642247984899,0.5286221409345467,3
0.7730878186968839,0.8637010676156583,0.3252464571780677,0.410413420776115,0.6677167743691592,0.2514440741186818,0.3544745096881249,0.1334855110857629,2
0.6439093484419264,0.6204626334519573,0.4509396179913736,0.6031740280444944,0.3995216900386116,0.2903642356074765,0.3742469458703117,0.2719950657887023,2
0.6637393767705383,0.7706405693950177,0.3033733826247697,0.6636110003985651,0.5115044912443418,0.2013608599121347,0.5114055592039476,0.2013219139379201,2
0.651558073654391,0.7309608540925266,0.4398490449784376,0.562302981992101,0.476263446009295,0.2865871964448743,0.4110214679757208,0.2473284296177532,2
0.196600566572238,0.1946619217081849,0.5760166358595207,0.3821515272292474,0.0382706440978697,0.1132451969650162,0.074390350674163,0.2201256371031691,5
0.4589235127478755,0.3352313167259787,0.6755237215033922,0.3559186927062574,0.1538455334549817,0.3100137192168543,0.1193150920033076,0.2404315198495532,3
0.7543909348441927,0.7421708185053378,0.2824245224892188,0.2791043153737453,0.5598869375863215,0.2130584995435664,0.2071430781893045,0.0788259029941103,1
0.3328611898016997,0.2738434163701068,0.5895717806531131,0.6301315265045835,0.091151845392316,0.1962455643817019,0.1725573699805256,0.3715077661269716,4
0.1790368271954674,0.8145907473309607,0.6786044362292074,0.8049204681329034,0.1458417428649198,0.1214951851832461,0.6556807656783685,0.5462226004866786,4
0.4861189801699717,0.3455516014234875,0.337569316081332,0.2437407152433057,0.1679791920800862,0.1640988516701319,0.0842249944844305,0.0822793865458574,3
0.6756373937677055,0.7946619217081848,0.4306069008009885,0.5359252146816913,0.5369033097093544,0.2909341241955687,0.4258793609908243,0.2307730957551875,2
0.6376770538243627,0.7275800711743771,0.3751540357362941,0.8801405848037973,0.4639611162077969,0.2392271202386396,0.6403727493350047,0.3301882924044465,2
0.4218130311614731,0.3704626334519573,0.4463185459026491,0.9326062538497772,0.1562659663484318,0.1882629787107775,0.3454957687749531,0.4162394671179494,3
0.1643059490084986,0.3177935943060498,0.5510628465804075,0.8081089894561397,0.0522153781012773,0.0905429039707185,0.2568118603502963,0.4453188400769168,4
0.2039660056657224,0.2348754448398576,0.6086722119531736,0.4702706619805065,0.0479066063129454,0.1241484398318087,0.1104550309278057,0.2862406840443581,5
0.3730878186968839,0.2530249110320284,0.458025261860751,0.6363636363636362,0.0944005121329125,0.1708836458556966,0.1610158524749271,0.2914706211841142,4
0.8053824362606232,0.7466192170818503,0.5285736290819507,0.2227254610674298,0.6013140040123797,0.4257039171331405,0.1662911093663585,0.1177268052453621,2
0.3320113314447592,0.237900355871886,0.2448398028342602,0.7857893401934852,0.0789856139042069,0.081289588929675,0.1869395636723646,0.1923925071222363,4
0.4226628895184137,0.3279359430604982,0.595733210104747,0.614768651038081,0.1386063532708961,0.2517943199649526,0.2016047373422034,0.366238101954681,4
0.2869688385269122,0.2476868327402135,0.6200708564386943,0.8510090945324105,0.0710784027098686,0.1779410134765998,0.2107837472578496,0.5276859380838296,4
0.6762039660056658,0.754982206405694,0.4235212569316076,0.5557810065582087,0.5105219622352385,0.2863867536248576,0.4196047706096939,0.2353850704762466,2
0.4541076487252125,0.6389679715302491,0.714340727048679,0.5727381426863292,0.2901602431623199,0.3243875879487344,0.3659613292502861,0.4091301812550624,3
0.5906515580736544,0.6389679715302491,0.6893869377695623,0.3517156418710822,0.377407427943504,0.4071874689092174,0.2247350302418249,0.2424681693151613,2
0.3932011331444759,0.3423487544483986,0.528265557609366,0.4398347766223413,0.1346119181797102,0.2077146158532011,0.1505768879397481,0.232349563528392,3
0.5968838526912181,0.6859430604982205,0.3917898952557017,0.8211529403239246,0.4094283366769832,0.233853062125712,0.5632641610229054,0.3217194244784219,2
0.8206798866855525,0.8596085409252668,0.2790357362908224,0.3991086633573679,0.7054634399604811,0.2289990164403718,0.3430772157792605,0.1113655797399691,1
0.4711048158640228,0.3562277580071175,0.5356592729513245,0.7950650385883546,0.1678206123415967,0.25235166314959,0.2832242361661719,0.4258839605192548,3
0.2895184135977337,0.288612099644128,0.5599969192852754,0.8589803978405015,0.0835585172340789,0.162129419691091,0.2479121361738955,0.481026376517121,3
0.7345609065155807,0.8793594306049822,0.4047288971041283,0.4298344142903727,0.6459430604982206,0.2972980255498597,0.3779789458048082,0.1739664084331415,2
0.8838526912181304,0.7921708185053379,0.3018330252618639,0.3201202942135583,0.700162309840412,0.2667759316762083,0.253589955487324,0.0966228768501962,1
0.2478753541076487,0.2879003558718861,0.7087954405422074,0.6925975578825321,0.0713634026594618,0.1756929208142865,0.1993990833903802,0.4909099911578063,4
0.7645892351274788,0.8224199288256228,0.418900184842883,0.4160657994854885,0.6288134243343785,0.3202865719237794,0.3421808051996313,0.174290040311273,1
0.4586402266288953,0.3327402135231316,0.6126771410967358,0.691583028370593,0.1526080469387961,0.2809983828429505,0.2301174845290051,0.4237171126531176,3
0.3813031161473088,0.237900355871886,0.1823012939001884,0.6754954889669915,0.0907121470265038,0.0695120514418282,0.1607006172151009,0.1231437016624229,4
0.1260623229461756,0.2838078291814947,0.157963647566234,0.8170948222761696,0.0357774742169306,0.0199132643532504,0.2318979077456389,0.1290712785342274,5
0.2104815864022663,0.285409252669039,0.6601201478743093,0.7789774991847529,0.0600733922756645,0.1389431359406832,0.2223273858883172,0.5142187419525988,4
0.5053824362606232,0.4615658362989323,0.5513709180529887,0.8560817420921047,0.2332672668434263,0.2786531778488758,0.3951380852289892,0.4720185760657256,3
0.5526912181303116,0.4209964412811388,0.3665280345040038,0.7920214500525382,0.2326810359601988,0.2025768258689267,0.3334382118904458,0.2902980653727678,2
0.1875354107648725,0.2727758007117437,0.7223505853357999,0.8133265698032537,0.0511551218331938,0.1354663137371953,0.2218558063182184,0.5875069237665386,5
0.6141643059490085,0.3103202846975088,0.5251848428835508,0.4949092358418783,0.1905876422731442,0.322549784524515,0.1535803749658781,0.259918829267235,3
0.4552407932011331,0.3845195729537366,0.5180991990141735,0.5307076343345773,0.17504899539282,0.235859890316084,0.2040674729176194,0.2749592002594513,3
0.648441926345609,0.3418149466192171,0.3489679605668527,0.3834559223160259,0.2216471424394866,0.2262854565828685,0.131070965617275,0.133813831177905,2
0.753257790368272,0.8820284697508897,0.5156346272335206,0.2527265480633356,0.6643948161664633,0.3884057999472893,0.2229120104537285,0.1303145594026525,2
0.6453257790368272,0.6229537366548042,0.2587030191004302,0.6615819413746875,0.402008105410664,0.1669477273401643,0.4121349424827012,0.1711532456159554,2
0.46657223796034,0.6181494661921708,0.3945625385089357,0.7917315844776986,0.2884113798352706,0.1840919266074269,0.489408456312371,0.3123876237892226,3
0.2342776203966006,0.2234875444839857,0.4176678989525584,0.5102721113083808,0.0523581301099875,0.0978502414826532,0.114039461174969,0.2131242806242574,4
0.3589235127478754,0.3704626334519573,0.5827942082563169,0.883908837276713,0.132967749740405,0.2091785444364741,0.3274551955889886,0.5151369509914436,3
0.6504249291784703,0.4192170818505338,0.4108903265557622,0.2301170332258414,0.2726692407730384,0.2672533115501501,0.0964689911530395,0.0945528629282091,2
0.6889518413597734,0.9676156583629892,0.2679451632778828,0.8566614732417841,0.6666405895577309,0.1846013136237425,0.8289190554250572,0.2295382983216415,1
0.1643059490084986,0.2259786476868327,0.7469963031423319,0.7544838581108011,0.0371296361638422,0.1227359364936409,0.170497241957423,0.5635966527893321,5
0.5736543909348442,0.6023131672597865,0.4906808379544074,0.8101380484800174,0.3455195931164497,0.2814812172401345,0.4879568138976616,0.3975192164869233,2
0.5297450424929179,0.2555160142348753,0.1644331484904491,0.2435957824558859,0.135358341818475,0.0871076452343172,0.0622426234175537,0.0400552214682158,3
0.6,0.5553380782918148,0.5242606284658038,0.6899887677089749,0.3332028469750889,0.3145563770794822,0.3831770363024395,0.3617339449934527,2
0.3467422096317281,0.253202846975089,0.4401571164510187,0.9185477734700532,0.0877961146451866,0.152621051143356,0.2325789113252466,0.4043053392930821,3
0.2589235127478754,0.2749110320284698,0.5938847812692565,0.6782492119279684,0.071180930105955,0.1537707337337395,0.1864581908236141,0.402801884871887,4
0.2841359773371105,0.2613879003558718,0.5430529882932831,0.8060799304322621,0.0742697065317108,0.1543008915745504,0.2106995405346962,0.4377441150244817,4
0.5368271954674222,0.4596085409252668,0.3723813924830566,0.8126019058661547,0.2467303640377849,0.1999044585709326,0.3734787763082343,0.3025978292408243,2
0.3138810198300284,0.4053380782918149,0.6336260012322867,0.7650639515924491,0.1272279293901787,0.198883175457613,0.3101095519088254,0.4847644123344953,3
0.7028328611898018,0.8375444839857652,0.3042975970425132,0.7475270843146489,0.5886537860534515,0.2138703507825709,0.6260871860976962,0.2274706954811438,1
0.3963172804532578,0.2800711743772242,0.1875385089340753,0.6695532446827783,0.1109970461625316,0.0743247518410117,0.1875225635463866,0.1255670171597803,4
0.4529745042492919,0.3266903914590746,0.3634473197781922,0.6860755824486393,0.1479824181141814,0.1646323694972604,0.2241343006006586,0.24935233160622,3
0.1045325779036827,0.2434163701067615,0.756238447319781,0.6920178267328525,0.0254449406712167,0.079051554408215,0.1684484674324808,0.5233304868060615,4
0.2994334277620397,0.3352313167259787,0.7183456561922377,0.7295554186745896,0.1003794622604418,0.2150967021516134,0.2445698236268553,0.5240729659564007,4
0.4342776203966006,0.3352313167259787,0.6776802218114604,0.4495452733794702,0.1455834585101771,0.2943013541181214,0.1507016539229398,0.3046479405780929,3
0.2152974504249292,0.2535587188612099,0.5923444239063471,0.6843363889996013,0.0545905457038299,0.12753024424046,0.1735194580648454,0.4053628441001187,4
0.3577903682719547,0.2818505338078292,0.5867991373998791,0.7363672596833217,0.1008434062887502,0.2099510794719681,0.2075455052203526,0.432099672791686,4
0.2796033994334278,0.2702846975088967,0.7793438077634036,0.791296786115439,0.0755725202383232,0.2179071779780395,0.2138754124749735,0.6166922503621498,4
0.4439093484419264,0.4275800711743772,0.7577788046826868,0.7734700532627994,0.1898067908017703,0.3363850954497933,0.330720380425357,0.5861192124193382,3
0.341643059490085,0.291459074733096,0.7550061614294528,0.4762129062647195,0.0995749700079642,0.2579426149246232,0.1387965730358737,0.3595436783820896,4
0.61643059490085,0.795017793594306,0.4358441158348718,0.7482517482517483,0.4900732914620992,0.268667647608125,0.5948734539481871,0.3261211216386803,2
0.3977337110481587,0.4329181494661921,0.572011706715962,0.8331823616797711,0.17218614216729,0.2275083388751305,0.3606997661862781,0.4765900647100818,3
0.6736543909348442,0.8565836298932384,0.4398490449784376,0.7298452842494292,0.5770413234804875,0.2963062404982223,0.6251735228428384,0.3210217512591277,2
0.3439093484419264,0.8145907473309607,0.7038662969809018,0.6427406790101091,0.2801453731614126,0.2420661995849334,0.523570610054854,0.4524035016538359,3
0.4337110481586403,0.4295373665480426,0.5507547751078263,0.8097032501177579,0.1862951014688536,0.2388684307903915,0.3477978017409728,0.4459479314226818,3
0.628328611898017,0.7532028469750888,0.3384935304990755,0.6870901119605781,0.473258899317492,0.2126851701549432,0.5175182284571399,0.2325755577685411,2
0.6402266288951842,0.4793594306049821,0.2885859519408491,0.5676654951266349,0.3068986722853427,0.1847604111575974,0.2721158085179989,0.1638202872950933,2
0.8056657223796034,0.8263345195729536,0.4299907578558226,0.4237472372187397,0.6657493976389461,0.3464288145444644,0.3501569696875136,0.1822073956709969,2
0.3277620396600567,0.2763345195729537,0.4179759704251395,0.8897061487735063,0.0905719657637131,0.1369966565954352,0.2458565211824297,0.3718757909268198,4
0.7291784702549576,0.8597864768683275,0.5147104128157736,0.7241929055400558,0.6269377879487465,0.3753157514413035,0.6226512668273221,0.3727496293687766,1
0.661473087818697,0.9241992882562275,0.1176062846580414,0.8005724845103084,0.6113329569626889,0.0777933922596393,0.7398885203819467,0.0941523555027147,2
0.9161473087818698,0.7677935943060498,0.4262939001848451,0.0848943802311676,0.7034120351234462,0.3905480094044729,0.0651813613340726,0.0361899564525196,1
0.3079320113314448,0.2734875444839857,0.6391712877387548,0.882894307764774,0.0842155696470517,0.1968213002187044,0.2414605962694763,0.564320691631227,4
0.6467422096317281,0.5895017793594305,0.4401571164510187,0.6015797673828762,0.3812556833647535,0.2846681860786617,0.3546323432988378,0.2647896157265214,2
0.6677053824362607,0.8110320284697509,0.337569316081332,0.6149135838255009,0.5415304507374512,0.2253968492928327,0.4987146112236001,0.2075759579410951,2
0.8368271954674222,0.8177935943060496,0.2796518792359848,0.4520091307656074,0.6843519199943544,0.2340202978082434,0.3696501717079593,0.126405202850426,1
0.1694050991501416,0.2784697508896796,0.8344886013555168,0.9570998949237292,0.0471741957597814,0.1413666242522943,0.2665233693159494,0.7986889526724149,4
0.4923512747875355,0.6752669039145908,0.6151417128773886,0.5133156998441972,0.332468520964181,0.3028658065101704,0.3466251033645424,0.3157618988490149,3
0.2830028328611899,0.302135231316726,0.7189617991374035,0.90405449472807,0.0855051263698043,0.203468225874863,0.2731467138875912,0.6499806460479495,4
0.5286118980169972,0.6709964412811388,0.489140480591498,0.8334722272546107,0.3546967023882733,0.2585654778424179,0.5592568983945083,0.4076850057989865,3
0.6518413597733712,0.8288256227758005,0.4185921133703019,0.4856335374470089,0.5402628209651891,0.2728556523697067,0.4025055191153321,0.203282368763439,2
0.7872521246458924,0.8224199288256228,0.4136629698089997,0.3101199318815898,0.6474518363190952,0.3256570518694647,0.255048812305464,0.1282851320191031,1
0.2172804532577904,0.2624555160142349,0.880391250770181,0.6181021051487372,0.0570264534795802,0.1912918100115379,0.1622243069562967,0.5441716854555787,4
0.7538243626062324,0.8548042704626334,0.4460104744300679,0.4573716439001412,0.6443722843345802,0.3362135616029493,0.3909632343943555,0.203992543886762,2
0.2847025495750708,0.2578291814946619,0.4956099815157131,0.5182434146164716,0.0734046253263839,0.1411014253323772,0.1336182754055635,0.2568466091387095,4
0.3589235127478754,0.2763345195729537,0.4460104744300679,0.7394108482191384,0.099182956458621,0.1600836462047864,0.2043247415096657,0.3297849832129568,4
0.0821529745042493,0.2973309608540925,0.2599353049907584,0.7405703105184971,0.0244266228463702,0.02135445848366,0.2201944820064783,0.1925003695317262,5
0.5634560906515581,0.6300711743772242,0.6518022181146073,0.8259357223087793,0.3550174407468269,0.3672619296968707,0.5203982905151935,0.5383467358209527,2
0.7694050991501417,0.7569395017793595,0.2858133086876187,0.50215587521287,0.5823931124172069,0.2199062171092272,0.380101617999208,0.1435228321715173,1
0.3481586402266289,0.3466192170818506,0.8680683918669132,0.6994093988912642,0.1206784752956358,0.3022255109361009,0.2424287382633777,0.6071351921521442,4
0.2813031161473088,0.2731316725978647,0.7309765865680866,0.7389760498568789,0.0768327906203058,0.2056259916323257,0.2018377645071724,0.5401741904799495,4
0.6235127478753542,0.4192170818505338,0.4179759704251395,0.1925794412841044,0.2613871946609136,0.2606133458656465,0.0807325913995284,0.0804935788546547,2
0.6005665722379604,0.332562277580071,0.2972119531731358,0.6346244429145984,0.1997257871019123,0.1784955639453393,0.2110521501436626,0.188617970210061,3
0.6787535410764873,0.7601423487544482,0.4336876155268037,0.614768651038081,0.5159493109392799,0.2943670047598362,0.4673116863406906,0.266617550369335,1
0.7135977337110482,0.6012455516014233,0.4993068391866941,0.4380955831733033,0.4290474630266248,0.3563042288700517,0.26340302055918,0.2187441208959135,2
0.2864022662889519,0.2715302491103202,0.5852587800369697,0.3512808435088227,0.0777668787111993,0.1676194409680953,0.095383374945634,0.2055901979223312,3
0.3121813031161474,0.2902135231316726,0.4906808379544074,0.7699916663647235,0.0905992358331737,0.15318138340673,0.2234619942777338,0.377820156069753,4
0.3365439093484419,0.3177935943060498,0.4013401109057319,0.6301315265045835,0.1069514985936507,0.1350685699025522,0.2002517626934494,0.2528970567325477,4
0.3501416430594901,0.3113879003558718,1.0,0.511721439182579,0.1090298710594497,0.3501416430594901,0.1593438645141482,0.511721439182579,4
0.3118980169971672,0.288612099644128,0.722658656808381,0.723178376028117,0.0900175415603923,0.2253958020243704,0.2087180295227055,0.5226111138533454,3
0.4218130311614731,0.3704626334519573,0.4832871226124489,0.9418819522446468,0.1562659663484318,0.2038568061104635,0.3489320684294225,0.4551994185409113,3
0.1328611898016997,0.2807829181494662,0.9623382624769016,0.8060799304322621,0.0373051525813313,0.1278574065443815,0.2263334751284892,0.7757215596696848,5
0.18328611898017,0.2704626334519573,0.8126155268022188,0.6996992644661038,0.0495720464145655,0.148941146130605,0.1892425056918999,0.568586486397248,5
0.754957507082153,0.7898576512455516,0.3865526802218149,0.7041921808761187,0.5963089633341063,0.291830847816186,0.5562115820122937,0.2722073749089087,2
0.718130311614731,0.5603202846975089,0.4669593345656224,0.1143157360773939,0.4023829806538768,0.3353376524430178,0.0640534257842906,0.0533808000490791,2
0.3487252124645892,0.3113879003558718,0.459873690696245,0.8279647813326572,0.1085888117105037,0.1603695504949228,0.2578182148277846,0.3807592197579585,4
0.2546742209631729,0.2727758007117437,0.5356592729513245,0.8156454944019711,0.069468964543869,0.1364186080405781,0.2224883528324237,0.4369080725173835,4
0.554957507082153,0.3418149466192171,0.2707178065311169,0.6076669444545093,0.1896927706592199,0.1502368790352572,0.2077096441809808,0.1645062623041908,2
0.6980169971671388,0.5185053380782918,0.5559919901417167,0.4983876227399543,0.3619255391005413,0.3880918594077026,0.2584166428228162,0.2770995262291863,3
0.7246458923512749,0.7396797153024911,0.6237677141096754,0.32736693358455,0.5360058673495106,0.4520107118109206,0.2421466802332694,0.2042009238371286,2
0.6790368271954675,0.4016014234875444,0.2081792975970415,0.5227363310264864,0.2727021564021655,0.1413614097280761,0.2099316546488931,0.1088228822215485,2
0.2178470254957507,0.2135231316725978,0.5612292051756036,0.4673720062321097,0.0465153791094129,0.1222621129688496,0.0997947344267849,0.2623028195789741,4
0.6597733711048159,0.8809608540925268,0.4034966112138036,0.6992644661038443,0.5812345125160042,0.2662163194099005,0.6160246212953974,0.2821508424151308,2
0.8546742209631729,0.7973309608540925,0.0775569932224264,0.409543824051596,0.6814582178177896,0.0662859627626233,0.3265419707429184,0.0317629875862562,1
0.2804532577903683,0.2613879003558718,0.5415126309303773,0.7960795681002935,0.0733070882017884,0.1518689814790576,0.2080855668219449,0.4310871413519083,4
0.339943342776204,0.2640569395017794,0.5159426987061018,0.826080655096199,0.0897643986974887,0.1753912856791281,0.2181323295663273,0.4262102825392374,3
0.5705382436260623,0.7699288256227758,0.4894485520640792,0.4404145077720206,0.4392738398878952,0.2792491172399591,0.3390878247561447,0.2155602431370296,2
0.1453257790368272,0.2535587188612099,0.6416358595194112,0.7285408891626508,0.0368486183500851,0.0932462311426226,0.1847278944940884,0.4674579596129135,5
0.3526912181303117,0.3113879003558718,0.4441620455945809,0.8291242436320156,0.1098237778875525,0.1566520529080037,0.2581792573587236,0.3682655201036557,4
0.4881019830028328,0.4405693950177934,0.4195163277880489,0.9989854704880612,0.2150427953585433,0.2047667514954131,0.4401224243644908,0.4190907160927677,2
0.3637393767705383,0.2476868327402135,0.5276494146642037,0.6785390775028082,0.0900934541751938,0.1919268692432967,0.1680651949971368,0.3580307470711454,4
0.5818696883852692,0.7161921708185052,0.5963493530499093,0.6198412985977753,0.4167305152581331,0.3469976122279076,0.4439254852057019,0.3696419574123989,2
0.8929178470254958,0.848220640569395,0.5325785582255129,0.1611290264140004,0.757391348179811,0.4755488995826676,0.1366729659992063,0.0858138645758489,2
0.2977337110481587,0.2893238434163701,0.4697319778188529,0.8291242436320156,0.0861414615950722,0.1398550449539984,0.2398854128373055,0.3894661708188272,3
0.7858356940509916,0.7275800711743771,0.3840881084411585,0.5563607377078879,0.5717583902089864,0.3018301452735903,0.4047969851401339,0.2136915433571501,2
0.368271954674221,0.3097864768683274,0.6444085027726452,0.636653501938476,0.1140856713679392,0.2373175789247702,0.1972266453514033,0.4102649299691346,3
0.5005665722379604,0.5925266903914589,0.505468268638328,0.6086814739664479,0.2965990543687558,0.2530205186073444,0.3606600192719343,0.3076691707980459,3
0.7422096317280454,0.4638790035587188,0.4524799753542829,0.2614225153085256,0.3442954643976894,0.3358349958720173,0.1212684159091327,0.1182884532838563,2
0.8399433427762041,0.8083629893238434,0.2041743684534793,0.4108482191383744,0.6789791114292341,0.1714949015480357,0.3321144945810738,0.0838846756728142,1
0.3447592067988669,0.2731316725978647,0.7950554528650677,0.58940541323961,0.0941646587964876,0.2741026872908746,0.1609852863563703,0.4686099877443405,4
0.7226628895184136,0.8551601423487544,0.4669593345656224,0.7991231566361099,0.6179924994707288,0.3374541820047883,0.6833782723831217,0.3731580174587775,1
0.64985835694051,0.6798932384341637,0.4176678989525584,0.769267002427624,0.441834302823788,0.2714249745601045,0.523019433501059,0.3212981326374783,2
0.7501416430594902,0.6494661921708184,0.4607979051139885,0.4783868980760172,0.4871916365066082,0.3456636976605783,0.3106961170778403,0.2204396804674078,2
0.6920679886685552,0.8007117437722419,0.2614756623536678,0.7430341679046344,0.554146966015747,0.1809589357308811,0.5949561842652765,0.1942853512042707,2
0.2189801699716714,0.2813167259786476,0.7047905113986452,0.4992572194644733,0.0616027844706783,0.1543351459804965,0.1404494064009487,0.3518717510258318,5
0.7260623229461758,0.4793594306049821,0.3461953173136187,0.4022971846806042,0.3480448217112094,0.2513593762818144,0.1928449493824817,0.1392734015048772,2
0.5396600566572238,0.4615658362989323,0.4657270486752942,0.8884017536867277,0.2490886453681207,0.2513342854749109,0.4100558984098525,0.4137527267824753,2
0.1665722379603399,0.193594306049822,0.4980745532963659,0.8291242436320156,0.0322474368150978,0.0829653930136722,0.1605137325750236,0.4129656872742034,5
0.5994334277620397,0.6902135231316727,0.7420671595810262,0.5717236131743904,0.4137370580585324,0.444819861097295,0.3946113693066655,0.4242573176937212,3
0.5220963172804532,0.5457295373665481,0.7044824399260641,0.4150512699735497,0.2849233816902402,0.3678076874741462,0.2265057375460635,0.2923963313653778,3
0.1895184135977337,0.2455516014234874,0.5294978434996942,0.8040508714083843,0.0465365499581623,0.1003495913034831,0.1974359791002793,0.4257432024747894,5
0.4977337110481587,0.6797153024911032,0.4996149106592753,0.7591217073082359,0.3383172199651186,0.2486751835774353,0.5159866409105803,0.3792685239763208,3
0.5524079320113314,0.5816725978647687,0.4937615526802261,0.8294141092068552,0.3213205568941356,0.2727577982227878,0.4824474596080444,0.4095327983768634,2
0.8830028328611897,0.8177935943060496,0.2081792975970415,0.2698286169788759,0.7221140604679763,0.1838229095212403,0.2206641145257852,0.0561727319542435,1
0.6991501416430596,0.9530249110320284,0.4284504004929168,0.7573825138591979,0.6663075015374068,0.2995511581916484,0.7218044028878761,0.3245008413893054,1
0.8592067988668556,0.7642348754448399,0.4179759704251395,0.1592449001775425,0.656635800913371,0.3591277955522516,0.1217005064524101,0.0665605416869627,2
0.2164305949008498,0.3227758007117437,0.677064078866298,0.7699916663647235,0.0698585585676408,0.1465373813750287,0.2485346766522434,0.5213336983219574,4
0.3753541076487253,0.2480427046263345,0.6998613678373395,0.4660676111453312,0.0931038480537941,0.2626958392024008,0.1156046708072227,0.3261827158408527,3
0.3934844192634561,0.3354092526690391,0.7500770178681471,0.8068045943693611,0.1319783150020666,0.2951436197787128,0.2706097260473746,0.6051655841468905,3
0.5569405099150142,0.5663701067615657,0.2938231669747395,0.6469437298452843,0.3154344560604074,0.1636420244397557,0.3664095893411991,0.1900870555575917,2
0.2059490084985836,0.2019572953736654,0.8674522489217509,0.7269466285010324,0.0415929047412619,0.1786509305853011,0.1468121749730732,0.6305914877393052,4
0.6773371104815864,0.836832740213523,0.1878465804066564,0.8002826189354686,0.5668178702126158,0.1272354599864916,0.6697026969490228,0.150330353325911,1
0.5223796033994335,0.6859430604982205,0.3806993222427621,0.9682597195550564,0.358322663897654,0.1988695609676072,0.6641710353887441,0.3686158189895768,2
0.6201133144475921,0.6681494661921706,0.4728126925446716,0.3873691075763614,0.4143283800268163,0.2931974458867666,0.2588204624464834,0.1831530307618059,2
0.8507082152974504,0.8186832740213522,0.2032501540357358,0.218232544657415,0.6964605869365781,0.1729065757986727,0.1786633341581434,0.0443557983172301,1
0.3212464589235128,0.2807829181494662,0.9182840418977244,0.7123084169716294,0.0902005181817265,0.2949954967456146,0.2000040359397208,0.6541014522144775,3
0.2413597733711048,0.2861209964412811,0.5646179913739999,0.805210333707743,0.0690580988577822,0.136276070439277,0.2303875830252758,0.454636241251654,4
0.7767705382436262,0.9241992882562275,0.1786044362292074,0.4938947063299393,0.7178907785831661,0.1387346640624608,0.4564571360636484,0.0882117855806487,2
0.5235127478753541,0.7101423487544484,0.5008471965496,0.6344795101271785,0.3717685723790992,0.2621998921313486,0.4505707695582863,0.3177772839153608,2
0.3070821529745043,0.2948398576512455,0.8058379544054262,0.4911409833689625,0.0905400582702408,0.2474584539873887,0.1448079376231976,0.3957800453627141,4
0.6586402266288952,0.7135231316725977,0.5378157732593962,0.1109822819667378,0.4699550371497988,0.3542271027841632,0.079188425389078,0.0596880217940334,2
0.6002832861189802,0.683629893238434,0.5834103512014828,0.5695496213630926,0.4103715988023347,0.3502114827750544,0.3893611468464415,0.3322811446261134,2
0.5691218130311615,0.3927046263345195,0.3046056685150944,0.4249066995180983,0.2234967689252265,0.1733577303248795,0.1668628266612887,0.1294289892632526,3
0.6218130311614731,0.5880782918149464,0.5217960566851545,0.7857893401934852,0.3656747451937132,0.3244595876554997,0.4621056529073786,0.41002177909819,2
0.2334277620396601,0.2813167259786476,0.6798367221195356,0.7615855646943728,0.06566713376952,0.1586927645967414,0.2142467576124204,0.5177538339153779,5
0.651558073654391,0.6062277580071175,0.3853203943314867,0.3402659516649153,0.3949925902029377,0.2510586138703737,0.2062786650039798,0.1311114106731037,2
0.676487252124646,0.6955516014234876,0.4971503388786189,0.157070908366245,0.4705317915578721,0.3363158666408334,0.1092509218511835,0.0780878553222512,3
0.3481586402266289,0.3480427046263346,0.832948243992611,0.845501648610457,0.1211740747835029,0.2899981280076257,0.2942706805484082,0.7042591135029378,4
0.2368271954674221,0.2864768683274021,0.7115680837954415,0.7782528352476539,0.0678455132922686,0.1685186736694019,0.2229514350086695,0.5537798786855425,5
0.4181303116147309,0.5064056939501779,0.5624614910659282,0.4714301242798651,0.2117435706148619,0.2351821985306827,0.2387348992349637,0.2651612906358487,3
0.4875354107648725,0.346797153024911,0.5439772027110337,0.1769267002427622,0.1690758924520883,0.2652081489704501,0.0613576759382817,0.0962440914829513,4
0.3679886685552408,0.2640569395017794,0.4916050523721509,0.8288343780571759,0.0971699615900315,0.1809050886774572,0.2188594692236386,0.4074591678326371,4
0.7813031161473089,0.7923487544483986,0.5239525569932226,0.2347548824232761,0.6190645509259727,0.4093657654921552,0.186007738688763,0.1230004209123188,1
0.6677053824362607,0.6852313167259786,0.6712107208872489,0.3089604695822311,0.457532638391822,0.4481710110853387,0.2117093893881088,0.2073775795139522,2
0.3317280453257791,0.302135231316726,0.6487215033887885,0.93014239646364,0.1002267297087496,0.2151991162799636,0.2810287881130357,0.6034033737995431,3
0.5807365439093485,0.4596085409252668,0.3840881084411585,0.7037573825138592,0.2669114756081578,0.2230540006527974,0.3234529037425797,0.270304841851249,2
0.4458923512747876,0.3163701067615658,0.6761398644485546,0.6498423855936808,0.1410670107769701,0.3014855939495822,0.2055907049084634,0.4393843425082366,3
0.3121813031161474,0.3473309608540925,0.6453327171903922,0.8220225370484437,0.1084302319720141,0.2014608085959808,0.2855138776367548,0.530478037425212,4
0.7070821529745043,0.8693950177935942,0.3683764633394979,0.6307112576542628,0.614733700966802,0.2604724228032257,0.548337225070948,0.2323391824830842,1
0.6424929178470254,0.7135231316725977,0.5809457794208264,0.1998260806550961,0.4584335588196747,0.3732535489310011,0.1425805308588852,0.1160881181747837,2
0.3796033994334278,0.3238434163701068,0.4931454097350602,0.3688177107866226,0.1229320617382275,0.1871996739504194,0.1194391874789418,0.1818807611034159,4
0.8311614730878187,0.748932384341637,0.5526032039433169,0.1586651690278632,0.6224837438125674,0.4593024930225756,0.1188294833520064,0.0876788807590051,1
0.4997167138810198,0.2341637010676157,0.6493376463339509,0.4594007029240189,0.1170155152077263,0.3244848748252377,0.1075749688697524,0.298306171160845,3
0.4495750708215298,0.3524911032028469,0.6342421441774526,0.6725968332185948,0.158471212686379,0.2851394568865771,0.2370843997519637,0.426589257667526,3
0.5722379603399435,0.588967971530249,0.5960412815773282,0.6496974528062609,0.3370298307340236,0.3410774472482162,0.3826509908876732,0.3872465024081694,2
0.3339943342776204,0.3113879003558718,0.5070086260012339,0.8168049567013296,0.1040017944814654,0.1693380085142931,0.2543431804674958,0.4141271588081384,4
0.4481586402266289,0.2702846975088967,0.1650492914356149,0.6124497264393638,0.1211304225096528,0.0739682660201537,0.16553578905007,0.1010843933887531,3
0.6212464589235127,0.4793594306049821,0.3686845348120791,0.6547701003659554,0.2978003488149364,0.2290439617118666,0.3138702224885913,0.2414036098622806,2
0.5532577903682719,0.4670818505338078,0.4065773259396188,0.717960795681003,0.258416672547458,0.2249420729631942,0.3353464570574079,0.2919065804374632,3
0.1322946175637394,0.193594306049822,0.5147104128157736,0.8821696438276749,0.0256114846813787,0.0680934172195372,0.1707830200150373,0.4540619015480865,5
0.6376770538243627,0.6010676156583629,0.6330098582871244,0.7098445595854923,0.3832870263022592,0.4036558614743108,0.4266645769181125,0.4493386040690987,2
0.3396600566572239,0.2572953736654804,0.4762014787430715,0.7612956991195332,0.0873929611968586,0.1617466212501254,0.1958778613748834,0.3625301376814621,4
0.8195467422096318,0.8258007117437721,0.2873536660505245,0.3220044204500162,0.6767822830240037,0.2354997608737018,0.2659114795922642,0.0925291507007866,1
0.7000000000000001,0.9218861209964412,0.3634473197781922,0.8863726946628501,0.6453202846975089,0.2544131238447346,0.8171346852398979,0.3221497801997868,1
0.6288951841359774,0.3838078291814946,0.5048521256931622,0.3054820826841552,0.2413748954059258,0.3174990705492408,0.1172464150088474,0.1542232788042701,2
0.6603399433427762,0.8224199288256228,0.4087338262476905,0.81651509112649,0.5430767292046818,0.2699032716666761,0.6715182831292948,0.3337373373851119,1
0.8909348441926346,0.7677935943060498,0.479898336414049,0.3118591253306279,0.6840540663151633,0.4275581495813553,0.2394434387547436,0.1496606754417087,1
0.0444759206798866,0.2838078291814947,0.0578404189772037,0.96521613101924,0.0126226144990069,0.0025725058865215,0.2739358948355317,0.0558285054217083,5
0.3954674220963173,0.583629893238434,0.5908040665434413,0.7449182941410921,0.2308066093373523,0.2336437611599558,0.4347565844809219,0.4401007574211605,3
0.253257790368272,0.3496441281138789,0.6721349353049924,0.898547048806116,0.0885500993013619,0.1702234085446638,0.3141716994491134,0.6039448625177906,4
0.4597733711048159,0.346797153024911,0.5612292051756036,0.2498278923149388,0.159448096135816,0.2580382436260636,0.0866396018010348,0.1402107094346094,3
0.5376770538243626,0.448932384341637,0.6419439309919923,0.6114351969274248,0.2413806417791578,0.3451585215362043,0.2744930608270272,0.392507113862454,3
0.6526912181303117,0.7959074733096084,0.2972119531731358,0.564187108228559,0.5194818182734668,0.1939876317594631,0.4490407357840469,0.1676831523917133,2
0.369971671388102,0.1841637010676157,0.5735520640788678,0.3846153846153846,0.0681353522930045,0.2121980157753545,0.0708321927183137,0.2205969477226414,4
0.258356940509915,0.2466192170818505,0.6940080098582904,0.4895467227073443,0.0637157863962174,0.1793017861163628,0.120731629479071,0.3397493467587723,4
0.2181303116147309,0.2686832740213523,0.6755237215033922,0.5646219065908185,0.0586079662879437,0.1473521998746776,0.1517044624469992,0.3814154915825704,4
0.7297450424929179,0.6176156583629894,0.604051139864449,0.3418602123265335,0.4507019648563912,0.4408033247282779,0.2111382201041633,0.2065010509301451,2
0.6889518413597734,0.4039145907473309,0.5110135551447961,0.2392477988332909,0.2782777010474529,0.3520637297768113,0.0966356767529484,0.1222588682423669,2
0.2807365439093485,0.2768683274021353,0.8144639556377093,0.8317330338055726,0.0777270573528374,0.2286497960444674,0.2302805339148525,0.6774165767478393,4
0.3260623229461757,0.2907473309608541,0.7180375847196565,0.8281097141200768,0.0948017501234966,0.2341250028363526,0.2407706891231682,0.5946138990096652,3
0.3920679886685553,0.5149466192170817,0.649645717806532,0.557954998369506,0.2018940852681136,0.2547052899275469,0.2873170400856494,0.3624730754195001,3
0.7696883852691219,0.8085409252669037,0.3474276032039469,0.6128845248016233,0.6223245591926848,0.267410990907967,0.495542220764871,0.2129330014926179,1
0.5708215297450425,0.4135231316725979,0.2451478743068413,0.6537555708540164,0.2360479066063129,0.1399356846255765,0.2703430510079598,0.1602667885111176,2
0.5518413597733711,0.3930604982206406,0.367760320394332,0.5860719591289538,0.216907039811277,0.2029453552770987,0.2303617362483735,0.2155340114633979,2
0.5719546742209632,0.4615658362989323,0.4916050523721509,0.7917315844776986,0.2639947375318822,0.2811758075748931,0.3654362509137277,0.3892192470518451,3
0.4158640226628895,0.4275800711743772,0.6527264325323507,0.8981122504438566,0.1778151684090611,0.2714454399313005,0.3840148999673642,0.5862216052458197,3
0.61643059490085,0.6859430604982205,0.4540203327171923,0.7185405268306821,0.4228362888510277,0.2798720237939406,0.4928778880662418,0.3262320090624529,2
0.5923512747875355,0.7788256227758005,0.4281423290203321,0.8879669553244685,0.4613383504884416,0.2536106543856982,0.6915714169849105,0.3801762403457111,2
0.6869688385269122,0.8250889679715302,0.392406038200864,0.6646255299105039,0.5668104100087707,0.2695707202937946,0.5483751925613891,0.2608030710793307,1
0.8300283286118981,0.8683274021352311,0.4709642637091846,0.4014275879560852,0.7207363422822174,0.3909136806424677,0.3485705745953194,0.1890580483942916,2
0.439943342776204,0.3496441281138789,0.5023875539125093,0.6746258922424724,0.1538236065044912,0.2210220598374297,0.2358789818961668,0.3389236518097398,3
0.6405099150141644,0.7016014234875446,0.5917282809611848,0.5530272835972316,0.449382668131824,0.3790078309499261,0.3880047293992677,0.3272418838476235,2
0.7668555240793201,0.8295373665480427,0.2605514479359208,0.62433421500779,0.6361353119675783,0.1998053171565262,0.5179085605634015,0.1626711837162161,1
0.353257790368272,0.3097864768683274,0.7131084411583508,0.7334686039349252,0.1094344863044771,0.2519111122165619,0.227218654706531,0.5230426527906263,4
0.296600566572238,0.2768683274021353,0.8107670979667319,0.8402840682633428,0.0821193027733812,0.2404739806150618,0.2326480445227333,0.6812746754935496,3
0.5130311614730879,0.2341637010676157,0.6542667898952566,0.4278053552664951,0.1201332755335558,0.3356592511332322,0.1001764853257486,0.2798988364902095,3
0.1747875354107649,0.2741992882562277,0.3628311768330299,0.9781151490996052,0.0479266178056919,0.0634183671688327,0.2681984777157458,0.3548906706260242,5
0.7750708215297452,0.8475088967971528,0.3064540973505885,0.4892568571325048,0.6568794168943373,0.2375236289946771,0.4146495392388113,0.1499347685251275,1
0.5354107648725213,0.5948398576512456,0.6336260012322867,0.804485669770644,0.318483663161715,0.3392501819628957,0.4785401412888368,0.5097430379854511,2
0.6611898016997168,0.6681494661921706,0.4718884781269281,0.2472191021413818,0.4417736130573729,0.3120078492771247,0.1651793111282719,0.1166598458734022,2
0.4713881019830029,0.3039145907473308,0.5094731977818867,0.468966266893728,0.1432617220973253,0.2401596037136146,0.1425256910773108,0.2389257436461813,3
0.7407932011331445,0.9231316725978644,0.3178527418361092,0.6862205152360594,0.6838496668111659,0.2354631501137182,0.6334718920008319,0.218117072271969,1
0.5892351274787536,0.3562277580071175,0.5239525569932226,0.460125366861118,0.2099019084007944,0.3087312517127205,0.1639094278391385,0.2410838625043274,3
0.2495750708215297,0.2540925266903915,0.418900184842883,0.5418674589659045,0.0634151603439758,0.1045470432993144,0.1376844717799487,0.2269883787211607,4
0.1626062322946175,0.2263345195729537,0.6918515095502187,0.6544802347911154,0.0368034034659703,0.1124993672753046,0.148131469511441,0.4528031384110147,5
0.7657223796033995,0.8774021352313167,0.604051139864449,0.5256349867748832,0.6718464508584275,0.4625354762191518,0.4611932597485674,0.3175104129140028,1
0.6158640226628895,0.7220640569395017,0.4574091189155886,0.3953404108844522,0.4446932747270472,0.2817018199780424,0.2854611009553571,0.180832309014384,2
0.4900849858356941,0.346797153024911,0.5498305606900828,0.2130149643103009,0.1699600778280725,0.269463702547831,0.0738729831745153,0.1171221372621107,3
0.6815864022662891,0.754982206405694,0.4389248305606905,0.7060763071125764,0.5145856058391218,0.2991651961272015,0.5330750482346374,0.3099144234623056,2
0.2796033994334278,0.2702846975088967,0.6283887861983999,0.9950722852277256,0.0755725202383232,0.175699640786918,0.2689528116122624,0.6252922654939185,4
0.7280453257790369,0.8596085409252668,0.271025878003698,0.6607123446501684,0.6258339802203785,0.1973191236457518,0.5679539745560432,0.1790701433166938,1
0.3575070821529745,0.2572953736654804,0.4820548367221207,0.6863654480234791,0.0919849182906051,0.1723380181142539,0.1765986544202759,0.3308657839786634,4
0.8048158640226629,0.8814946619217082,0.2050985828712299,0.5215768687271278,0.7094408879658848,0.1650665931833326,0.4597672255648027,0.1069746766343474,1
0.4702549575070822,0.3476868327402135,0.3714571780653131,0.6181021051487372,0.1635014567560211,0.1746795794868044,0.2149059632492228,0.2295984637347793,3
0.7861189801699717,0.8145907473309607,0.4469346888478114,0.3191057647016195,0.64036524754771,0.3513438417996251,0.2599406033459099,0.1426194356564612,1
0.8422096317280454,0.9231316725978644,0.3363370301910073,0.4611398963730568,0.777470386015142,0.2832662863336727,0.4256928438404658,0.1550984232487028,1
0.661473087818697,0.3176156583629893,0.4564849044978452,0.8337620928294502,0.2100942102769348,0.3019524793208126,0.2648158960321296,0.3805998093191751,2
0.819830028328612,0.8633451957295372,0.268253234750464,0.3882387043008805,0.7077963162723175,0.2199220570447146,0.3351840201544255,0.10414628828404,2
0.4220963172804533,0.3704626334519573,0.4666512630930377,0.948403927678539,0.1563709132700896,0.1969717796058431,0.3513482166239712,0.4425738907735882,3
0.5235127478753541,0.6713523131672597,0.6813770794824414,0.6508569151056196,0.3514614942586674,0.3567095872191364,0.4369542954970645,0.4434789839756184,2
0.661473087818697,0.5131672597864769,0.4860597658656829,0.3892532338128193,0.3394463318984203,0.3215154541916061,0.1997520153587492,0.1892003356895188,2
0.5878186968838527,0.7316725978647688,0.2128003696857696,0.6710025725569766,0.4300908330224915,0.1250880360050912,0.4909541954367061,0.142789595500227,2
0.8781869688385271,0.8846975088967971,0.2519254467036376,0.157070908366245,0.7769298236770741,0.2212376444139594,0.138960241351774,0.0395701587543124,1
0.7147308781869689,0.7939501779359431,0.3569778188539736,0.6412913511359106,0.5674607079128569,0.2551430699627692,0.5091533823431377,0.2289267877784151,1
0.2484419263456091,0.302135231316726,0.7827325939618035,0.910866335736802,0.0750630588852036,0.1944635934573659,0.2752048110464573,0.71296476972375,4
0.5977337110481586,0.7309608540925266,0.4410813308687622,0.4676618718069495,0.4369199439476576,0.263649180774246,0.3418425212425175,0.2062769208131857,2
0.8368271954674222,0.7706405693950177,0.2571626617375244,0.5172288851045327,0.6448929864002501,0.2152007090007499,0.3985975625245072,0.1330119568210138,1
0.2475920679886686,0.2880782918149466,0.2497689463955659,0.4649081488459726,0.0713259000131057,0.061840809957429,0.1339299453703967,0.1161196185079715,4
0.5586402266288952,0.7946619217081848,0.413354898336415,0.93898329649625,0.4439301160364138,0.2309166740848188,0.7461742708455963,0.3881333450627992,2
0.3288951841359774,0.241103202846975,0.4897566235366604,0.6182470379361569,0.0792976822961297,0.1610785948799044,0.1490613409970626,0.3027905818111537,4
0.3526912181303117,0.340035587188612,0.982670979667283,0.594622993586724,0.1199275654532073,0.3465794248401608,0.2021929787801119,0.5843187596405586,4
0.5688385269121814,0.8793594306049822,0.4139710412815809,0.7134678792709881,0.5002135231316727,0.2354826773069163,0.6273947080706803,0.2953550409027722,2
0.5997167138810199,0.4731316725978648,0.3055298829328414,0.6341896445523387,0.2837449719234221,0.1832313773849363,0.3000552072712933,0.1937638878572963,3
0.476487252124646,0.6389679715302491,0.7017097966728301,0.6160730461248596,0.3044600929501074,0.3343557728055809,0.3936509445968631,0.4323044919318862,3
0.693201133144476,0.8487544483985764,0.3434226740603812,0.8628935831008371,0.5883575453913078,0.2380609868061622,0.7323847671514221,0.2963372217380332,2
0.2354107648725212,0.2880782918149466,0.2731823783117697,0.4518641979781875,0.0678167310193259,0.0643100726280681,0.1301722662858871,0.1234413362776216,4
0.9269121813031164,0.848220640569395,0.5119377695625396,0.0808362621834123,0.7862260441765045,0.4745213546766657,0.0685669860904495,0.0413831357619487,2
0.6725212464589236,0.8234875444839856,0.3751540357362941,0.6983948693793252,0.5538128698597684,0.2522990597274681,0.5751194760653944,0.2620056537851757,2
0.6685552407932012,0.7754448398576511,0.3172365988909433,0.5512880901481938,0.5184277116328773,0.2120901907599507,0.4274935047803965,0.1748887587276967,2
0.6736543909348442,0.7135231316725977,0.540896487985215,0.0975035327366932,0.4806679906848265,0.3643772941724763,0.0695710260274269,0.0527393184234287,2
0.6028328611898017,0.7788256227758005,0.4318391866913131,0.8537628174933873,0.469501678545865,0.2603268524870012,0.6649323580371095,0.3686882407336284,2
0.2407932011331445,0.2724199288256228,0.637630930375849,0.557230334432407,0.0655968667143851,0.1535371928667058,0.1518006480455543,0.3553072965777811,5
0.801416430594901,0.7275800711743771,0.3840881084411585,0.4963585637160765,0.5830946236125533,0.3078145209008605,0.3611405991165545,0.190645421846278,1
0.424929178470255,0.3113879003558718,0.5211799137399922,0.6659299249972825,0.1323178046837982,0.2214645525807332,0.207362521129047,0.3470693008669632,3
0.568271954674221,0.7845195729537365,0.5276494146642037,0.5801297148447406,0.445820471202605,0.2998483642539356,0.4551231161477688,0.3061051044671388,2
0.706515580736544,0.3176156583629893,0.4737369069624151,0.8133265698032537,0.2244004113193471,0.3347025059388848,0.2583252539321721,0.3853028135289442,1
0.6937677053824364,0.7774021352313166,0.2605514479359208,0.1527229247436501,0.539336495518837,0.1807621801685751,0.1187271277944852,0.0397921791749667,2
0.7189801699716715,0.7046263345195728,0.3018330252618639,0.6207108953222942,0.5066123617593983,0.2170119598058387,0.4373692429673104,0.1873510473481281,1
0.6328611898016997,0.8250889679715302,0.3957948243992604,0.7826008188702489,0.5221667859627191,0.2504831834866707,0.6457153019753281,0.3097493536794675,2
0.778186968838527,0.9218861209964412,0.3847042513863208,0.6541903692162758,0.7173997661125281,0.2993718352856157,0.6030890218700222,0.2516698162534882,1
0.3342776203966006,0.2332740213523131,0.5603049907578566,0.3451936664371896,0.077978284757997,0.1872974190068755,0.0805247147151522,0.1934137340827601,4
0.5730878186968839,0.5686832740213522,0.4814386937769583,0.4494003405920503,0.325905457038299,0.275906650852914,0.2555664570341979,0.2163587129575568,2
0.2280453257790368,0.2316725978647686,0.6564232902033282,0.7853545418312258,0.0528318530541469,0.1496942630633652,0.1819451269509351,0.5155250123249806,4
0.6798866855524079,0.7322064056939502,0.6043592113370302,0.44969020616689,0.4978173863075016,0.4108957810790007,0.3292660495332299,0.2717744183450081,2
0.3535410764872521,0.253202846975089,0.4758934072704903,0.887242291387369,0.0895176070892099,0.1682478674995954,0.2246522741359833,0.4222327571228122,3
0.6045325779036828,0.7850533807829182,0.4361521873074565,0.7923113156273778,0.474590344076699,0.2636682061513065,0.6220066769658347,0.3455683133393293,2
0.0892351274787535,0.2498220640569394,0.2054066543438111,0.8849233667886518,0.0222929037331263,0.0183294889853542,0.221073382023357,0.1817691481227182,5
0.4900849858356941,0.5976868327402135,0.6209950708564413,0.7873836008551034,0.2929173429576684,0.3043403605047149,0.4706088105466712,0.4889613350042148,2
0.5674220963172805,0.6215302491103202,0.625924214417747,0.517808616254212,0.3526699968747794,0.3551632298806649,0.3218337182519506,0.3241089513476583,3
0.724929178470255,0.9231316725978644,0.3307917436845358,0.6807130693141055,0.6692050850362422,0.2398005869939736,0.6283877942351562,0.2251742631472652,2
0.6464589235127479,0.68576512455516,0.5427449168207019,0.6388274937497733,0.4433189842025142,0.3508622946699268,0.438085615820574,0.3467203749579982,2
0.6390934844192635,0.7612099644128113,0.2559303758471998,0.4073698322402985,0.4864843285312471,0.1635634356689186,0.3100939755024905,0.1042583142740703,2
0.718130311614731,0.6140569395017793,0.458025261860751,0.4011377223812457,0.4409729013136008,0.3289218240274798,0.2463214021241421,0.1837312103358953,2
0.2509915014164306,0.2964412811387901,0.0,0.9968114786767636,0.0744042422348351,0.0,0.2954960717927915,0.0,4
0.2660056657223796,0.2160142348754448,0.5205637707948227,0.6036088264067538,0.0574610103535531,0.138472912401229,0.1303880988003201,0.3142168867593373,4
0.6759206798866857,0.7640569395017792,0.6237677141096754,0.6236095510706909,0.5164418860201829,0.4216174974123755,0.4764732050351506,0.3889875041683257,2
0.68328611898017,0.7825622775800712,0.3696087492298225,0.6995543316786841,0.5347139415079694,0.2525485278023603,0.5474448310894756,0.2585614015500628,1
0.6770538243626063,0.4889679715302492,0.2898182378311809,0.3207000253632377,0.3310576351153812,0.1962225462936324,0.1568120408715618,0.0929447162231885,2
0.5997167138810199,0.8507117437722419,0.4629544054220602,0.8546324142179065,0.5101860514350811,0.2776414946964593,0.7270458313835961,0.3956558411786707,2
0.5702549575070822,0.6612099644128114,0.5877233518176226,0.6289720642052248,0.3770582601594871,0.3351521550166783,0.4158825961897892,0.3696615697743436,2
0.5909348441926346,0.7601423487544482,0.4956099815157131,0.5134606326316171,0.4491946004254332,0.2928732072073025,0.3903031712815423,0.2544762146476021,2
0.721529745042493,0.8402135231316724,0.3788508934072716,0.8521685568317692,0.6062390491264504,0.2733521885292694,0.7160035454376535,0.322844819089301,1
0.5220963172804532,0.5546263345195729,0.7201940850277282,0.675205623392152,0.2895683667194257,0.3760106795201425,0.3744868199489924,0.4862790961444877,3
0.7396600566572239,0.7806049822064057,0.5020794824399282,0.1922895757092647,0.5773823253657013,0.3713681384279469,0.1501022008250079,0.096544650650701,2
0.8538243626062324,0.8083629893238434,0.2121842267406037,0.3491068516975252,0.6902000141138993,0.1811680621518922,0.2822050582316471,0.074074967377286,1
0.2719546742209632,0.2622775800711744,0.534735058533581,0.8697054241095692,0.0713276138437188,0.1454236986380277,0.2281042340102322,0.4650619808682034,4
0.6212464589235127,0.68576512455516,0.5489063462723358,0.7353527301713831,0.4260291552831348,0.3410061239023321,0.5042792565979556,0.4036397803397608,2
0.4796033994334278,0.3377224199288257,0.6927757239679622,0.3478024566107466,0.1619728206627484,0.3322575922599887,0.1174606873037717,0.2409490986763457,4
0.26657223796034,0.290035587188612,0.3711491065927319,0.5973767165477009,0.0773154355650096,0.0989380479614053,0.1732605067567174,0.2217158346459788,4
0.5869688385269123,0.658896797153025,0.3366451016635885,0.8005724845103084,0.3867518877340136,0.1976001843192508,0.5274946459326819,0.2695088054370444,3
0.6940509915014165,0.93576512455516,0.4786660505237243,0.6675241856589007,0.6494687125099553,0.3322186469640579,0.6246458527366829,0.3195211655784112,2
0.2385269121813031,0.2973309608540925,0.6474892174984603,0.8686908945976302,0.0709214359884265,0.1544436037205959,0.2582886983759145,0.562467987591057,4
0.2056657223796034,0.1946619217081849,0.5652341343191623,0.3717163665350194,0.0400352847479156,0.1162492865483602,0.0723590222400909,0.210106778650686,4
0.1872521246458923,0.2158362989323843,0.3791589648798528,0.7389760498568789,0.0404158055507948,0.0709983217522896,0.1594978556007818,0.2801893941347367,4
0.086685552407932,0.3112099644128113,0.4860597658656829,0.9211565636436104,0.0269774076799774,0.0421343593073368,0.2866731013901555,0.4477371436502503,5
0.7110481586402266,0.8830960854092526,0.2688693776956263,0.6930323562447915,0.6279238454326413,0.1911790759252187,0.612014160861726,0.1863351783464707,2
0.2538243626062323,0.2861209964412811,0.6102125693160829,0.639262292112033,0.0726244795499682,0.1548868164609661,0.1829063640064321,0.390085885736572,4
0.5983002832861191,0.5843416370106761,0.6419439309919923,0.3322946483568245,0.3496117669593621,0.3840752357663138,0.1941735987907138,0.2133145328137816,2
0.5206798866855524,0.3418149466192171,0.3785428219346904,0.5937533968622051,0.1779761676731221,0.1970996336305838,0.2029537856534334,0.2247610863815272,3
0.6620396600566573,0.6355871886120995,0.4980745532963659,0.718685459618102,0.4207839262851208,0.3297451079471975,0.456787270775064,0.3579589392598796,2
0.3481586402266289,0.281138790035587,0.7500770178681471,0.6189717018732563,0.0978808988537497,0.2611457946062189,0.1740169553309153,0.4642764482858639,3
0.5376770538243626,0.7637010676156583,0.1388632162661736,0.6610022102250082,0.4106245400381074,0.0746635650065715,0.5048080936451486,0.091788892870894,2
0.8144475920679887,0.836832740213523,0.0938847812692564,0.5601289901808035,0.6815564102305606,0.0764642340365756,0.4687342777260354,0.0525875877256942,1
0.4492917847025496,0.4946619217081849,0.5137861983980301,0.7557882531975797,0.2222475376286632,0.2308399180337891,0.373859669731187,0.3883135734042722,3
0.3073654390934844,0.2667259786476869,0.4453943314849056,0.7479618826769086,0.0819823475446856,0.1368988242666069,0.1995008651481647,0.3331379827110731,4
0.438243626062323,0.7220640569395017,0.5147104128157736,0.8523134896191891,0.3164399705624389,0.2255685576844197,0.6154249360986955,0.4386946280903453,3
0.2169971671388102,0.2749110320284698,0.9096580406654377,0.8798507192289575,0.0596549151653846,0.1973932178894406,0.2418806692542241,0.8003632813318896,4
0.5243626062322947,0.2555160142348753,0.1376309303758489,0.3775136780318127,0.1339830431582873,0.0721685133500556,0.0964607903298367,0.051957558737127,3
0.4643059490084986,0.4868327402135231,0.8920979667282793,0.3347585057429616,0.2260393374532477,0.4142063930503257,0.1629714006606304,0.298637382318293,3
0.1699716713881019,0.2731316725978647,0.8135397412199659,0.7379615203449399,0.0464246469004868,0.1382787095558015,0.2015606643646766,0.600361024291715,4
0.7832861189801701,0.4259786476868327,0.2146487985212566,0.3324395811442443,0.3336631617150404,0.1681314243374715,0.1416121632134022,0.0713577566735218,2
0.5912181303116147,0.8026690391459074,0.4296826863832415,0.748396681039168,0.4745524885828636,0.2540361944707719,0.6007148448696951,0.3215730963892116,2
0.6784702549575071,0.7138790035587189,0.644100431300064,0.3421500779013732,0.4843456695532951,0.4370029838423947,0.2442537566797703,0.2203790127456249,2
0.6087818696883853,0.4889679715302492,0.2174214417744941,0.5941881952244645,0.2976748359259222,0.1323622318338209,0.2905389965261261,0.1291892540910876,2
0.6628895184135978,0.4352313167259786,0.6015865680837997,0.4634588209717742,0.288510277943,0.398785430401159,0.2017117928998148,0.2788106015565738,3
0.4818696883852691,0.6389679715302491,0.6958564386937773,0.5952027247364036,0.3078992973294486,0.3353121252742536,0.380315477674097,0.4141756483359064,3
0.7620396600566574,0.6998220640569394,0.2959796672828112,0.5394036015797673,0.5332921677940984,0.225548245039876,0.3774865418172997,0.1596524985267295,2
0.1470254957507082,0.2880782918149466,0.1391712877387547,0.9559404326243706,0.0423548536691097,0.0204617275740548,0.2753856869072697,0.1330394610098759,5
0.4702549575070822,0.3039145907473308,0.4851355514479358,0.503895068661908,0.1429173429576683,0.2281373981313239,0.1531410635719819,0.2444574120071902,3
0.7719546742209632,0.8234875444839856,0.2657886629698076,0.5605637885430632,0.6356950591271561,0.2051768007344832,0.4616172977539673,0.1489914998661507,2
0.2286118980169972,0.2218861209964412,0.270101663585951,0.9630421392079422,0.0507258072646255,0.0617484539699327,0.213685684624965,0.2601192839034382,4
0.5169971671388102,0.6300711743772242,0.6246919285274224,0.8343418239791298,0.3257450122488481,0.3229639573831575,0.5256947328665655,0.5212066030726098,2
0.2713881019830029,0.3266903914590746,0.4312230437461508,0.980723939273162,0.0886598852741624,0.1170288033736012,0.3203930876344349,0.4229107621680881,4
0.7617563739376771,0.8234875444839856,0.3141558841651282,0.5607087213304829,0.6272968858689625,0.2393102471728129,0.4617366480991947,0.1761499441086763,2
0.5875354107648726,0.3930604982206406,0.3615988909426981,0.5324468277836154,0.2309369612775095,0.2124521529221404,0.2092838154046274,0.1925321824125131,2
0.7441926345609066,0.6010676156583629,0.5929605668515094,0.3901228305373382,0.4473100924460395,0.4412768864359533,0.2344901995649694,0.2313274547371354,2
0.5450424929178471,0.6496441281138788,0.3936383240911922,0.4586760389869198,0.3540836550966297,0.2145496134706668,0.2979761954343849,0.1805524672875974,2
0.3586402266288953,0.4053380782918149,0.6274645717806528,0.8144860321026124,0.1453705402598974,0.225034036225016,0.3301422030479983,0.5110611293545888,3
0.1767705382436261,0.2316725978647686,0.746380160197166,0.8004275517228885,0.0409528898208542,0.1319380226524169,0.185437130310178,0.5974232442811549,5
0.3286118980169972,0.3494661921708185,0.7824245224892188,0.6540454364288562,0.1148387487020253,0.2571140073902249,0.2285667681754934,0.5117411882841004,4
0.2008498583569405,0.285409252669039,1.0,0.789412659878981,0.0573244079723367,0.2008498583569405,0.2253056773035382,0.789412659878981,4
0.4821529745042494,0.4202846975088967,0.5981977818853998,0.6241892822203703,0.2026415170425332,0.2884228398778897,0.2623372036662836,0.3733886441008653,3
0.6334277620396601,0.4167259786476868,0.6521102895871884,0.6373781658755753,0.2639658040385914,0.4130647613362474,0.2656120399431667,0.4156408603256724,2
0.7059490084985837,0.4209964412811388,0.3338724584103509,0.5299829703974782,0.2972020203038521,0.2356969309797718,0.2231209444769454,0.1769467172422262,2
0.5589235127478753,0.5880782918149464,0.5261090573012943,0.7997028877857895,0.3286907846319799,0.2940547223953126,0.4702879082085468,0.4207309324141044,3
0.6886685552407933,0.6752669039145908,0.525492914356132,0.2962063842892858,0.4650350831207848,0.3618904461189113,0.2000183680387615,0.1556543561310691,2
0.5643059490084986,0.4441281138790035,0.3572858903265583,0.774774448349578,0.2506241367838456,0.2016185534080748,0.3440991144271435,0.276815978580847,2
0.7498583569405101,0.6425266903914589,0.3859365372766525,0.4308489438023116,0.4818040083473632,0.2893977377255806,0.2768319459199549,0.1662803494603671,2
0.6742209631728046,0.6220640569395018,0.5809457794208264,0.3669335845501648,0.4194086276249332,0.3916858229522852,0.2282561942326292,0.2131685172721731,2
0.664872521246459,0.7999999999999997,0.3079944547134943,0.7330338055726655,0.531898016997167,0.2047770496352892,0.5864270444581322,0.2257703472339107,1
0.6252124645892352,0.7569395017793595,0.2796518792359848,0.5278089785861806,0.4732480114524211,0.1748418406441412,0.3995194652856962,0.147602772739251,2
0.9288951841359776,0.7046263345195728,0.1967806531115208,0.0457625276278124,0.6545240087506176,0.182788601006424,0.0322454821007361,0.0090051800746349,1
0.4110481586402267,0.3163701067615658,0.5485982747997546,0.5691148230008334,0.1300433498331535,0.2255003106896442,0.1800509173123632,0.3122154100612249,4
0.6161473087818697,0.754982206405694,0.4075015403573623,0.8486901699336933,0.4651802546550664,0.2510809774156552,0.6407459770513632,0.3458425515341315,2
0.230028328611898,0.2434163701067615,0.8277110289587206,0.6654951266350229,0.0559926607724335,0.1903969845650088,0.1619924080492368,0.5508376560340889,5
0.6549575070821531,0.8565836298932384,0.4426216882316716,0.7525997318743434,0.5610258788422571,0.2898983975047096,0.6446646101856031,0.3331169638849252,2
0.7450424929178471,0.8117437722419928,0.3341805298829321,0.7889778615167216,0.6047836036817114,0.2489786950685868,0.6404478655230041,0.2636610398275607,1
0.7759206798866856,0.702491103202847,0.4013401109057319,0.3508460451465631,0.5450773744115008,0.3114080917197733,0.246466225309365,0.140808590669959,2
0.1940509915014164,0.2784697508896796,0.7885859519408527,0.9766658212254068,0.0540373312632947,0.1530258858582107,0.2719718879391034,0.770184946359132,4
0.2135977337110481,0.2788256227758007,0.7522335181762188,0.5157795572303344,0.0595565211254826,0.1606753747039288,0.1438125562597747,0.3879866709387468,5
0.6014164305949009,0.6923487544483985,0.5353512014787434,0.7111489546722707,0.4163899166271813,0.3219690087080374,0.4923630929946272,0.3807144473141525,2
0.1577903682719547,0.2822064056939501,0.6025107825015432,0.9439110112685244,0.044529452683153,0.0950703982587421,0.2663777337850319,0.5687165620112216,5
0.6594900849858357,0.7135231316725977,0.5661583487369093,0.1299684771187361,0.4705614307461211,0.3733758175239447,0.0927355148124789,0.0735827383933944,2
0.1036827195467422,0.2370106761565835,0.6290049291435658,0.6021594985325553,0.0245739114655267,0.0652169416619107,0.1427182299013102,0.378761292707595,5
0.6883852691218131,0.7914590747330962,0.174291435613064,0.7801369614841116,0.5448287681590436,0.1199796568101262,0.617446477701304,0.1359711909918794,1
0.1362606232294617,0.3048042704626335,0.3643715341959357,0.9189825718323126,0.0415328198562398,0.0496494923366133,0.2801098123752227,0.3348510895978664,5
0.5609065155807366,0.591814946619217,0.637630930375849,0.6508569151056196,0.3319528595767846,0.3576513433836206,0.3851868504699804,0.4150065003203512,2
0.7977337110481587,0.7999999999999997,0.3243222427603243,0.3202652270009781,0.6381869688385268,0.2587227862926553,0.2562121816007824,0.1038691366991015,1
0.7643059490084986,0.8083629893238434,0.2131084411583508,0.5034602702996486,0.6178366416985069,0.162880049361255,0.4069786491052141,0.10729163338872,1
0.6257790368271955,0.641459074733096,0.4632624768946414,0.5320120294213558,0.4014116419505408,0.2898999465893096,0.3412639441394995,0.2464612104874821,3
0.8790368271954676,0.8774021352313167,0.5846426370918074,0.0093843979854341,0.7712687891282652,0.5139224087523736,0.0082338908302803,0.0054865191857232,1
0.2634560906515581,0.2702846975088967,0.8317159581022828,0.8110076452045365,0.0712081497686328,0.2191206348541425,0.2192029560615107,0.6745280006595673,4
0.353257790368272,0.3142348754448398,0.4946857670979696,0.2649009022066015,0.1110059177562932,0.1747516010116623,0.0832411020101171,0.1310427060130168,4
0.5135977337110482,0.6496441281138788,0.3939463955637734,0.5136055654190368,0.333655751917978,0.2023299759651901,0.3336608397410859,0.2023330612383233,2
0.2957507082152975,0.346797153024911,0.5304220579174377,0.7839052139570275,0.1025655036141663,0.1568726992820977,0.2718560964416808,0.4158006167992958,4
0.3779036827195468,0.2185053380782918,0.5378157732593962,0.8501394978078916,0.082573971953666,0.2032425613393866,0.1857600183822225,0.457218431391906,3
0.2059490084985836,0.2686832740213523,0.695240295748615,0.6696981774701982,0.0553350538848507,0.1431840495776893,0.1799366989288254,0.4656011589666891,4
0.701699716713881,0.8117437722419928,0.3711491065927319,0.6695532446827783,0.5696003750264634,0.26043522295473,0.5435056765556645,0.248504088580278,1
0.4957507082152975,0.6176156583629894,0.552911275415898,0.5537519475343309,0.3061834000383092,0.2741061563676548,0.3420058736462033,0.3061756955752443,3
0.8920679886685552,0.9754448398576512,0.4367683302526224,0.4756331751150403,0.8701631163489358,0.3896270458825801,0.4639539263310766,0.2077415077077493,1
0.2130311614730878,0.3048042704626335,0.3702248921749849,0.7453530925033516,0.0649328077586119,0.0788694387862857,0.2271868055975518,0.2759482683043449,4
0.7124645892351276,0.711387900355872,0.5587646333949472,0.2285227725642232,0.5068386882138862,0.3981000150108477,0.1625683353579652,0.127690443234245,2
0.4223796033994335,0.3377224199288257,0.6884627233518188,0.4725895865792239,0.1426470617886343,0.2907926120446351,0.1596040988126987,0.3253603138040426,4
0.3560906515580737,0.351067615658363,0.4940696241528073,0.7962245008877131,0.1250118960007258,0.1759335743796257,0.2795286370554196,0.393390339894849,3
0.8654390934844193,0.8638790035587188,0.2146487985212566,0.415631001123229,0.7476346617200811,0.185765461609756,0.3590548950984478,0.0892146950192881,1
0.7158640226628895,0.683629893238434,0.558456561922366,0.284611761295699,0.489386045386267,0.399778960900232,0.1945691079889813,0.1589433056958651,2
0.5563739376770538,0.6313167259786477,0.6453327171903922,0.748396681039168,0.3512481727541258,0.359046304975051,0.4724753424069338,0.4829648637112775,2
0.5223796033994335,0.5866548042704626,0.5033117683302528,0.5472299721004384,0.3064565039871765,0.262919801926625,0.3210350921735134,0.2754272849411865,2
0.5300283286118981,0.576512455516014,0.6197627849661131,0.7250625022645747,0.3055679332210941,0.3284918330514441,0.4180075635831354,0.4493667556779915,3
0.6864022662889518,0.7601423487544482,0.4284504004929168,0.6437552085220479,0.5217634308872601,0.2940893258907471,0.4893455962288591,0.2758171769106726,1
0.4705382436260625,0.6181494661921708,0.3961028958718415,0.8056451320700024,0.2908629641204521,0.1863815609187334,0.4980091083293929,0.3191183698579801,3
0.1770538243626062,0.2597864768683274,0.8415742452248942,0.9176781767455342,0.045996189247225,0.1490039386021412,0.2384003804356725,0.77229431895398,4
0.7645892351274788,0.8814946619217082,0.2023259396179924,0.6354940396391173,0.6739813293276744,0.1546962354189692,0.5601846036249444,0.1285769286916181,1
0.6099150141643059,0.8565836298932384,0.4472427603203925,0.8489800355085328,0.5224432167592471,0.2727800744956954,0.7272224005227895,0.3797001745377411,2
0.7025495750708216,0.5603202846975089,0.4795902649414678,0.2562049349614116,0.3936527779177967,0.3369359368427309,0.1435568220984849,0.1228733926374549,2
0.7770538243626063,0.8774021352313167,0.582178065311151,0.4172252617848472,0.6817886846854113,0.4523836921100531,0.36607433556247,0.2428993957048408,1
0.3070821529745043,0.3316725978647686,0.804605668515098,0.8343418239791298,0.1018507354349601,0.2470800409831066,0.2767283202663875,0.671316161052834,4
0.2909348441926346,0.2738434163701068,0.5831022797289016,0.8078191238813002,0.0796705916748157,0.169644770901298,0.2212159486927617,0.4710411727437901,4
0.3101983002832861,0.2653024911032029,0.2978280961183017,0.2634515743324033,0.0822963818011351,0.0923857691925043,0.0698943589554472,0.0784632808027889,4
0.6753541076487253,0.4259786476868327,0.2100277264325321,0.5408529294539657,0.2876864294859516,0.1418430877663333,0.2303917994862622,0.113594111107591,2
0.456373937677054,0.4501779359430604,0.4839032655576112,0.8962281242073988,0.205449477281663,0.2208408387573121,0.4034621270898075,0.4336877159885327,3
0.4147308781869689,0.286832740213523,0.6077479975354301,0.2035943331280117,0.1189583942415291,0.2520518607342407,0.0583975204630524,0.1237340482681103,3
0.5781869688385269,0.6010676156583629,0.6286968576709846,0.757237581071778,0.3475294627645095,0.3635043304550934,0.4551509873417198,0.4760728877302042,2
0.4745042492917847,0.301067615658363,0.3338724584103509,0.4308489438023116,0.1428578629540391,0.1584239002372061,0.129714664219486,0.1438485960707808,3
0.506515580736544,0.5567615658362989,0.7371380160197205,0.593898329649625,0.2820084078513605,0.3733718902672126,0.3306597639632876,0.4377850364353505,3
0.5229461756373938,0.6797153024911032,0.5338108441158376,0.8027464763216059,0.3554545179599367,0.2791543394441462,0.5456390639766076,0.4285147741362506,2
0.5569405099150142,0.7999999999999997,0.456176833025264,0.8289793108445958,0.4455524079320112,0.2540633579965068,0.6631834486756764,0.3781611566645536,2
0.2348441926345609,0.288612099644128,0.7500770178681471,0.9115909996739012,0.0677788755254906,0.1761512316749841,0.2630961924325742,0.6837634585508429,4
0.7804532577903683,0.7754448398576511,0.3261706715958112,0.7065111054748359,0.6051984515036343,0.2545609632426232,0.5478603910425861,0.2304432017626262,1
0.4762039660056658,0.6012455516014233,0.4909889094269886,0.7446284285662526,0.286315516215862,0.2338108659339285,0.4477045302714176,0.3656043000700766,3
0.5308781869688386,0.6850533807829181,0.5609211337030224,0.6205659625348745,0.363679896766909,0.297780794492766,0.4251208106333214,0.3480885632425691,2
0.1915014164305949,0.2727758007117437,0.738062230437464,0.7679626073408456,0.0522369522042885,0.1413399625426984,0.2094816151340775,0.5668041948665549,5
0.3580736543909348,0.3265124555160142,0.8733056069008036,0.7691220696402044,0.1169155081507767,0.3127077300630639,0.251127935549782,0.6716786158079407,3
0.8317280453257792,0.8117437722419928,0.316620455945781,0.5243305916881046,0.6751500609922071,0.2633421129339414,0.4256220923987781,0.1660137910066088,1
0.8422096317280454,0.9231316725978644,0.3486598890942716,0.5656364361027573,0.777470386015142,0.2936447167924276,0.5221569093418333,0.1972147370792664,1
0.3507082152974505,0.3265124555160142,0.8461953173136223,0.7517301351498242,0.1145106005464095,0.2967676495281203,0.2454492523131543,0.6361105202473177,4
0.7801699716713882,0.7772241992882564,0.358518176216883,0.4437479618826768,0.6063669815410364,0.2797051153828033,0.3448916543600592,0.1590917099941362,2
0.7881019830028329,0.7870106761565837,0.3508163894023397,0.5995507083589984,0.6202446745234039,0.2764790921578779,0.471852808375774,0.2103322147701189,2
0.2662889518413598,0.3322064056939502,0.3400338878619848,0.8966629225696583,0.0884628955672275,0.0905472675893104,0.2978771666258989,0.3048957796630507,4
0.3379603399433428,0.281138790035587,0.425985828712264,0.8192688140874669,0.095013761051687,0.1439663154826433,0.2303282431064407,0.3489969047071633,4
0.6719546742209632,0.6087188612099644,0.4232131854590264,0.7373817891952608,0.4090314840764973,0.2843800781611362,0.4488582029959052,0.3120696959048026,2
0.8458923512747877,0.7923487544483986,0.522720271102898,0.1183738541251493,0.6702417509300053,0.4421650791822248,0.0937933758753184,0.0618764131197929,1
0.7031161473087819,0.8693950177935942,0.3243222427603243,0.6860755824486393,0.6112856754004818,0.2280362058161827,0.5964706932106852,0.2225095716028385,1
0.6473087818696884,0.596085409252669,0.5221041281577357,0.3656291894633863,0.3858513201536398,0.3379625872069196,0.2179462250360042,0.1908965091938008,2
0.5186968838526913,0.351067615658363,0.5180991990141735,0.3857748469147433,0.1820976782635871,0.2687364400552271,0.1354330556873289,0.1998696391863438,2
0.218413597733711,0.2535587188612099,0.7476124460874942,0.6176673067864777,0.0553806720232274,0.1632887240604696,0.1566149309912332,0.4617757660949133,4
0.3354107648725213,0.288612099644128,0.7285120147874302,0.5943331280118844,0.0968036050931013,0.2443507720986735,0.1715317319635722,0.4329788245428536,3
0.6694050991501417,0.7327402135231317,0.461722119531732,0.3709917025979201,0.4905000352847479,0.3090791412049526,0.2718405393769101,0.1712950752521976,2
0.3002832861189802,0.281138790035587,0.6327017868145433,0.9055038226022682,0.0844212797274,0.1899897716780215,0.2545722490590005,0.5729138865278544,3
0.3467422096317281,0.2852313167259787,0.6823012939001849,0.5417225261784848,0.0989017370177331,0.2365826582815372,0.1545162294420126,0.369617980546457,4
0.6552407932011333,0.686476868327402,0.4869839802834264,0.6166527772745387,0.4498076477170767,0.3190917695171573,0.4233178673888202,0.300300023929984,2
0.1209631728045326,0.1855871886120996,0.4364602587800412,0.8612993224392189,0.0224492151663927,0.0527956177051211,0.1598461198050009,0.3759229251588956,5
0.7657223796033995,0.8939501779359428,0.662276648182381,0.3304105221203666,0.6845176574959925,0.5071200510019762,0.2953705450414094,0.2188231731140668,2
0.1614730878186969,0.3142348754448398,0.5371996303142339,0.8014420812348273,0.0507404756384019,0.0867432830819018,0.2518410525730791,0.4305343897576194,5
0.6252124645892352,0.793238434163701,0.3255545286506489,0.4324432044639298,0.4959425564303932,0.2035407492158589,0.3430305703737009,0.1407838435974308,2
0.8518413597733712,0.7309608540925266,0.3800831792975998,0.476792637414399,0.6226626878912827,0.3237705722798534,0.3485167534694574,0.1812208614941525,1
0.7495750708215297,0.7330960854092526,0.3218576709796679,0.359831877966593,0.5495105501396268,0.2412564865190371,0.2637913411427692,0.1158146501865677,1
0.6274787535410765,0.4615658362989323,0.458949476278498,0.5891155476647705,0.2896227556379986,0.2879810453135618,0.2719156104345933,0.270374272068267,3
0.5844192634560907,0.6781138790035587,0.4654189772027131,0.8684010290227906,0.3963028137066124,0.2719998158552966,0.5888747903213265,0.4041703187295707,2
0.3456090651558074,0.241103202846975,0.5837184226740639,0.5518678212978729,0.083327452542014,0.2017383783746057,0.1330570992630992,0.3221354141725666,4
0.7750708215297452,0.7016014234875446,0.601278496611215,0.4331678684010289,0.5437907916889299,0.4660334183366245,0.3039111930792272,0.2604545246924553,2
0.3603399433427762,0.2427046263345195,0.6028188539741244,0.655059965940795,0.0874561713024104,0.2172197116869932,0.1589860842603637,0.394882497952759,3
0.8388101983002834,0.7973309608540925,0.0735520640788642,0.4356317257871661,0.6688093413849768,0.0616962214553872,0.3473426625004077,0.0320416126098838,1
0.6184135977337111,0.5895017793594305,0.4463185459026491,0.6237544838581108,0.3645559162440897,0.2760094577069357,0.3677043781177795,0.2783931942358094,2
0.6923512747875354,0.4756227758007118,0.501771410967347,0.3182361679771005,0.3292980351436089,0.347402076035183,0.1513603695734501,0.1596818110267114,3
0.1390934844192634,0.2578291814946619,0.459873690696245,0.7753541794992571,0.0358623592390591,0.0639654340316873,0.1999089334687586,0.3565649881230822,5
0.5691218130311615,0.6720640569395017,0.4506315465187924,0.7343382006594441,0.3824863145584869,0.2564642427638113,0.4935223103008398,0.3309159590309926,2
0.5184135977337111,0.4596085409252668,0.3360289587184262,0.8826044421899344,0.2382673172502091,0.174201981431932,0.4056525398890747,0.296580651669341,2
0.776487252124646,0.8508896797153026,0.471580406654347,0.4891119243450849,0.6607049892633554,0.366176174118857,0.4161802886509246,0.2306556001821453,1
0.8339943342776205,0.7855871886120996,0.4108903265557622,0.0821406572701908,0.6551752643835755,0.342680204356987,0.0645286480156392,0.0337508014892536,1
0.1790368271954674,0.2603202846975089,0.4558687615526828,0.8221674698358636,0.0466069178268627,0.0816172966859194,0.2140268698167025,0.3748004662629778,5
0.5818696883852692,0.7309608540925266,0.4398490449784376,0.4963585637160765,0.4253239643926487,0.2559348267381617,0.3628186796700431,0.2183228402173852,2
0.341643059490085,0.2250889679715302,0.7916666666666679,0.7689771368527845,0.0769000836752593,0.2704674220963177,0.1730882701278953,0.608773566675122,4
0.2113314447592068,0.1946619217081849,0.9247535428219392,0.5937533968622051,0.0411381851541943,0.1954295022507554,0.1155811772539593,0.5490755573108851,4
0.4393767705382437,0.3494661921708185,0.7787276648182413,0.1346063263161708,0.1535473269283115,0.3421548464966267,0.0470403602998148,0.1048216701619538,4
0.3226628895184136,0.3496441281138789,0.5251848428835508,0.6901337004963948,0.1128171846803705,0.1694576589360805,0.2413011959920667,0.3624477590638426,4
0.3971671388101984,0.3496441281138789,0.5076247689463962,0.7353527301713831,0.1388671579647757,0.2016118770716282,0.2571117641969337,0.37328325974735,3
0.2161473087818697,0.285409252669039,0.9466266173752372,0.7979636943367512,0.0616904418658574,0.2046107957669422,0.2277462216576776,0.7553736727582465,4
0.6900849858356941,0.4192170818505338,0.3991836105976603,0.0473567882894306,0.2892954139909066,0.2754706162651276,0.0198527745925086,0.0189040537356839,2
0.4124645892351276,0.3316725978647686,0.8532809611829926,0.6825971955505634,0.1368032018388394,0.3519481811564978,0.2263987851434608,0.5824471911201999,3
0.2529745042492918,0.2613879003558718,0.571087492298215,0.8140512337403529,0.0661244745092899,0.1444705752471121,0.2127831427694978,0.4648944776790462,4
0.3864022662889519,0.3494661921708185,0.8230899568699961,0.5736077394108481,0.1350345286461746,0.3180438246942422,0.2004565124916202,0.4721307694919709,4
0.7572237960339944,0.9163701067615658,0.0978897104128186,0.6305663248668429,0.6938972508140696,0.0741244181114629,0.577832130438477,0.0617259549372905,1
0.6084985835694051,0.6681494661921706,0.5063924830560715,0.5375194753433095,0.4065680037905899,0.3081391086698135,0.3591433505185278,0.2721958218100953,2
0.5447592067988669,0.4441281138790035,0.3542051756007396,0.8555020109424254,0.2419428790338028,0.1929565305043122,0.379952494539554,0.3030232400126476,2
0.6161473087818697,0.6300711743772242,0.6474892174984603,0.6547701003659554,0.3882166584335588,0.398948738826955,0.4125517660846704,0.4239565799273408,2
0.3203966005665722,0.2459074733096085,0.8070702402957508,0.4807058226747345,0.0787879185023136,0.2585825614092051,0.1182091542591606,0.3879633638176645,4
0.6861189801699717,0.7999999999999997,0.3665280345040038,0.582448639443458,0.5488951841359772,0.2514818412375913,0.4659589115547662,0.2134837550147418,2
0.2362606232294617,0.3211743772241991,0.6619685767097963,0.73781658755752,0.0758808585283235,0.1563971084917761,0.2369677830144702,0.4884113963383303,4
0.6815864022662891,0.6062277580071175,0.3520486752926715,0.5024457407877096,0.4131965965340297,0.2399515900153449,0.3045965549579585,0.1768853574507581,2
0.6031161473087819,0.8475088967971528,0.367760320394332,0.8605746585021197,0.5111463006462149,0.2218021875692727,0.729344679438718,0.3164852121339823,2
0.5818696883852692,0.686476868327402,0.4130468268638338,0.8965179897822384,0.3994400814573609,0.2403394284357832,0.6154388620248887,0.3703039109058965,2
0.6133144475920681,0.3852313167259785,0.5390480591497244,0.5511431573607739,0.2362679322129585,0.3306059626229897,0.2123176042146041,0.2970926492889763,3
0.7917847025495752,0.8576512455516013,0.3437307455329659,0.778107902460234,0.6790751363503473,0.2721607461089631,0.6673452117185635,0.2674596094177485,1
0.6130311614730879,0.7275800711743771,0.3754621072088753,0.856806406029204,0.4460292560967003,0.2301699716713898,0.6233952658813905,0.3216983386777881,2
0.8886685552407932,0.8350533807829182,0.3880930375847207,0.3940360157976738,0.742085681449296,0.3448860790094246,0.3290411071420788,0.1529226342887002,2
0.7660056657223797,0.7327402135231317,0.4256777572396828,0.1754773723685639,0.5612831550613452,0.3260715738175928,0.1285793272978196,0.0746968143161629,2
0.6674220963172806,0.736476868327402,0.647797288971045,0.6970904742925468,0.4915409353482604,0.432354224593706,0.5133910094478382,0.4515733194142518,1
0.1577903682719547,0.344306049822064,0.7195779420825659,0.5708540164498712,0.0543281783996854,0.1135424684815833,0.1965484914289146,0.4107739583865655,5
0.2575070821529746,0.2864768683274021,0.6083641404805924,0.7976738287619116,0.0737698224673112,0.1566580747016596,0.2285151004104408,0.4852761532186036,4
0.5322946175637394,0.3562277580071175,0.5550677757239697,0.6466538642704445,0.1896181182139869,0.2954595894009459,0.2303560562756992,0.3589367221039054,3
0.3291784702549575,0.2622775800711744,0.5824861367837357,0.8223124026232835,0.0863361325900013,0.19174189545119,0.215674107022548,0.4789855746333883,4
0.6492917847025497,0.8145907473309607,0.3745378927911318,0.5465053081633393,0.5289070801367032,0.2431843768490862,0.4451781673971115,0.2046869465186652,2
0.6388101983002833,0.7695729537366548,0.4115064695009245,0.4727345193666437,0.4916110511830472,0.262874529383735,0.3638037004022658,0.1945333130757839,2
0.6461756373937678,0.8341637010676154,0.4460104744300679,0.7649190188050292,0.5390162612281107,0.2882011025991459,0.638067679743412,0.3411618944778131,1
0.256657223796034,0.2160142348754448,0.4472427603203925,0.9333309177868764,0.055441613823556,0.1147880852267069,0.2016127640913287,0.4174254959633679,4
0.6518413597733712,0.6033807829181496,0.4882162661737546,0.5967969853980217,0.3933085499984879,0.3182395548061783,0.3600958322926498,0.2913659958747749,2
0.6657223796033994,0.4352313167259786,0.5455175600739395,0.4491104750172107,0.2897432278487393,0.3631632482078634,0.1954669433971703,0.2449976505350367,3
0.4804532577903683,0.4754448398576512,0.2189617991374,0.995652016377405,0.2284290222092284,0.105200909727204,0.4733776134805028,0.2180097568207766,2
0.5577903682719547,0.6430604982206406,0.3548213185459019,0.6807130693141055,0.3586929521236378,0.1979159139424591,0.4377396854984301,0.2415315088054588,2
0.2339943342776204,0.2852313167259787,0.707871226124464,0.5705641508750317,0.0667425120724244,0.1656378563112768,0.1627427640307252,0.4038859450625723,5
0.7396600566572239,0.7640569395017792,0.5578404189772037,0.288090148193775,0.5651423991612311,0.412612275906368,0.2201172769295497,0.1607083289716201,2
0.6558073654390936,0.708540925266904,0.4857516943930982,0.6525961085546577,0.464666357505066,0.3185595389575134,0.4623910505808981,0.3169996654847672,2
0.5342776203966006,0.7946619217081848,0.416127541589649,0.9120257980361608,0.4245700805500387,0.2223276327020051,0.7247521733148564,0.3795190532031253,2
0.7739376770538244,0.8071174377224198,0.3911737523105394,0.526504583499402,0.6246585948605244,0.3027441051876469,0.4249510303831472,0.2059547735361588,2
0.6419263456090651,0.8873665480427045,0.4780499075785585,0.6389724265371934,0.5696239654007843,0.3068728301906553,0.5670027564307799,0.3054607094513525,2
0.406515580736544,0.0092526690391459,0.3902495378927924,0.5953476575238232,0.0037613541278114,0.1586425175286564,0.0055085548382987,0.2323341482342284,3
0.5526912181303116,0.6128113879003557,0.5960412815773282,0.6536106380665967,0.3386954724627745,0.3294267819709255,0.4005400422600282,0.3895789223657895,3
0.5243626062322947,0.2555160142348753,0.1567313616759094,0.2978006449509039,0.1339830431582873,0.0821840652867162,0.0760928338344302,0.0466747005911192,3
0.6376770538243627,0.8145907473309607,0.4558687615526828,0.5867966230660531,0.5194458278305929,0.2906970487974756,0.4779990997146602,0.267502249840418,2
0.0838526912181303,0.2485765124555159,0.4438539741219998,0.5480995688249575,0.020843809543012,0.037218350237992,0.1362446792968799,0.2432761718375119,5
0.539943342776204,0.6752669039145908,0.4731207640172528,0.7007137939780428,0.3646058693657819,0.2554584068603071,0.4731688341897994,0.3315222455643195,2
0.7467422096317281,0.6720640569395017,0.4783579790511432,0.5137504982064567,0.501858598893067,0.3572100942716186,0.3452732440793215,0.2457566500585586,2
0.7883852691218131,0.7855871886120996,0.4688077634011094,0.195478097032501,0.6193453671125987,0.3696011347153789,0.1535650886830056,0.0916416494637118,1
0.6640226628895185,0.6681494661921706,0.4805144793592113,0.4562121816007826,0.4436663877491354,0.3190725041410741,0.3048179256069285,0.21921655891923,2
0.5790368271954675,0.6300711743772242,0.6434842883548981,0.739555781006558,0.36483441371871,0.3726011006791535,0.4659727794562672,0.4758925254397559,2
0.5858356940509915,0.8172597864768684,0.3489679605668527,0.6469437298452843,0.4787799542306412,0.2044378873802411,0.5287210945159059,0.2257626340056217,2
0.774787535410765,0.8507117437722419,0.4327634011090602,0.5305627015471573,0.6591208553022895,0.335299688961269,0.4513559210136937,0.229608119223159,1
0.3592067988668556,0.3466192170818506,0.8372612446087508,0.8027464763216059,0.1245079793937072,0.3007499314911887,0.2782473551378093,0.6721085138703169,4
0.2872521246458924,0.286832740213523,0.5091651263093055,0.6328852494655604,0.0823933140443377,0.1462587643279422,0.1815322103449257,0.3222430979834284,4
0.713314447592068,0.8475088967971528,0.3415742452248942,0.6512917134678791,0.604540340548224,0.2436498440442729,0.5519755215742895,0.2224644754490188,1
0.6954674220963173,0.8597864768683275,0.5261090573012943,0.8011522156599877,0.5979534846208907,0.3658917098228548,0.6888198409375554,0.4214934369357194,1
0.2294617563739377,0.2540925266903915,0.4207486136783771,0.6472335954201238,0.0583045174558688,0.0965457158865398,0.1644572196192058,0.2723226379990887,4
0.6269121813031162,0.4731316725978648,0.3603666050523735,0.6124497264393638,0.2966120089119192,0.225918214442182,0.2897693634523609,0.2207064286822084,2
0.5957507082152975,0.6055160142348753,0.5452094886013583,0.7130330809087286,0.3607365943161311,0.3248089389599594,0.4317529491694667,0.3887524013980989,2
0.3351274787535411,0.3473309608540925,0.7066389402341358,0.3724410304721185,0.1164001492040768,0.2368141264297401,0.1293603009753692,0.2631813350725273,4
0.5155807365439095,0.3275800711743772,0.4688077634011094,0.4980977571651146,0.1688939743731916,0.2417082519518468,0.1631668987439459,0.2335120954916863,3
0.475070821529745,0.3423487544483986,0.6068237831176866,0.2462045726294429,0.1626399040254856,0.2882842731695071,0.08428782877919,0.1494027901838717,3
0.676487252124646,0.8375444839857652,0.3064540973505885,0.8002826189354686,0.5665881665036848,0.2073122902190383,0.6702722931190838,0.245249887611234,1
0.7130311614730879,0.8402135231316724,0.358518176216883,0.6860755824486393,0.5990984242839715,0.2556346315971373,0.5764499822637854,0.2459705665664218,1
0.3376770538243627,0.3508896797153024,0.8206253850893432,0.7315844776984672,0.1184873932636375,0.2771063623304525,0.2567054430643019,0.6003567937366907,4
0.7609065155807366,0.7790035587188612,0.3489679605668527,0.6017247001702961,0.5927488834897624,0.2655319949242398,0.4687456828017004,0.2099826414411291,1
0.776487252124646,0.8873665480427045,0.4182840418977207,0.2546106742997933,0.6890288125170123,0.3247922263007514,0.2259329951482329,0.1064995819564216,2
0.6759206798866857,0.8793594306049822,0.410582255083181,0.5465053081633393,0.5943772241992884,0.2775210370052323,0.4805745966091144,0.2243853818406326,2
0.5909348441926346,0.6612099644128114,0.6025107825015432,0.4995470850393129,0.3907320072989022,0.3560446153819318,0.3303055103213678,0.3009825051034013,2
0.4144475920679887,0.3316725978647686,0.8492760320394375,0.6572339577520925,0.1374609095399876,0.3519804064798009,0.2179864941725801,0.5581730477612724,3
0.6076487252124647,0.6010676156583629,0.6182224276032073,0.6540454364288562,0.3652379704212999,0.3756620700308442,0.3931255310065259,0.4043455574718467,2
0.5475920679886686,0.5816725978647687,0.4949938385705508,0.8131816370158338,0.3185193007571099,0.2710546997044971,0.4730054753389253,0.4025198999615518,2
0.8461756373937678,0.8597864768683275,0.5526032039433169,0.47592304068988,0.727530370086599,0.4675993683225743,0.4091921944152136,0.2629965971156732,1
0.1980169971671388,0.2829181494661921,0.344038817005547,0.9472444653791804,0.0560226024013791,0.0681255334523731,0.2679926512371702,0.325888865284105,4
0.4623229461756374,0.4275800711743772,0.7510012322858906,0.7443385629914125,0.1976800782313268,0.3472051022919471,0.3182643357417018,0.5589991780444598,3
0.5912181303116147,0.6081850533807828,0.2282039433148526,0.9315917243378382,0.359570030143256,0.1349183086963448,0.5665801625955036,0.2125929050533778,2
0.3611898016997168,0.2727758007117437,0.572011706715962,0.6169426428493787,0.0985238373675561,0.2066047949186548,0.1682870233964586,0.3528984140821293,4
0.778186968838527,0.8846975088967971,0.2556223043746186,0.403456646979963,0.6884600727873943,0.1989219462088037,0.3569370905310277,0.1031325178162751,2
0.3453257790368272,0.3199288256227758,0.5994300677757245,0.7876734664299432,0.1104796709445223,0.2069986551327502,0.2519994470891526,0.4721551593672407,3
0.6218130311614731,0.8693950177935942,0.3785428219346904,0.8959382586325593,0.5406011512909177,0.2353828595316276,0.7789242583058157,0.3391509967020215,2
0.5430594900849859,0.6181494661921708,0.4361521873074565,0.6996992644661038,0.3356919339066265,0.2368565844386385,0.4325187268247766,0.3051753646543096,3
0.7308781869688386,0.6081850533807828,0.2750308071472602,0.5812891771440993,0.4445091891564928,0.2010140176883658,0.3535313892310553,0.1598724315759083,2
0.1997167138810198,0.2747330960854092,0.963262476894645,0.8672415667234319,0.0548687911445363,0.1923796164902902,0.2382599606798894,0.8353812596280055,5
0.6750708215297451,0.6852313167259786,0.623151571164513,0.2621471792456248,0.4625796679201153,0.4206714430835792,0.1796314568104806,0.1633574266232563,2
0.3311614730878187,0.2861209964412811,0.5794054220579206,0.5391137360049276,0.0947522506628491,0.1918767530837702,0.1542517593409116,0.3123654217471575,4
0.9101983002832862,0.8774021352313167,0.5861829944547168,0.0,0.7986099321524704,0.5335427652076502,0.0,0.0,1
0.2807365439093485,0.2459074733096085,0.8403419593345696,0.5415775933910648,0.0690352141784198,0.2359146973655973,0.1331779775918952,0.4551103759619482,4
0.7592067988668556,0.7898576512455516,0.3976432532347544,0.5875212870031523,0.5996652989626285,0.3018934613793603,0.4640581838090735,0.2336238759086033,2
0.5184135977337111,0.5674377224199288,0.414279112754162,0.836660748577847,0.2941674311695382,0.2147679253088149,0.4747528696111662,0.3466110725970635,3
0.8158640226628896,0.7532028469750888,0.2482285890326565,0.2362042102974745,0.6145111046142367,0.2025207751881163,0.1779096836635603,0.0586326378457149,1
0.5730878186968839,0.5816725978647687,0.498998767714113,0.7834704155947678,0.33334948030607,0.285970115321714,0.4557232719891985,0.3909507719222531,2
0.7311614730878188,0.7500000000000001,0.4765095502156526,0.4215732454074422,0.5483711048158642,0.3484054246760905,0.3161799340555817,0.2008836775520532,2
0.6311614730878188,0.686476868327402,0.6370147874306866,0.2878002826189354,0.4332777514542356,0.4020591916134759,0.197568236715988,0.1833330358549927,2
0.6065155807365439,0.6709964412811388,0.4928373382624791,0.6728866987934345,0.4069697962557841,0.29891352442492,0.4515045802758081,0.3316236895855828,2
0.4076487252124646,0.7135231316725977,0.525492914356132,0.8504293633827313,0.29086679503594,0.21421651664546,0.60680102262718,0.4468946046180215,3
0.2235127478753541,0.2624555160142349,0.9148952556993208,0.6423058806478497,0.0586621535793856,0.2044907526194799,0.1685767213444089,0.5876426029124918,4
0.5960339943342777,0.6215302491103202,0.627772643253234,0.4457770209065546,0.3704531569768028,0.3741738360920126,0.2770639028517073,0.2798466187160599,2
0.8320113314447593,0.7772241992882564,0.3474276032039469,0.2689590202543569,0.646659340880909,0.2890637027223773,0.2090414591585465,0.093443787767053,2
0.3858356940509915,0.2540925266903915,0.35944239063463,0.8236167977100619,0.0980379663887573,0.13868570426186,0.2092748731547987,0.2960427907357431,3
0.6447592067988669,0.4295373665480426,0.5331947011706752,0.3644697271640276,0.27694817174599,0.3437821925961634,0.15655336679252,0.1943333272609812,3
0.218413597733711,0.2775800711743772,0.8184688847812716,0.8018768795970868,0.0606272620043752,0.1787647337581757,0.2225850413116468,0.6563112753757135,5
0.6960339943342776,0.731850533807829,0.5230283425754791,0.1724337838327475,0.5093928503019365,0.3640455064328476,0.1261957567445,0.0901877561620603,2
0.6943342776203967,0.7891459074733095,0.3843961799137396,0.5201275408529293,0.5479310536025728,0.2668994439004464,0.4104565202282457,0.1999350397717935,2
0.6830028328611899,0.4412811387900355,0.2168052988293318,0.5817239755063588,0.3013962678818062,0.1480786332797504,0.2567038183729127,0.126120840345843,2
0.2940509915014164,0.2613879003558718,0.550138632162664,0.7714409942389218,0.0768613712661175,0.1617688102506643,0.2016453417325579,0.424399493364806,4
0.5093484419263457,0.3476868327402135,0.3619069624152793,0.6017247001702961,0.1770937465345337,0.184336747428519,0.2092117551837648,0.2177683584488765,3
0.2252124645892351,0.2784697508896796,0.700785582255083,0.9627522736331028,0.0627148589114151,0.1578256481282693,0.2680973858070828,0.6746829126453789,4
0.4229461756373938,0.281138790035587,0.3067621688231696,0.62433421500779,0.1189065760688757,0.1297438861339921,0.175524565785108,0.1915221178663007,3
0.269971671388102,0.2879003558718861,0.7189617991374035,0.6473785282075437,0.0777249402679624,0.1940993185773217,0.1863805086547697,0.46544043136302,4
0.6824362606232295,0.3930604982206406,0.3354128157732603,0.3593970796043334,0.2682387366043975,0.2288978677614119,0.1412647951683225,0.120546386450776,2
0.4198300283286119,0.3275800711743772,0.4725046210720904,0.636653501938476,0.1375279505610274,0.1983716284500957,0.2085549994784225,0.3008217216876589,3
0.4430594900849859,0.4544483985765124,0.4697319778188529,0.7628899597811514,0.201347675743248,0.2081192105690328,0.3466941205126442,0.3583538096661454,3
0.6099150141643059,0.3603202846975089,0.4872920517560111,0.6221602231964927,0.2197647515449678,0.2972067386489212,0.2241769487496259,0.3031737316823967,3
0.6402266288951842,0.5912811387900355,0.4839032655576112,0.4834595456357113,0.3785539302168499,0.3098077564193205,0.2858605107023965,0.2339476528981196,2
0.2974504249291785,0.3455516014234875,0.4386167590881094,0.6692633791079388,0.1027844706783744,0.1304667413718172,0.2312650324248428,0.2935501343206808,4
0.2419263456090651,0.2096085409252669,0.5070086260012339,0.5521576868727127,0.0507098283144979,0.1226587440807517,0.1157369671060597,0.2799487101573536,4
0.8957507082152976,0.7309608540925266,0.4121226124460868,0.3230189499619551,0.6547587027310395,0.3691591219701208,0.2361142075522618,0.1331234135279127,1
0.1084985835694051,0.2715302491103202,0.5806377079482452,0.7944853074386753,0.0294606474247174,0.0629983688793705,0.2157267934433128,0.4613081279097493,5
0.6512747875354108,0.6345195729537366,0.3988755391250791,0.5882459509402513,0.4132466000625044,0.2597775819967583,0.373253569582373,0.2346369208194376,2
0.6379603399433428,0.3838078291814946,0.5177911275415923,0.247943766078481,0.2448541731775427,0.3303302037460809,0.095162758617666,0.1283830822046854,2
0.369971671388102,0.2298932384341637,0.546441774491683,0.7112938874596904,0.085053985664311,0.2021679766249682,0.1635216552665338,0.3886806940485606,4
0.1657223796033994,0.294661921708185,1.0,0.7437588318417334,0.0488320748439909,0.1657223796033994,0.21915740667792,0.7437588318417334,5
0.7308781869688386,0.7886120996441283,0.489140480591498,0.6644805971230843,0.5763793816095895,0.3575021076277804,0.5240174388700196,0.325024358620511,2
0.611614730878187,0.8475088967971528,0.3871688231669772,0.835646219065908,0.5183489258314598,0.2367981555856951,0.7082176052332595,0.3235361632196816,2
0.3447592067988669,0.3419928825622775,0.6028188539741244,0.6728866987934345,0.1179051949230288,0.2078273499395211,0.2301224617581816,0.40562878862109,4
0.4620396600566573,0.5976868327402135,0.644100431300064,0.7970940976122323,0.2761550210196284,0.2975999443202279,0.4764126465977736,0.5134086520587742,2
0.4337110481586403,0.4135231316725979,0.3224738139248302,0.6954962136309286,0.1793495508755658,0.1398604558410524,0.2876037723270958,0.224279316579844,3
0.2195467422096317,0.344306049822064,0.7460720887245849,0.4846190079350699,0.0755912715615012,0.1637976965330179,0.1668572562908113,0.3615607154857537,5
0.6526912181303117,0.5816725978647687,0.4493992606284678,0.5646219065908185,0.3796525964533788,0.2933189508464561,0.3284250912180401,0.2537406673565496,2
0.278186968838527,0.2871886120996441,0.5140942698706112,0.8108627124171166,0.0798921294849435,0.143014326632561,0.2328705369824245,0.416859874105381,4
0.4356940509915015,0.3163701067615658,0.5368915588416527,0.5428819884778434,0.1378405734275604,0.2339204582148617,0.1717516326536664,0.2914687570609255,3
0.3929178470254958,0.3263345195729538,0.5599969192852754,0.4028769158302836,0.1282226568407045,0.2200327838664807,0.1314726447745089,0.225609831716112,4
0.6184135977337111,0.793238434163701,0.2553142329020339,0.4836044784231312,0.4905494339318298,0.1578897933215694,0.3836136592189179,0.1234711064365899,2
0.2373937677053824,0.34288256227758,0.7291281577325961,0.8765172651183013,0.0813981833395501,0.1730904805042253,0.3005424857443,0.6390934187365206,4
0.7337110481586403,0.7999999999999997,0.3609827479975358,0.4766477046269791,0.5869688385269121,0.2648570304004583,0.3813181637015831,0.1720615982429647,1
0.2070821529745042,0.2879003558718861,0.6684380776340149,0.6970904742925468,0.0596190255360761,0.1384215962465905,0.2006925956237261,0.4659618165730936,5
0.3957507082152975,0.4135231316725979,0.3181608133086904,0.7691220696402044,0.1636520722228383,0.1259123671932693,0.3180497668761272,0.2447045032103906,3
0.7291784702549576,0.7601423487544482,0.4469346888478114,0.4282401536287545,0.554279435040779,0.3258951527179226,0.3255234762103272,0.1913953798142063,1
0.3594900849858357,0.2427046263345195,0.6200708564386943,0.646219065908185,0.0872499067474519,0.2229093248783861,0.1568403569214882,0.4007016096447013,4
0.6252124645892352,0.4731316725978648,0.2605514479359208,0.6389724265371934,0.2958078191001381,0.1629000129163108,0.3023180929114586,0.1664851909253945,2
0.6572237960339944,0.7330960854092526,0.2352895871842264,0.7434689662668936,0.4818081921103304,0.1546379156564887,0.5450341887935234,0.1749305061572209,1
0.5821529745042493,0.5948398576512456,0.4577171903881698,0.8166600239139099,0.3462877924853568,0.2664614238662008,0.485781932374413,0.3737993316482104,2
0.7351274787535412,0.347508896797153,0.3847042513863208,0.2751911301134098,0.2554633391469156,0.2828066663873945,0.0956313660340728,0.1058671976984349,2
0.2305949008498584,0.3238434163701068,0.5526032039433169,0.745787890865611,0.0746766404887441,0.1274274810226232,0.2415184984653758,0.4121247779544654,4
0.4439093484419264,0.5976868327402135,0.6031269254467055,0.8578209355411428,0.2653187724940268,0.2677336805028293,0.5127082780218325,0.5173749034367461,2
0.4402266288951842,0.3998220640569394,0.3018330252618639,0.7160766694445451,0.1760123194177008,0.1328749352002653,0.2863032520003367,0.2161355874578867,3
0.3118980169971672,0.3227758007117437,0.7845810227972905,0.7704264647269827,0.1006731321766657,0.2447092651840841,0.2486750190417698,0.6044619836855968,4
0.7662889518413598,0.4259786476868327,0.2161891558841659,0.314322982716765,0.3264227314427429,0.1656633616619458,0.1338948791145792,0.0679532203085307,2
0.8951841359773371,0.93576512455516,0.412430683918668,0.413891807674191,0.8376820945026362,0.369201405434275,0.3873055189605996,0.1707016813074003,1
0.334844192634561,0.3227758007117437,0.7765711645101696,0.7704264647269827,0.1080796023912977,0.2600303446036885,0.2486750190417698,0.5982909768824861,4
0.6424929178470254,0.8083629893238434,0.2648644485520641,0.8331823616797711,0.51936749569022,0.170173532384159,0.6735137845393595,0.2206803867696189,1
0.673371104815864,0.6781138790035587,0.4475508317929808,0.5166491539548534,0.4566222918955974,0.3013677980656984,0.3503469618722324,0.2312267585976344,2
0.6356940509915014,0.8820284697508897,0.4977664818237848,0.552882350809812,0.560700251025778,0.3164271912783493,0.487657973837053,0.2752063026250637,2
0.2203966005665723,0.2348754448398576,0.6348582871226149,0.445342222544295,0.051765749599266,0.1399206083233412,0.1045999526260621,0.2827292005878495,5
0.6079320113314448,0.6902135231316727,0.7414510166358639,0.579984782057321,0.4196028953656005,0.4507518078471852,0.4003133397865389,0.4300303062897305,3
0.6028328611898017,0.8026690391459074,0.4266019716574263,0.7062212398999963,0.4838752734567963,0.257169687163457,0.5668619240549614,0.3012753733676906,2
0.7518413597733712,0.7999999999999997,0.3791589648798528,0.2314214283126199,0.6014730878186967,0.2850673917255324,0.1851371426500958,0.08774550921003,1
0.5045325779036828,0.7699288256227758,0.4728126925446716,0.5346208195949128,0.3884541751938141,0.2385494066351445,0.411619979784197,0.2527755092031098,3
0.7739376770538244,0.4016014234875444,0.1721349353049923,0.2599731874343273,0.3108144727954593,0.1332217119697561,0.10440560214222,0.0447504678000405,2
0.5696883852691219,0.7327402135231317,0.479898336414049,0.7052067103880575,0.4174335890637445,0.2733925083650574,0.5167333155476905,0.3384275271432528,2
0.3033994334277621,0.2647686832740213,0.7251232285890374,0.9601434834595456,0.0803306684947526,0.2200019767192235,0.2542159258697159,0.6962223426349108,4
0.4634560906515582,0.4754448398576512,0.1539587184226754,0.9989854704880612,0.2203478068008831,0.0713531057618971,0.4749624870363165,0.1538025227592153,3
0.7277620396600567,0.7158362989323844,0.4410813308687622,0.4957788325663973,0.5209584849737382,0.3210022490090227,0.3548964845933481,0.2186787872849477,2
0.3589235127478754,0.2427046263345195,0.6111367837338264,0.6494075872314213,0.0871123970441462,0.2193513611871836,0.157614225797804,0.3968768641929551,3
0.4985835694050992,0.3784697508896797,0.5026956253850905,0.7988332910612703,0.1886987993104352,0.250635779228827,0.302334236670342,0.4015700008284753,3
0.6407932011331445,0.3930604982206406,0.3317159581022793,0.4930251096054205,0.2518704948937929,0.2125613306593075,0.1937886952167925,0.1635442966012433,2
0.6696883852691219,0.6832740213523131,0.4019562538508943,0.5307076343345773,0.4575806760557701,0.2691854345902306,0.3626187394741595,0.2133212525871969,2
0.2339943342776204,0.2544483985765123,0.5686229205175621,0.7626000942063118,0.0595394836329176,0.1330545417415032,0.1940423727250934,0.433631892754561,4
0.4827195467422098,0.4039145907473309,0.4808225508317925,0.5321569622087755,0.1949774681681167,0.232102443800956,0.2149459616039004,0.2558730680121212,3
0.6470254957507082,0.6987544483985765,0.7272797288971056,0.3230189499619551,0.4521119433831016,0.4705685271390904,0.2257109282029533,0.2349251343569584,2
0.486685552407932,0.6537366548042703,0.7112600123228603,0.6608572774375883,0.3181641849727298,0.3461599720030238,0.4320266258551065,0.4700413552939109,3
0.1980169971671388,0.2501779359430605,0.8705329636475696,0.5443313163520417,0.0495394836329176,0.1723803233965017,0.1361796851941228,0.4738583540301256,4
0.236543909348442,0.2923487544483986,0.7528496611213846,0.3078010072828725,0.0691533172703719,0.178082001993302,0.0899852410971102,0.2317278840257314,4
0.7348441926345609,0.9231316725978644,0.3255545286506489,0.6841914562121816,0.6783579486455695,0.2392318547648111,0.6315988033503197,0.2227416270339578,1
0.6124645892351275,0.6425266903914589,0.3366451016635885,0.8108627124171166,0.3935248455032108,0.2061832039084074,0.5210009349712112,0.2729729602568733,2
0.7594900849858358,0.7939501779359431,0.5048521256931622,0.5415775933910648,0.6029972881150889,0.3834301838479796,0.4299856266389558,0.2734165992512661,1
0.3968838526912182,0.3199288256227758,0.5424368453481208,0.6943367513315699,0.1269745849001441,0.2152844250234326,0.2221383414402424,0.3766338370015594,3
0.5892351274787536,0.332562277580071,0.2704097350585357,0.6605674118627485,0.1959573760245178,0.1593349147087122,0.2196798029842484,0.1786238588301084,2
0.6274787535410765,0.6332740213523133,0.5575323475046225,0.4938947063299393,0.3973659935680946,0.3498397024710308,0.3127706868021804,0.2753622750402372,2
0.7932011331444759,0.8596085409252668,0.2676370918053017,0.4311388093771512,0.6818424687225912,0.2122900444914574,0.3706106028649497,0.115388737106101,1
0.7130311614730879,0.8110320284697509,0.341266173752313,0.536215080256531,0.5782911092516609,0.2433334162420883,0.4348876042365245,0.1829920687474357,1
0.1651558073654391,0.2813167259786476,0.7115680837954415,0.6373781658755753,0.0464610910044055,0.1175196013747145,0.1793051388343922,0.4535379601451361,5
0.5172804532577904,0.3001779359430604,0.4912969808995697,0.6224500887713322,0.1552761787626142,0.2541383249639133,0.1868457828749532,0.3058078493740246,3
0.4883852691218132,0.6023131672597865,0.6493376463339509,0.8459364469727164,0.2941608782877825,0.3171269411557313,0.5095186606766272,0.5492983814253687,3
0.6929178470254957,0.5866548042704626,0.5205637707948227,0.4241820355809992,0.4065035839222525,0.3607079272986222,0.2488484290588175,0.2208137999454686,2
0.5847025495750708,0.576512455516014,0.6357825015403584,0.3976593354831697,0.337088302601998,0.371743649625864,0.2292555599582685,0.2528248470743662,3
0.7000000000000001,0.8514234875444838,0.1659735058533584,0.9307221276133192,0.5959964412811387,0.1161814540973509,0.7924386798273544,0.1544752144952794,2
0.6492917847025497,0.793238434163701,0.2827325939617999,0.4056306387912605,0.5150431986128053,0.1835759505270383,0.3217618127636013,0.1146850026958349,2
0.6883852691218131,0.8007117437722419,0.3304836722119546,0.5646219065908185,0.5511981692256509,0.2275000916359914,0.4520993913983421,0.1865983211014489,2
0.256657223796034,0.2316725978647686,0.7374460874923017,0.5596941918185441,0.0594604457975865,0.1892708655150213,0.1296658074284242,0.4127442919487511,4
0.1524079320113314,0.241103202846975,0.6043592113370302,0.8326026305300915,0.036746040547216,0.0921091375918759,0.2007431609196216,0.5031910691443029,5
0.3711048158640227,0.2476868327402135,0.5439772027110337,0.6386825609623537,0.0919177764559999,0.2018725596463043,0.1581932606511737,0.3474287529326204,4
0.5011331444759207,0.4868327402135231,0.8717652495378978,0.2760607268379288,0.2439680219370318,0.4368704607457624,0.1343954001118457,0.2406601484194804,3
0.5991501416430596,0.7695729537366548,0.4386167590881094,0.6588282184137106,0.4610897442359845,0.2627972933346604,0.5070163780496972,0.2889730979564148,2
0.7912181303116148,0.5612099644128113,0.3153881700554528,0.1557665132794664,0.4440394987549524,0.2495408382336769,0.087417719374277,0.0491269155791292,2
0.4028328611898018,0.2823843416370106,0.0,0.7373817891952608,0.1137536922968354,0.0,0.2082250710770246,0.0,3
0.4402266288951842,0.4868327402135231,0.9056531115218752,0.3891083010253994,0.2143167360600042,0.3986926162337094,0.1894306604280236,0.3523971435426434,3
0.2677053824362607,0.248932384341637,0.5717036352433773,0.9872459147070548,0.0666405391509481,0.1530481403130288,0.2457574794795675,0.5644120783171964,4
0.7368271954674221,0.6012455516014233,0.4876001232285922,0.168375665784992,0.44301407357374,0.359277031308093,0.1012351200511544,0.0820999953854583,2
0.7461756373937677,0.8288256227758005,0.3024491682070263,0.5369397441936301,0.6184494873630194,0.2256802008660927,0.4450294178743645,0.1623969790086569,1
0.3640226628895184,0.3097864768683274,0.6918515095502187,0.704771912025798,0.1127692982367707,0.2518496288306037,0.2183288076222267,0.4875975112236423,3
0.7011331444759207,0.4209964412811388,0.3307917436845358,0.5741874705605274,0.2951745586886171,0.2319290554162113,0.2417308817342006,0.1899364745885299,2
0.3875354107648726,0.2973309608540925,0.6499537892791132,0.6798434725895866,0.1152262760477049,0.2518801087064665,0.2021385129354446,0.4418668411262726,3
0.7784702549575071,0.8508896797153026,0.477125693160815,0.5143302293561361,0.6623923059086831,0.3714281600016769,0.4376382841247408,0.2454001671951074,1
0.563172804532578,0.5660142348754448,0.4571010474430075,0.7459328236530307,0.3187638240601655,0.2574268788432575,0.4222085964484502,0.3409666750139205,2
0.9025495750708216,0.9754448398576512,0.428758471965498,0.4305590782274718,0.8803873257185486,0.3869757766804749,0.4199866311108541,0.1846058524716841,1
0.5376770538243626,0.5686832740213522,0.4792821934688867,0.564187108228559,0.3057679473349933,0.2576990377348291,0.3208437718680559,0.2704048347586519,2
0.6101983002832863,0.827224199288256,0.3822396796056715,0.6133193231638827,0.5047708003588962,0.2332420027962087,0.507352586012258,0.2344349815821298,2
0.7138810198300284,0.3275800711743772,0.4395409735058528,0.223450125004529,0.2338531952859577,0.3137799584234417,0.0731978078529071,0.0982154854744951,2
0.7337110481586403,0.7788256227758005,0.1453327171903886,0.2940323924779883,0.5714329640196384,0.1066322202615032,0.2289999611879278,0.0427325265408168,1
0.6138810198300284,0.4234875444839856,0.1782963647566262,0.5660712344650167,0.2599709656931436,0.1094527542287844,0.2397241170866084,0.1009284432984082,2
0.4521246458923513,0.3266903914590746,0.3726894639556377,0.6744809594550527,0.1477047775548677,0.1685020919187529,0.2203464486760633,0.2513719472275877,3
0.5787535410764872,0.7806049822064057,0.4595656192236639,0.6986847349541649,0.4517778976339056,0.2659752294827041,0.5453967850967832,0.3210914828613323,2
0.6456090651558074,0.5781138790035586,0.4931454097350602,0.5565056704953077,0.373235560977085,0.3183791469649298,0.3217236518575186,0.2744382168962929,2
0.4886685552407933,0.4412811387900355,0.4450862600123244,0.9924634950541686,0.2156402165475386,0.2174996596377506,0.4379554213050423,0.4417318652124199,2
0.3611898016997168,0.3930604982206406,0.3884011090573018,0.8692706257473097,0.141969443408305,0.1402865195603569,0.3416759452448056,0.3376256751111898,3
0.7028328611898018,0.8250889679715302,0.3822396796056715,0.7092648284358127,0.5798996400955713,0.2686506076775272,0.5852065853126092,0.2711091607768766,1
0.6011331444759207,0.5992882562277578,0.4601817621688262,0.7257871662016739,0.3602520339136833,0.2766305097230168,0.434955725225487,0.333994017102205,2
0.3376770538243627,0.294661921708185,1.0,0.4892568571325048,0.0995005695966449,0.3376770538243627,0.1441653657315707,0.4892568571325048,4
0.3393767705382436,0.2973309608540925,0.6579636475662376,0.8246313272220007,0.1009072212756948,0.2232975778425928,0.245188424873303,0.5425774359563752,3
0.6133144475920681,0.8508896797153026,0.4669593345656224,0.8257907895213594,0.5218629338763826,0.2863929063270744,0.7026568604076764,0.3856107175653139,2
0.503399433427762,0.490035587188612,0.6330098582871244,0.4851987390847494,0.2466836369501879,0.3186568040159264,0.2377646490105693,0.3071355850691287,3
0.3101983002832861,0.3263345195729538,0.5612292051756036,0.4953440342041378,0.101228413295293,0.1740923455148118,0.1616478574253361,0.2780015386048652,4
0.145042492917847,0.3161921708185053,0.6684380776340149,0.8282546469074967,0.0458613006966217,0.0969519251412508,0.261887634796196,0.5536369439702868,5
0.24985835694051,0.2535587188612099,0.7112600123228603,0.5979564476973802,0.0633537648826026,0.1777142580364767,0.1516170708129477,0.4253025103577724,4
0.4433427762039661,0.2603202846975089,0.3575939617991395,0.558969527881445,0.1154111177200004,0.1585366997778055,0.1455111066353299,0.1998841280001205,3
0.1229461756373937,0.2741992882562277,0.7858133086876151,0.8320228993804122,0.0337117538535985,0.096612741068109,0.2281400868229919,0.6538146674659844,5
0.1441926345609065,0.344306049822064,0.7020178681454148,0.5804195804195802,0.0496463964191021,0.1012258059167184,0.1998419729736454,0.4074649164760098,5
0.6787535410764873,0.6055160142348753,0.5498305606900828,0.5627377803543605,0.4109961388404423,0.3731994400604642,0.3407467378195531,0.3094104292937307,2
0.7379603399433429,0.6709964412811388,0.4373844731977847,0.3717163665350194,0.4951687619086025,0.3227723945269771,0.2494203591109534,0.162582967155914,2
0.1728045325779037,0.2923487544483986,0.7685613062230452,0.3443240697126707,0.0505191898621878,0.1328108772793364,0.1006627129071028,0.2646341567824051,4
0.5818696883852692,0.6781138790035587,0.5020794824399282,0.7443385629914125,0.3945739114655268,0.2921448319919582,0.5047463102420414,0.3737171204668083,2
0.4487252124645892,0.6537366548042703,0.6998613678373395,0.7701365991521432,0.293348119322936,0.3140454409785682,0.5034665240720594,0.5389888537042158,3
0.4291784702549576,0.490035587188612,0.6992452248921772,0.7347729990217036,0.2103127236800984,0.3001009959523084,0.3600649180259379,0.5137865109456307,3
0.4787535410764873,0.4946619217081849,0.503619839802834,0.7460777564404508,0.2368211466534936,0.24110978166198,0.3690562567445645,0.3757395601789976,3
0.6348441926345609,0.6494661921708184,0.5076247689463962,0.7094097612232326,0.4123098404121257,0.3222626366030804,0.4607376563104624,0.3601139661292615,2
0.6175637393767706,0.6055160142348753,0.5606130622304413,0.6910032972209139,0.3739447340034074,0.3462142990544934,0.4184135623563647,0.3873854744663483,2
0.3456090651558074,0.3508896797153024,0.8123074553296377,0.7439037646291531,0.1212706541792263,0.2807408202555688,0.2610281537097312,0.604278574056045,3
0.8362606232294618,0.9163701067615658,0.0288817005545283,0.482155150548933,0.7663242365892755,0.0241526289056565,0.4418325667841645,0.0139254606789777,1
0.3130311614730878,0.345373665480427,0.6727510782501547,0.6314359215913621,0.1081127196475557,0.210592051406918,0.2180813387560202,0.4247991970964689,4
0.413314447592068,0.2250889679715302,0.7790357362908225,0.6070872133048297,0.0930325224562216,0.3219867249995212,0.1366486343114963,0.4729426342096716,3
0.5858356940509915,0.595373665480427,0.3948706099815169,0.7830356172325084,0.3487911445364088,0.2313292978588603,0.4661987856334471,0.3091977518138541,2
0.6215297450424929,0.6430604982206406,0.3465033887861999,0.5504184934236747,0.3996812275059732,0.2153621628886466,0.3539523906108826,0.1907218732218979,2
0.767988668555241,0.7322064056939502,0.5726278496611243,0.0485162505887892,0.5623262226165154,0.4397716998388976,0.0355239094613643,0.0277817562482786,2
0.3351274787535411,0.3265124555160142,0.8471195317313658,0.7724555237508604,0.1094232959987095,0.2838930328720129,0.2522163498368022,0.6543621615631358,4
0.7566572237960341,0.5775800711743772,0.2432994454713473,0.3863545780644225,0.4370301331747199,0.1840942829614642,0.2231507046969956,0.0939998545983903,2
0.6509915014164306,0.6023131672597865,0.6465650030807168,0.3285263958839087,0.392100753077334,0.4209083221188349,0.1978757740332795,0.2124136701667762,2
0.6362606232294618,0.6229537366548042,0.2531577325939622,0.6666545889343816,0.3963609327271077,0.1610742967155918,0.4152949672347455,0.1687687641579879,2
0.8436260623229462,0.6644128113879003,0.3816235366605056,0.2753360629008295,0.5605159638280928,0.3219475615226588,0.1829368076284159,0.1050747220943939,2
0.6073654390934845,0.4715302491103202,0.5122458410351207,0.6837566578499221,0.2863911767967497,0.3111204201641073,0.3224119472068137,0.3502515042636966,3
0.574787535410765,0.5866548042704626,0.5174830560690111,0.5496938294865756,0.3372018690835039,0.2974428104147376,0.3224805259461281,0.284457242784991,2
0.6560906515580737,0.5131672597864769,0.4857516943930982,0.6244791477952099,0.3366842418315809,0.318697145669806,0.3204622530678622,0.3033418041546811,2
0.2875354107648726,0.3211743772241991,0.6317775723967962,0.6996992644661038,0.0923490064823122,0.1816584237911468,0.224725475509131,0.4420543027122189,4
0.9410764872521248,0.7635231316725978,0.2969038817005547,0.1834486756766549,0.7185336666901898,0.2794092620422784,0.1400673073538302,0.0544666239012249,1
0.4577903682719547,0.7220640569395017,0.4931454097350602,0.8269502518207181,0.3305539705422761,0.2257572187342372,0.5971110537168103,0.4078067207646392,2
0.6354107648725212,0.7999999999999997,0.3840881084411585,0.7488314794014275,0.5083286118980168,0.2440537187630364,0.5990651835211418,0.2876172664644886,2
0.0915014164305949,0.2718861209964412,0.7528496611213846,0.9053588898148484,0.0248779651789944,0.0688868103519,0.2461545166614035,0.6815991333903416,5
0.4354107648725213,0.2702846975088967,0.1095964263709206,0.5923040689880068,0.1176848668756867,0.0477194638334575,0.1600907261197121,0.0649144092860407,3
0.2671388101983003,0.0,0.380391250770181,0.9610130801840646,0.0,0.1016172661405894,0.0,0.3655609675777205,4
0.8747875354107649,0.8451957295373665,0.2050985828712299,0.3721511648972788,0.7393666891816963,0.1794176838261637,0.3145405753135363,0.0763276765343092,1
0.7305949008498585,0.8551601423487544,0.4620301910043132,0.7608609007572738,0.624775639410039,0.3375569015864373,0.6506579161991917,0.3515407073045969,1
0.1611898016997167,0.2259786476868327,0.7716420209488639,0.7578173122214573,0.0364254534090107,0.124380824339916,0.1712505314094752,0.5847636823126016,5
0.5762039660056657,0.3275800711743772,0.4281423290203321,0.419109388021305,0.1887529361950944,0.2466973079964179,0.1372918831578687,0.1794384695017276,2
0.4637393767705383,0.34288256227758,0.7238909426987057,0.2533062792130148,0.1590081457360902,0.3356967346169352,0.0868543060575586,0.1833661212510108,3
0.4356940509915015,0.2106761565836299,0.459873690696245,0.5279539113736005,0.0917903481092416,0.2003642312438597,0.1112273009014845,0.2427921137408959,4
0.2439093484419264,0.3279359430604982,0.5948089956870035,0.8636182470379361,0.0799866422025748,0.1450794745854136,0.2832114642866399,0.5136879021776053,4
0.3096317280453258,0.435409252669039,0.3243222427603243,0.8740534077321642,0.1348165193108384,0.1004204564694148,0.3805709410534885,0.2834749614879996,4
0.7257790368271955,0.5603202846975089,0.4604898336414074,0.081126127758252,0.406668716542498,0.3342138679289761,0.0454566150019102,0.037357757075369,2
0.6195467422096318,0.7608540925266903,0.4395409735058528,0.5983912460596399,0.4713846743217768,0.2723161782032012,0.4552884284966227,0.2630174708304344,2
0.3405099150141644,0.3113879003558718,1.0,0.636653501938476,0.106030667486617,0.3405099150141644,0.198246197222835,0.636653501938476,4
0.418413597733711,0.2948398576512455,0.7839648798521281,0.2040291314902713,0.1233650055951528,0.3280215658758054,0.0601559200852988,0.1599516735551046,4
0.3286118980169972,0.3494661921708185,0.7620918052988301,0.2040291314902713,0.1148387487020253,0.2504324346024484,0.0713012836738243,0.1554889291509732,4
0.4192634560906516,0.4544483985765124,0.5011552680221811,0.7840501467444474,0.1905336062020505,0.2101160897090164,0.3563103335916937,0.392930861434544,3
0.061756373937677,0.2587188612099643,0.395178681454098,0.9514475162143556,0.0159775387376125,0.0244048024240774,0.2461574178960271,0.3759917749303656,5
0.6113314447592069,0.6734875444839857,0.4620301910043132,0.7740497844124785,0.4117241135967256,0.2824535841890391,0.5213128886123187,0.3576343697389449,2
0.3572237960339944,0.281138790035587,0.2282039433148526,0.8298489075691149,0.1004294657889165,0.0815198789008581,0.2333027177863346,0.1893747930627946,4
0.1501416430594901,0.3161921708185053,0.6792205791743733,0.8211529403239246,0.0474736120492373,0.1019792937570588,0.2596421307750203,0.5577439757175556,5
0.3368271954674221,0.3608540925266904,0.685998151571166,0.8913004094351245,0.1215454719587067,0.2310628334895514,0.3216294004153794,0.6114304333671188,4
0.6407932011331445,0.708540925266904,0.4823629081947054,0.6763650856915104,0.4540282076356196,0.3090948720499784,0.4792323436340916,0.3262534297355181,2
0.7246458923512749,0.7790035587188612,0.3668361059765885,0.6839015906373418,0.5645017289526479,0.2658262773620718,0.5327617729199791,0.2508797963805974,2
0.7118980169971673,0.6681494661921706,0.4549445471349358,0.1469256132468566,0.4756542800399221,0.3238741209490351,0.0981682700608445,0.0668430065811139,2
0.4895184135977338,0.3039145907473308,0.4934534812076414,0.4699807964056668,0.1487717883318378,0.2415545653050437,0.1428340213987328,0.231913660087116,3
0.3866855524079321,0.3423487544483986,0.6404035736290865,0.5367948114062103,0.1323813172300465,0.2476348096327771,0.1837710350792791,0.3437653155300886,3
0.8535410764872522,0.8830960854092526,0.1582717190388152,0.0428638718794157,0.7537587833818918,0.1350914134458782,0.0378529174621957,0.0067841386870146,2
0.2484419263456091,0.2870106761565836,0.7245070856438716,0.8802855175912172,0.0713054852660974,0.1799979360084066,0.2526513416147034,0.6377730948845198,4
0.5138810198300283,0.588967971530249,0.6327017868145433,0.8449219174607774,0.3026594618571874,0.3251334394565386,0.4976319478283225,0.5345836068962039,2
0.1135977337110481,0.2715302491103202,0.6123690696241546,0.7808616254212111,0.0308452209329287,0.0695637385040469,0.212027551671311,0.4781755070643921,5
0.3090651558073655,0.3476868327402135,0.32925138632163,0.5889706148773506,0.1074578851330235,0.1017601310132856,0.204777327663762,0.1939193914510705,3
0.369971671388102,0.5149466192170817,0.6240757855822565,0.5856371607666944,0.1905156613873962,0.2308903614647102,0.3015718760246998,0.365481971171637,3
0.7750708215297452,0.748932384341637,0.5294978434996942,0.2273633102648645,0.5804756384019034,0.4103983285595364,0.1702797460684723,0.1203883824761976,2
0.3490084985835694,0.3263345195729538,0.5861829944547168,0.7207145186419797,0.113893520712147,0.2045828467898615,0.235194026190283,0.4224705946845454,4
0.5909348441926346,0.6300711743772242,0.6360905730129396,0.6995543316786841,0.3723310112608753,0.3758880836558051,0.4407690193014627,0.4449799156911782,2
0.7422096317280454,0.6998220640569394,0.3295594577942111,0.3954853436718721,0.5194146764388616,0.2446022038019357,0.2767693695127176,0.1303359354260594,2
0.824929178470255,0.8090747330960854,0.4219808995687018,0.2169281495706365,0.6674293548939946,0.3481043568113484,0.1755110847148904,0.091539535697591,2
0.6005665722379604,0.7327402135231317,0.3988755391250791,0.4836044784231312,0.4400592783764984,0.2395513152819172,0.3543564487805078,0.1928979970543291,2
0.8702549575070823,0.93576512455516,0.5498305606900828,0.3904126961121779,0.8143542387063604,0.4784927712294433,0.3653345852053279,0.2146608316038857,1
0.7014164305949009,0.3418149466192171,0.3341805298829321,0.2786695170114858,0.2397546197816378,0.2343997144447988,0.095253406081684,0.093125926857119,2
0.2784702549575071,0.2622775800711744,0.5726278496611243,0.8099931156925975,0.0730365045920579,0.1594598232909023,0.2124430342581652,0.4638246160793664,4
0.4107648725212465,0.301067615658363,0.3246303142329054,0.6754954889669915,0.1236680007661831,0.1333467296424115,0.2033698162512721,0.2192863128462645,4
0.5161473087818698,0.3496441281138789,0.4872920517560111,0.372875828834378,0.1804678757573619,0.2515144811046607,0.130373844067536,0.1816994276829272,3
0.5376770538243626,0.7158362989323844,0.5541435613062227,0.6643356643356644,0.3848887522305002,0.2979502774388698,0.4755555832068288,0.3681373309377004,3
0.4388101983002834,0.300355871886121,0.6209950708564413,0.4834595456357113,0.1317992197030032,0.2724989701860135,0.1452099133510819,0.3002259947982715,4
0.6813031161473088,0.6355871886120995,0.5113216266173772,0.5266495162868219,0.4330275321847306,0.3483650175679298,0.3347316854406632,0.2692872873250326,2
0.2263456090651558,0.29288256227758,1.0,0.527374180223921,0.0662926819432822,0.2263456090651558,0.1544587011830202,0.527374180223921,4
0.6688385269121814,0.8939501779359428,0.6308533579790527,0.6734664299431137,0.5979083201435584,0.4219390306483127,0.6020454348815306,0.4248585588157777,2
0.763172804532578,0.9231316725978644,0.3699168207024037,0.6667995217218015,0.7045089875293618,0.2823104574992282,0.6155437577745027,0.2466603591212121,1
0.475070821529745,0.3845195729537366,0.5341189155884187,0.6221602231964927,0.1826740294173983,0.2537443120231666,0.2392327833323168,0.3323075437359592,3
0.5878186968838527,0.8083629893238434,0.2753388786198414,0.8975325192941774,0.4751708789934774,0.1618493408317764,0.7255320703120014,0.2471255973873,2
0.6016997167138811,0.4202846975088967,0.5769408502772642,0.2633066415449834,0.2528851834302824,0.3471451461724955,0.1106637521938168,0.1519123576566135,2
0.7073654390934845,0.4793594306049821,0.3575939617991395,0.4357766585745859,0.3390822941134959,0.252949609805227,0.2088936509252552,0.1558311017992771,2
0.2356940509915014,0.2459074733096085,0.8372612446087508,0.7872386680676837,0.0579589285534261,0.1973374944800228,0.1935878717561456,0.6591244270304841,4
0.8543909348441927,0.7772241992882564,0.3569778188539736,0.2395376644081306,0.6640533102134225,0.3049986123692874,0.1861744694189883,0.0855096329737895,2
0.2022662889518414,0.1925266903914591,0.5288817005545319,0.6634660676111452,0.0389416591896605,0.1069749388657042,0.1277349261842098,0.3508950620984105,4
0.1631728045325779,0.2535587188612099,0.6699784349969207,0.7908619877531795,0.041373887270271,0.1093222602147949,0.200529952410726,0.5298604768534291,5
0.6844192634560907,0.3176156583629893,0.461722119531732,0.8343418239791298,0.2173822749589184,0.3160115129712931,0.2650000277229086,0.3852340753816151,1
0.6444759206798867,0.6211743772241992,0.6382470733210113,0.6281024674807059,0.400331928664321,0.4113348701998018,0.3901611590703103,0.4008845616152661,2
0.8186968838526913,0.6884341637010675,0.4571010474430075,0.4586760389869198,0.5636189045597976,0.3742272031473915,0.3157682553096783,0.2096612978579307,2
0.3396600566572239,0.249644128113879,0.5217960566851545,0.7360773941084822,0.0847941386993034,0.1772332781771955,0.1837573992765481,0.3840822816608903,4
0.5212464589235128,0.582918149466192,0.568314849044981,0.6959310119931883,0.3038440212514995,0.2962321026183471,0.4056708176672036,0.3955079280266296,3
0.4237960339943343,0.3496441281138789,0.5100893407270526,0.7283959563752309,0.1481777948040688,0.2161738395829095,0.2546793690884926,0.3715470131756925,3
0.7753541076487253,0.8197508896797153,0.4540203327171923,0.4105583535635349,0.6355972195618643,0.3520265299283159,0.3365555755991468,0.1864018402847387,2
0.4546742209631728,0.490035587188612,0.5790973505853394,0.5337512228703937,0.2228065488492131,0.2633006367392265,0.2615570939119331,0.30909391903593,3
0.0688385269121813,0.2587188612099643,0.3810073937153433,0.9504329867024166,0.017809825290091,0.0262279877260137,0.2458949399760343,0.3621219951645772,5
0.6317280453257791,0.6033807829181496,0.4346118299445471,0.6814377332512047,0.3811725625800208,0.2745564818063286,0.411166432999081,0.2961609002415702,2
0.3878186968838527,0.2626334519572952,0.489140480591498,0.9505779194898364,0.1018541630961861,0.1896978237761362,0.2496535603499995,0.4649661403789248,3
0.2212464589235127,0.2784697508896796,0.6936999383857057,0.968549585129896,0.0616104463016543,0.1534786549232963,0.2697117616954246,0.6718827875281096,4
0.091784702549575,0.1816725978647686,0.9278342575477544,0.708105366136454,0.0166747653564263,0.0851609913443264,0.1286433414279927,0.6570044166547976,5
0.708215297450425,0.8172597864768684,0.392406038200864,0.7178158628935831,0.5787958827739862,0.2779079590657677,0.5866420388381187,0.2816752789158055,1
0.3929178470254958,0.2455516014234874,0.2827325939617999,0.6443349396717273,0.0964816065649793,0.1110906821034041,0.1582174762894987,0.1821744888736073,3
0.5677053824362607,0.6850533807829181,0.716189155884166,0.5460705098010797,0.3889084915266198,0.4065844386379231,0.3740874488850813,0.3910897774676715,2
0.8263456090651559,0.748932384341637,0.5627695625385094,0.2063480560889886,0.6188769872874095,0.4650421569192158,0.154540741650988,0.1161264052558719,1
0.8025495750708216,0.7532028469750888,0.2965958102279735,0.3751947534330953,0.6044826247819906,0.2380328414662461,0.2825977564559238,0.1112811918877736,1
0.7954674220963174,0.8172597864768684,0.3723813924830566,0.3559186927062574,0.6501035355317413,0.296217266315134,0.290878034804242,0.1325374984007052,1
0.7821529745042494,0.5612099644128113,0.29567159581023,0.3251929417732526,0.4389520429869043,0.2312604181393895,0.1825015192798645,0.0961503160403208,2
0.7022662889518414,0.6345195729537366,0.4111983980283433,0.5072285227725641,0.4456017057655278,0.2887707730063068,0.3218464256596021,0.2085715559983614,2
0.5050991501416431,0.4039145907473309,0.5513709180529887,0.6347693757020181,0.2040169165162864,0.2784969821213821,0.2563926126056193,0.3499933734327441,3
0.321529745042493,0.5149466192170817,0.6290049291435658,0.7430341679046344,0.165570655187362,0.202243794498002,0.3826229327252689,0.4673721541341029,4
0.8883852691218131,0.801423487544484,0.2322088724584112,0.3889633682379796,0.7119728206627485,0.2062909416514384,0.311724379100331,0.090320745166167,1
0.4059490084985837,0.344306049822064,0.5519870609981545,0.1195333164245079,0.1397706995453308,0.224078600116248,0.0411560440002531,0.0659808440245265,4
0.66657223796034,0.8131672597864769,0.3335643869377698,0.8892713504112466,0.5420347201919491,0.222344759904978,0.7231263472205333,0.2966292528212501,1
0.5470254957507082,0.6797153024911032,0.5313462723351812,0.7283959563752309,0.3718216003145383,0.2906599580394433,0.4951018778208865,0.3870304762039981,2
0.3286118980169972,0.248932384341637,0.5603049907578566,0.6979600710170657,0.0818021432964019,0.1841228864813353,0.1737448646535364,0.3910705111405699,4
0.3277620396600567,0.2626334519572952,0.5239525569932226,0.9536215080256528,0.0860812758964845,0.1717317587652007,0.2504529085134987,0.4996524275337737,4
0.4379603399433428,0.3231316725978648,0.753465804066547,0.6604224790753288,0.1415188571774218,0.329988139684669,0.2134034202848393,0.4976057542201149,3
0.421529745042493,0.3704626334519573,0.4278342575477509,0.9513025834269356,0.1561610194267741,0.1803448655045477,0.3524220602659929,0.4069998344837203,4
0.1696883852691218,0.2434163701067615,0.6638170055452903,0.5121562375448385,0.0413049307914872,0.1126420357851639,0.1246672122707008,0.3399780199783571,5
0.7175637393767706,0.8873665480427045,0.4484750462107243,0.4634588209717742,0.6367420584113799,0.3218094311761373,0.411257854125665,0.2078497161520842,2
0.5458923512747875,0.332562277580071,0.3455791743684528,0.5994057755715785,0.1815432036534835,0.1886490280475944,0.199339749918733,0.2071421530337082,2
0.861756373937677,0.7788256227758005,0.1139094269870604,0.3469328598862277,0.6711579446130269,0.0981621747576877,0.2702002006622808,0.0395189232726223,1
0.3305949008498584,0.2734875444839857,0.6370147874306866,0.9224609587303888,0.0904135876523545,0.2105938404905414,0.2522815824855173,0.587621271538746,3
0.2447592067988668,0.2604982206405694,0.6807609365372791,0.8383999420268851,0.0637593378565019,0.1666225068465181,0.21840169308316,0.5707499297270228,4
0.6691218130311615,0.7973309608540925,0.1092883548983394,0.8214428058987644,0.5335115381125684,0.0731272221727698,0.6549617817139436,0.0897741328997518,2
0.1495750708215297,0.2492882562277579,0.7134165126309355,0.6101308018406464,0.0372873085802425,0.1067093254020209,0.1520984436616984,0.4352773888978703,5
0.8337110481586403,0.8693950177935942,0.3335643869377698,0.2551904054494728,0.7248242315485971,0.2780963146622823,0.2218612670864989,0.0851224311461543,1
0.5696883852691219,0.6496441281138788,0.3933302526186075,0.4009927895938258,0.3700947143447622,0.2240756764917903,0.260502611175633,0.1577225952291796,2
0.2529745042492918,0.4873665480427046,0.7651725200246489,0.6412913511359106,0.1232913108787918,0.1935691389184168,0.3125439520927507,0.4906985192186767,4
0.3359773371104816,0.286832740213523,0.6345502156500338,0.4692561324685677,0.096369300253042,0.2131944917169802,0.1345980223379592,0.2977665800530304,3
0.2260623229461756,0.2549822064056939,0.1678219346888489,0.9086923439255046,0.0576418698900123,0.0379382163970825,0.2317003787980868,0.152498507194523,4
0.3464589235127479,0.2540925266903915,0.4367683302526224,0.8124569730787348,0.0880326232697872,0.1513222855237839,0.2064392451168031,0.3548554755336988,4
0.6407932011331445,0.6386120996441281,0.4543284041897735,0.7837602811696076,0.4092182916133195,0.2911305524864781,0.5005187987753953,0.356084557811116,2
0.3702549575070822,0.301067615658363,0.3187769562538527,0.5817239755063588,0.1114717772423457,0.1180287483920072,0.1751382502770034,0.1854401982918078,4
0.2512747875354108,0.2316725978647686,0.7355976586568111,0.5966520526106018,0.0582134828062464,0.1848371453905359,0.1382279310496447,0.4388958529331392,4
0.351558073654391,0.3017793594306049,0.573860135551449,0.6676691184463206,0.1060929702700795,0.2017451638015151,0.2014887588763273,0.383148690815122,4
0.3586402266288953,0.3434163701067615,0.5981977818853998,0.9037646291532302,0.1231629248031615,0.2145377880642822,0.3103675683746857,0.5406299965059432,3
0.1524079320113314,0.2749110320284698,0.5640018484288376,0.7897025254538208,0.0418986218785599,0.0859583553696075,0.2170979362679988,0.4453936840648761,5
0.2810198300283287,0.2234875444839857,0.3489679605668527,0.4923004456683212,0.0628044317643382,0.0980669169638294,0.1100230177507849,0.1717970825110267,4
0.2586402266288952,0.3258007117437722,0.4758934072704903,0.6107105329903257,0.0842651699212646,0.1230851787076367,0.1989699263176665,0.2906331164007433,4
0.3577903682719547,0.2427046263345195,0.6206869993838566,0.6501322511685206,0.0868373776375349,0.2220758300911645,0.1577901050878757,0.4035286361804608,4
0.6436260623229463,0.8793594306049822,0.4001078250154037,0.6837566578499221,0.5659786476868328,0.2575198239192627,0.6012678653192731,0.2735763892121339,2
0.7906515580736544,0.5131672597864769,0.4912969808995697,0.1060545671944633,0.4057364935025657,0.3884447234251272,0.0544237316350235,0.0521042886732503,2
0.4450424929178471,0.332562277580071,0.3683764633394979,0.7899923910286604,0.1480043450646718,0.16394317957687,0.2627216688314173,0.2910146030722516,3
0.3167138810198301,0.3316725978647686,0.872073321010479,0.8566614732417841,0.1050453156976802,0.2761977260310809,0.2841311363207625,0.7470716159516922,4
0.2331444759206798,0.2544483985765123,0.5831022797289016,0.7412949744555961,0.0593232385349772,0.1359470754155484,0.188621319123043,0.432250789556636,5
0.8127478753541078,0.736476868327402,0.6357825015403584,0.1019964491467081,0.598570009980543,0.516730877314246,0.0751180254480827,0.064847557586728,1
0.8866855524079321,0.7898576512455516,0.3686845348120791,0.1582303706656037,0.7003553678182938,0.3269072504141098,0.1249794689296467,0.0583370906019909,2
0.3286118980169972,0.2763345195729537,0.4293746149106603,0.8470959092720751,0.0908068109644833,0.1410976071661093,0.2340818411209132,0.3637214798360929,4
0.7130311614730879,0.8793594306049822,0.3961028958718415,0.5562158049204682,0.6270106761565837,0.2824337079063527,0.4891136135083547,0.2203186910586847,2
0.3790368271954675,0.2966192170818506,0.6305452865064716,0.586941555853473,0.1124296069279082,0.23899988480047,0.1740981447700604,0.3700932314981823,3
0.7487252124645892,0.6998220640569394,0.3215495995070867,0.4344722634878074,0.5239744235984393,0.240752292208847,0.3040532762095277,0.1397043823214419,2
0.7713881019830029,0.6176156583629894,0.5535274183610603,0.2328707561868181,0.4764213704596091,0.4269844646450899,0.1438246253958088,0.1289003484838773,2
0.3379603399433428,0.3508896797153024,0.8643715341959357,0.7772383057357151,0.1185867954391942,0.2921232975342072,0.2727249001620693,0.6718226667646298,4
0.3050991501416431,0.2555160142348753,0.6450246457178075,0.3851951157650639,0.0779577187906404,0.1967964712289175,0.0984235206830305,0.2484603430785901,4
0.4388101983002834,0.3930604982206406,0.4121226124460868,0.8111525779919562,0.1724789551682075,0.1808436052914981,0.3188320364384753,0.3342943195344231,2
0.7419263456090652,0.7774021352313166,0.120378927911279,0.4938947063299393,0.5767751252608551,0.0893122980735523,0.3839547992803389,0.059454515249054,1
0.3779036827195468,0.5064056939501779,0.598505853357981,0.4554875176636834,0.1913725766939199,0.226177566113186,0.2306614724681215,0.2726119454532112,3
0.6702549575070822,0.711387900355872,0.5664664202094905,0.2775100547121272,0.4768112669240774,0.379676926406701,0.1974172951493033,0.1572001272649185,2
0.5373937677053825,0.7637010676156583,0.3646796056685168,0.4305590782274718,0.4104081941266017,0.1959765472955174,0.3288184277139339,0.1570161148649945,3
0.6886685552407933,0.4209964412811388,0.3609827479975358,0.5924490017754267,0.2899270109785973,0.2485974675303143,0.2494189213880177,0.2138638687092905,2
0.3390934844192635,0.2734875444839857,0.6357825015403584,0.9147795209971376,0.092737844404343,0.2155897037801159,0.2501808049417438,0.581600812217451,3
0.693201133144476,0.7612099644128113,0.2679451632778828,0.3189608319141997,0.527671609891827,0.18573989080481,0.2427961635104886,0.0854640121864995,2
0.7351274787535412,0.8891459074733096,0.2087954405422074,0.702308054639661,0.6536355892048835,0.1534912657810278,0.624454332568396,0.1466387196648286,1
0.4660056657223797,0.4320284697508897,0.8628311768330299,0.4588209717743395,0.2013277146572843,0.4020842169661004,0.198223722325284,0.3958850390317277,3
0.130028328611898,0.2459074733096085,0.8529728897104114,0.8068045943693611,0.0319749377476233,0.1109106392003056,0.1983992792559532,0.6881824462908703,5
0.6940509915014165,0.3418149466192171,0.3264787430683924,0.3106996630312691,0.2372370026110713,0.2265928953307539,0.1062017887336419,0.1014368354582218,3
0.8804532577903683,0.8597864768683275,0.5402803450400526,0.3069314105583535,0.7570018045628222,0.4756915899106186,0.2638954761241929,0.1658290084000972,1
0.1396600566572238,0.190747330960854,0.7223505853357999,0.8089785861806587,0.026639783049207,0.1008835236743765,0.1543105061184458,0.5843661552517266,5
0.591501416430595,0.708540925266904,0.4792821934688867,0.7208594514293998,0.419102960894418,0.2834960963068089,0.5107584227031798,0.3454950990638611,2
0.8866855524079321,0.9284697508896796,0.414279112754162,0.2873654842566759,0.8232607139616708,0.3673353039434921,0.266810159582088,0.1190495178540258,1
0.579886685552408,0.596085409252669,0.5288817005545319,0.511721439182579,0.3456619922776808,0.3066914563838886,0.3050296834985123,0.2706401049650948,2
0.848158640226629,0.8830960854092526,0.195240295748615,0.321279756512917,0.7490055749901707,0.1655947437595902,0.2837208952977948,0.0627267546796249,1
0.2206798866855524,0.29288256227758,1.0,0.6010000362331966,0.0646332906555906,0.2206798866855524,0.176022430540897,0.6010000362331966,4
0.5589235127478753,0.7850533807829182,0.4352279728897095,0.7147722743577667,0.438784793281784,0.2432591474536534,0.5611343904744603,0.3110888880464981,2
0.3263456090651558,0.2332740213523131,0.570163277880468,0.3928765534983152,0.0761279525772987,0.186070282186487,0.0916478935295891,0.2240037835449804,4
0.3093484419263457,0.2201067615658362,0.7694855206407887,0.4434580963078371,0.0680896837478451,0.2380391468951109,0.0976081254684687,0.341234584119809,4
0.7626062322946177,0.7629893238434161,0.3511244608749209,0.3722960976846986,0.5818604135372455,0.2677697021743023,0.2840579478419906,0.1307222665853767,1
0.2036827195467422,0.3161921708185053,0.7189617991374035,0.7269466285010324,0.0644028812517012,0.1464400944985249,0.2298548325349349,0.522646855903972,5
0.8297450424929179,0.7677935943060498,0.4953019100431319,0.3353382368926408,0.6370729285332635,0.4109743043955619,0.2574705502120543,0.1660936692434212,1
0.764872521246459,0.5604982206405694,0.2744146642020979,0.3724410304721185,0.4287096871755064,0.209892236075259,0.2087525348731625,0.1022032803120897,1
0.3722379603399434,0.3092526690391459,0.9472427603203996,0.515199826080655,0.1151155827528152,0.3525997130484434,0.1593269213039463,0.4880193053732293,3
0.6014164305949009,0.4039145907473309,0.5313462723351812,0.3453385992246095,0.2429208714324599,0.3195603785177308,0.1394872989750646,0.1834943773914493,3
0.6297450424929179,0.7754448398576511,0.3298675292667923,0.5499836950614152,0.4883325436270704,0.2077324412351499,0.4264820183412183,0.1814217626269299,2
0.73314447592068,0.711387900355872,0.5359673444239057,0.223595057791949,0.5215501093827186,0.3929414978382629,0.1590628186925644,0.1198396493510606,2
0.7651558073654392,0.7016014234875446,0.6108287122612452,0.3649045255262871,0.5368344036373536,0.4673791364922446,0.2560175345462901,0.2228941614255226,2
0.6634560906515581,0.7825622775800712,0.3880930375847207,0.749411210551107,0.5191957093746535,0.257482689525047,0.5864609437729127,0.2908412731028218,2
0.1971671388101983,0.2741992882562277,0.4506315465187924,0.8466611109098154,0.0540630891292732,0.088849732684725,0.2321538740056984,0.3815322057866089,5
0.1643059490084986,0.344306049822064,0.6930837954405433,0.5698394869379326,0.0565715322653816,0.1138777907522705,0.1961991827802312,0.3949465143988342,5
0.7524079320113315,0.8939501779359428,0.6336260012322867,0.3482372549730061,0.6726152047019446,0.4767452292557942,0.3113067560470431,0.2206521793486541,2
0.5668555240793202,0.4501779359430604,0.5184072704867546,0.6150585166129205,0.2551858498079501,0.2938620249982991,0.2768857734930051,0.3188508067869363,3
0.3685552407932012,0.3092526690391459,0.958949476278498,0.5601289901808035,0.1139766919036625,0.353425855138336,0.173221385219615,0.5371354017822855,4
0.3444759206798867,0.4749110320284696,0.4663431916204565,0.7854994746186457,0.1635954149990422,0.1606440002862535,0.3730423661489617,0.3663123320098509,3
0.8478753541076488,0.8343416370106761,0.4712723351817658,0.1515634624442913,0.7074177109271824,0.3995801980733782,0.1264557073667761,0.071427666874355,2
0.7212464589235128,0.8402135231316724,0.3800831792975998,0.8427479256494801,0.6060010282983678,0.2741336471647845,0.7080882037218584,0.3203143109273116,1
0.6271954674220963,0.5948398576512456,0.4170517560073961,0.6257835428819885,0.3730808625608662,0.2615729710482648,0.3722409935684141,0.2609841254394629,2
0.7725212464589235,0.7327402135231317,0.2389864448552074,0.4831696800608717,0.5660573830814675,0.1846221062663316,0.3540378545357063,0.1154710040995757,1
0.7504249291784704,0.6934163701067614,0.4410813308687622,0.546650240950759,0.5203569304285585,0.3309984264791363,0.3790562257980617,0.2411172157982903,2
0.3073654390934844,0.3258007117437722,0.479898336414049,0.9391282292836696,0.1001398788220942,0.1475041628921368,0.305968645519288,0.4506860749127046,4
0.8019830028328613,0.8683274021352311,0.4996149106592753,0.4695459980434073,0.6963838174064702,0.4006826663105973,0.4077196566640261,0.2345921818628772,1
0.7827195467422098,0.7144128113879004,0.5516789895255734,0.3670785173375847,0.5591848719163651,0.4318099286286571,0.262245595571246,0.2025095055213444,2
0.6838526912181303,0.6149466192170819,0.4047288971041283,0.65056704953078,0.4205329005070923,0.2767749454984038,0.400064007682985,0.2633032844488794,2
0.8694050991501417,0.8186832740213522,0.2106438693776979,0.1831588101018151,0.7117674130230964,0.1831348541416869,0.1499490543200091,0.0385812804704613,1
0.6277620396600566,0.3418149466192171,0.3215495995070867,0.4572267111127214,0.2145784480759731,0.2018566324384431,0.156286923851875,0.147021065842238,2
0.5711048158640226,0.582918149466192,0.5661583487369093,0.6711475053443965,0.3329073624146864,0.3233357595052716,0.3912240618342068,0.3799757633846795,2
0.8600566572237962,0.8514234875444838,0.1391712877387547,0.5608536541179028,0.7322724385793352,0.1196951925141244,0.4775239741911324,0.0780547252765746,1
0.2985835694050991,0.2734875444839857,0.6813770794824414,0.9328961194246168,0.0816588872198642,0.2034480005026892,0.2551354689600775,0.6356540333140482,4
0.4594900849858358,0.4946619217081849,0.4974584103512001,0.7372368564078409,0.2272922484449507,0.2285772072491917,0.3646830001448037,0.3667446746409605,3
0.8572237960339945,0.8172597864768684,0.3548213185459019,0.1998260806550961,0.7005745365096329,0.3041612775977051,0.1633098200086933,0.0709025534179009,1
0.8379603399433428,0.7870106761565837,0.3502002464571774,0.4594007029240189,0.6594837337312109,0.2934539175694988,0.3615532578350419,0.1608822393865919,2
0.2864022662889519,0.2715302491103202,0.6083641404805924,0.3491068516975252,0.0777668787111993,0.1742368685625719,0.0947930704075486,0.2123840897688505,4
0.2504249291784703,0.2921708185053381,0.5159426987061018,0.56346244429146,0.073166856532215,0.1292049137836244,0.1646272835456543,0.2907143341272724,4
0.8337110481586403,0.7640569395017792,0.5846426370918074,0.1692452625095111,0.6370027118849112,0.4874230257680423,0.1293130172981922,0.0989479965888557,2
0.2073654390934844,0.2434163701067615,0.7839648798521281,0.6295517953549041,0.0504761424697307,0.1625672215444072,0.1532432128194855,0.493546497606099,5
0.6113314447592069,0.8165480427046262,0.2559303758471998,0.9063734193267872,0.4991814946619217,0.1564582864244354,0.7400974415107875,0.2319684898662162,2
0.2872521246458924,0.2966192170818506,0.6367067159581055,0.8656473060618137,0.0852045003175627,0.1828953569352745,0.2567676261930682,0.5511634534205985,4
0.8920679886685552,0.7612099644128113,0.1881546518792376,0.3227290843871153,0.6790510419081991,0.1678467418605436,0.2456645948412952,0.0607229785241627,1
0.6362606232294618,0.6425266903914589,0.3366451016635885,0.7201347874923003,0.4088144324700331,0.2141940221916203,0.4627058216431843,0.2424298487468321,2
0.4623229461756374,0.2555160142348753,0.179836722119532,0.4012826551686654,0.1181309164961236,0.0831426432008714,0.1025341446302852,0.0721653573489552,3
0.5691218130311615,0.5362989323843416,0.6758317929759734,0.4218631109822819,0.3052194207252527,0.3846306153225866,0.2262447360321348,0.2851085026855776,3
0.728328611898017,0.7569395017793595,0.2691774491682075,0.4109931519257944,0.5513006966217375,0.1960496379069296,0.3110969516534394,0.1106300882609869,2
0.4235127478753542,0.4053380782918149,0.4931454097350602,0.501141345700931,0.1716658433558819,0.2088533675790128,0.2031316700189894,0.2471355542608651,3
0.3104815864022663,0.2019572953736654,0.504544054220581,0.8005724845103084,0.0627040214531267,0.156651638364237,0.1616814537222775,0.4039240870322743,4
0.4144475920679887,0.5064056939501779,0.5695471349353056,0.4637486865466139,0.20987862046717,0.2360474386431592,0.2348449754291215,0.264126735752635,3
0.7705382436260624,0.7999999999999997,0.3187769562538527,0.4259212290300372,0.6164305949008497,0.2456298359803058,0.3407369832240296,0.1357738729940953,1
0.4841359773371105,0.5718861209964413,0.5945009242144224,0.909272075075184,0.2768706461141411,0.2878192859723648,0.520000079945132,0.5405630889945625,3
0.5813031161473088,0.8288256227758005,0.4358441158348718,0.7491213449762673,0.4817989172623067,0.2533575426892795,0.6208909652846,0.3265001302542112,2
0.701699716713881,0.6055160142348753,0.5415126309303773,0.503025471937389,0.4248904156543303,0.3799792597208341,0.3045899788261449,0.2723946467338102,2
0.4405099150141643,0.490035587188612,0.570163277880468,0.5624479147795209,0.2158655348663715,0.2511625770833223,0.2756194941819929,0.3206871467277257,3
0.7470254957507083,0.702491103202847,0.3791589648798528,0.360556541903692,0.5247787646305688,0.2832414137076974,0.2532877628889281,0.1367082452088631,2
0.6464589235127479,0.6087188612099644,0.4170517560073961,0.7854994746186457,0.3935117397396994,0.2696068292376424,0.4781483456708874,0.3275939352325932,2
0.3345609065155808,0.2640569395017794,0.5325785582255129,0.7810065582086307,0.0883431290514451,0.1781799652306886,0.2062302014913893,0.4159473467354227,4
0.4195467422096318,0.5149466192170817,0.6493376463339509,0.472444653791804,0.2160441765043904,0.2724274941134791,0.2432837772372741,0.3067760995162283,3
0.4396600566572238,0.2845195729537366,0.0800215650030793,0.5391137360049276,0.1250918915649289,0.0351822858030535,0.1533884099416154,0.0431407248697712,3
0.5356940509915015,0.686476868327402,0.6240757855822565,0.4154860683358091,0.3677415745062655,0.3343136857042627,0.2852215750248311,0.2592947944951532,2
0.1439093484419263,0.2492882562277579,0.7177295132470753,0.6233196854958514,0.0358749105279606,0.1032879866089275,0.1553862774696952,0.4473749344682575,5
0.9008498583569404,0.7921708185053379,0.3230899568699925,0.1644624805246565,0.7136269696450351,0.2910555418828827,0.1302823778106353,0.0531361757394432,2
0.7243626062322946,0.6023131672597865,0.4876001232285922,0.3241784122613137,0.4362931356043269,0.353199296061051,0.1952569262463606,0.1580694337666659,2
0.6062322946175638,0.686476868327402,0.512861983980283,0.7111489546722707,0.4161644470880001,0.3109134973704832,0.4881873073177259,0.3647212637987251,2
0.6889518413597734,0.8165480427046262,0.0889556377079472,0.8305735715062139,0.5625622775800712,0.0612861503982231,0.6782032241355899,0.0738842017167025,1
0.3787535410764873,0.3352313167259787,0.6989371534195961,0.5983912460596399,0.1269700482896979,0.264724921847592,0.2005994853338722,0.4182378741521297,3
0.1090651558073654,0.2501779359430605,0.8560536044362337,0.6863654480234791,0.0272856955631949,0.0933656197472945,0.1717134910891479,0.5875656157409896,5
0.394900849858357,0.2069395017793595,0.3314078866296981,0.9078227472009854,0.081720585121934,0.1308732560798298,0.1878643870097413,0.3008596180842453,3
0.7830028328611899,0.8939501779359428,0.6533425754775131,0.282872567846661,0.699965521760608,0.5115690874277184,0.2528739823597196,0.184812692008875,2
0.5186968838526913,0.7845195729537365,0.5026956253850905,0.8307185042936338,0.4069278578125472,0.2607466544136263,0.6517149262332084,0.4175985580348552,2
0.5946175637393768,0.8507117437722419,0.4607979051139885,0.8755027356063625,0.5058481445263274,0.2739985277150883,0.7448004588850567,0.4034298264889779,2
0.796600566572238,0.827224199288256,0.3548213185459019,0.5141852965687163,0.6589672658352906,0.282650863385574,0.4253465202398507,0.1824439049054275,1
0.7773371104815865,0.8475088967971528,0.3061460258780037,0.4346171962752273,0.6588001169437359,0.2379786671414284,0.3683419405442895,0.1330563274179011,1
0.9158640226628896,0.8715302491103202,0.1009704251386338,0.1796804232037392,0.798203199822568,0.0924751797374513,0.1565969239950025,0.0181424087199711,1
0.5002832861189802,0.5948398576512456,0.6126771410967358,0.8130367042284141,0.2975884387003115,0.306512133477857,0.4836266374084677,0.4981290035533771,3
0.6294617563739378,0.588967971530249,0.5790973505853394,0.5650567049530781,0.3707328138074259,0.3645196354109417,0.3328003013157808,0.3272228407688093,2
0.3087818696883853,0.3142348754448398,0.4725046210720904,0.4567919127504619,0.0970300323611545,0.145900860331042,0.1435399498073515,0.2158362896429523,4
0.7022662889518414,0.641459074733096,0.4755853357979056,0.337077430341679,0.4504750839272932,0.3339875488507104,0.216221376580383,0.1603090828989425,3
0.7161473087818697,0.7161921708185052,0.5331947011706752,0.2459147070546034,0.5128990957023176,0.3818459503001323,0.1761221878816331,0.1311204187414534,2
0.6977337110481587,0.8258007117437721,0.3009088108441169,0.7288307547374906,0.5761889951911929,0.2099542212773541,0.6018689560029703,0.2193115957146785,1
0.7507082152974505,0.7179715302491102,0.5470579174368453,0.4076596978151381,0.538987126107689,0.4106808728633541,0.2926880570612246,0.2230134653096831,2
0.256657223796034,0.344306049822064,0.7537738755391281,0.3921518895612159,0.0883686348835099,0.1934615102658499,0.1350202680250805,0.2955938495945499,5
0.7855524079320114,0.7850533807829182,0.3696087492298225,0.3609913402659516,0.6167005736291876,0.290347042950226,0.283397472109142,0.1334255577584956,1
0.4014164305949009,0.286832740213523,0.6188385705483697,0.3560636254936772,0.1151393747542669,0.2484119701039773,0.102130705390713,0.2203459050247772,3
0.6362606232294618,0.8026690391459074,0.3711491065927319,0.6833218594876627,0.5107067030939683,0.2361475618717495,0.5484813003823569,0.2536142976641303,1
0.7923512747875355,0.8117437722419928,0.3360289587184262,0.6728866987934345,0.6431862127367859,0.2662529738060731,0.5462115871700441,0.2261094167310371,2
0.6300283286118981,0.6998220640569394,0.2993684534812075,0.5512880901481938,0.4409077253435222,0.1886106063858939,0.385803569137517,0.1650382629702732,2
0.7586402266288953,0.9754448398576512,0.4450862600123244,0.8408637994130224,0.7400116943735949,0.3376603411651572,0.8202162541605317,0.3742569236604954,1
0.3444759206798867,0.2647686832740213,0.659504004929147,0.8341968911917099,0.0912064359380198,0.2271832492900404,0.220869212472111,0.5501561906403766,4
0.2762039660056657,0.2681494661921708,0.8800831792975998,0.6317257871662016,0.0740639460445797,0.2430824645368724,0.1693969326084458,0.5559712392135097,5
0.5172804532577904,0.4243772241992882,0.4752772643253244,0.3715714337475995,0.2195220428860907,0.2458516387133264,0.1576864536455559,0.1765994545329976,3
0.8322946175637395,0.7640569395017792,0.552911275415898,0.1150404000144932,0.6359204782595546,0.4601850785189542,0.0878974159541341,0.0636071342963685,1
0.4696883852691219,0.7535587188612097,0.2112600123228603,0.8886916192615675,0.3539377778673898,0.099226374059859,0.6696813180734408,0.1877450024364214,2
0.2257790368271954,0.3281138790035586,0.7805760936537283,0.5576651327946665,0.0740812355710583,0.1762377185954734,0.1829776699062926,0.4353000709237484,4
0.7776203966005667,0.7825622775800712,0.3957948243992604,0.3982390666328489,0.6085363886564578,0.3077781283218045,0.311646871005564,0.1576209614468738,2
0.2186968838526912,0.2316725978647686,0.7263555144793621,0.7089749628609732,0.0506660752270825,0.1588516875858548,0.1642500714670794,0.5149678739018688,4
0.5810198300283287,0.4101423487544483,0.3625231053604416,0.6949164824812493,0.238300837760729,0.2106331130578656,0.285014678313039,0.2519232811952573,2
0.4855524079320114,0.3001779359430604,0.4959180529882943,0.6991195333164246,0.145752119605214,0.2407942047654211,0.2098602584884,0.3467059977683662,3
0.2759206798866856,0.302135231316726,0.7352895871842264,0.9188376390448928,0.083365358442632,0.2028816028094721,0.277613222615343,0.6756117483026485,4
0.7220963172804533,0.7074733096085409,0.5954251386321658,0.1986666183557374,0.5108638714425413,0.4299542998224903,0.1405513299968704,0.1182910987760485,2
0.574787535410765,0.7699288256227758,0.5630776340110941,0.4041813109170621,0.4425454921214199,0.3236500054981615,0.3111908420530476,0.2275854562626817,2
0.4337110481586403,0.7637010676156583,0.2047905113986452,0.9149244537845576,0.3312255905154598,0.0888199073516503,0.6987287821429395,0.1873678467816656,2
0.3694050991501417,0.3649466192170818,0.3837800369685773,0.7752092467118374,0.1348131420563951,0.1417703026082223,0.2829099937733058,0.2975098333614519,3
0.2413597733711048,0.2727758007117437,0.5341189155884187,0.7724555237508604,0.0658371054409081,0.128914820419641,0.2107071740053502,0.4125831066860935,5
0.4997167138810198,0.3731316725978647,0.5076247689463962,0.9907243016051306,0.1864601332755335,0.253668581422505,0.3696706157412738,0.5029161946918841,3
0.293201133144476,0.2749110320284698,0.88963339494763,0.5769411935215043,0.0806042261046646,0.2608415194818123,0.1586074989307338,0.5132661526776735,4
0.1654390934844193,0.1946619217081849,0.6034349969192867,0.497807891590275,0.0322046918633371,0.0998317388671001,0.0969042408184627,0.3003947035281742,5
0.0708215297450425,0.2338078291814946,0.4571010474430075,0.7379615203449399,0.016558628129001,0.032372595427975,0.1725411810913257,0.3373229839223063,5
0.4881019830028328,0.3215302491103202,0.3800831792975998,0.5446211819268812,0.1569395521861421,0.1855193535211797,0.1751121842957071,0.2070013503395855,3
0.6858356940509915,0.8083629893238434,0.2248151571164527,0.6950614152686692,0.5544041918280525,0.154186259314145,0.5618619234102427,0.1562603412792098,1
0.6878186968838528,0.6215302491103202,0.6410197165742488,0.2850465596579585,0.4275001260169568,0.4409053461309565,0.1771650592322506,0.1827204648824092,2
0.7175637393767706,0.7101423487544484,0.503619839802834,0.3479473893981665,0.5095723992620448,0.3613793354732517,0.2470921763501926,0.1752332085085189,2
0.5909348441926346,0.5843416370106761,0.6160659272951321,0.4288198847784339,0.3453078342221729,0.3640548227585398,0.2505773134541595,0.2641813199586176,2
0.154957507082153,0.2724199288256228,0.716189155884166,0.6020145657451357,0.042213513050316,0.1109788861950818,0.1640007651522781,0.4311563036709814,5
0.6745042492917848,0.8507117437722419,0.4540203327171923,0.8012971484474076,0.5738086860968011,0.3062386436826161,0.6816728944354191,0.3638051979434294,1
0.5813031161473088,0.6128113879003557,0.613909426987064,0.5207072720026088,0.356229169397034,0.356867462939789,0.3190953460457267,0.3196671029831188,3
0.626628895184136,0.7637010676156583,0.2540819470117057,0.5615783180550018,0.4785571562509451,0.1592150897421793,0.4288779610484106,0.1426869124509737,2
0.7722379603399434,0.4638790035587188,0.2867375231053621,0.4408493061342801,0.3582249755527104,0.2214295999958122,0.2045007368491224,0.126408038103661,2
0.3960339943342776,0.4540925266903914,0.5442852741836148,0.9962317475270844,0.1798360771425402,0.2155554711922644,0.4523813914037579,0.5422342698532009,3
0.764872521246459,0.7046263345195728,0.1092883548983394,0.5346208195949128,0.5389493210206364,0.0835916595539706,0.3767079084690132,0.0584278298679299,1
0.4322946175637394,0.3476868327402135,0.7340573012939018,0.5654915033153376,0.1503031463913784,0.3173290203327178,0.1966139497292116,0.4151031668282882,3
0.8696883852691218,0.7939501779359431,0.4623382624768943,0.2650458349940214,0.6904892482332423,0.4020902169416616,0.2104331878546839,0.1225408308278734,1
0.5750708215297451,0.6128113879003557,0.6108287122612452,0.6194065002355158,0.3524099482826408,0.3512697693740306,0.3795793570838284,0.3783512749051048,3
0.4702549575070822,0.6537366548042703,0.7235828712261245,0.680278270951846,0.3074229028258042,0.3402684323612937,0.4447228411880928,0.4922377045280802,3
0.7674220963172804,0.8165480427046262,0.1176062846580414,0.6678140512337403,0.6266370106761565,0.0902536615123609,0.5453022564255576,0.0785391294080351,1
0.2453257790368272,0.3354092526690391,0.6456407886629734,0.7852096090438059,0.082284536207192,0.1583923294566954,0.2633665681579313,0.5069633512487878,4
0.2345609065155807,0.2096085409252669,0.4953019100431319,0.6004203050835175,0.0491659693728388,0.1161784650186156,0.1258532240904597,0.2973893239365462,4
0.7161473087818697,0.8565836298932384,0.4444701170671621,0.6507119823181999,0.6134400612946478,0.3183060781716107,0.5573892318291485,0.2892220309579754,1
0.4427762039660057,0.347508896797153,0.4001078250154037,0.7156418710822856,0.1538686701682578,0.1771582239374153,0.2486919171216554,0.2863339125286872,3
0.6218130311614731,0.595373665480427,0.4571010474430075,0.6692633791079388,0.3702111036061012,0.2842313878576208,0.3984617911913101,0.3059209916054854,2
0.8300283286118981,0.7774021352313166,0.1681300061614301,0.1506938657197724,0.6452657949653705,0.1395526680036799,0.1171497329768123,0.025336160571955,1
0.6246458923512748,0.6834519572953736,0.5449014171287772,0.7421645711801153,0.426915457743994,0.3403704319458792,0.5072338288083313,0.404406526578816,2
0.3762039660056658,0.2763345195729537,0.4078096118299434,0.8817348454654155,0.1039581422076154,0.1534195933456558,0.2436537749124181,0.3595799450661862,4
0.2110481586402267,0.2535587188612099,0.7476124460874942,0.7741947171998984,0.0535131007228332,0.1577822301232814,0.1963038206423229,0.5787976062738319,5
0.3971671388101984,0.4873665480427046,0.8437307455329659,0.393891083010254,0.193565977437924,0.3351021261295236,0.1919693374315099,0.332338017127029,3
0.2308781869688386,0.2544483985765123,0.5643099199014188,0.7510054712127252,0.0587465849404695,0.1302868511953701,0.1910921394722769,0.4237998373055802,5
0.4954674220963174,0.7158362989323844,0.5285736290819507,0.7365121924707416,0.3546735656749973,0.2618910133893292,0.5272221619768317,0.3893009224373641,3
0.5127478753541077,0.4596085409252668,0.3415742452248942,0.8560817420921047,0.235663302854032,0.1751414685147475,0.3934624803957128,0.2924154749059232,2
0.6053824362606233,0.4638790035587188,0.4512476894639547,0.7343382006594441,0.2808242013045275,0.273177425604666,0.3406440727970054,0.3313684163326921,2
0.4906515580736544,0.3562277580071175,0.5485982747997546,0.7360773941084822,0.1747837044952769,0.2691705982870184,0.262211199822986,0.4038107885270124,3
0.6456090651558074,0.683629893238434,0.6265403573629094,0.4227327077068008,0.4413576562862298,0.4045001343994534,0.2889927158379944,0.2648591017556093,2
0.7810198300283286,0.8814946619217082,0.195240295748615,0.594622993586724,0.6884648110249716,0.1524865426002639,0.5241569947026034,0.1160943691267988,1
0.7745042492917847,0.7850533807829182,0.3625231053604416,0.3567882894307764,0.6080271793372517,0.2807756855681154,0.2800978528413853,0.129343998640685,1
0.8277620396600568,0.7870106761565837,0.3344886013555168,0.4753433095402006,0.6514575625296142,0.2768769669010822,0.3741002594477415,0.1589969187718041,1
0.5674220963172805,0.351067615658363,0.5245686999383885,0.2166382839957968,0.1992035224259776,0.2976518713814708,0.0760546858227236,0.1136416629925585,3
0.126628895184136,0.3142348754448398,0.5177911275415923,0.8256458567339395,0.0397912151059046,0.0655673184167398,0.2594467229523375,0.4275120991083105,5
0.5855524079320114,0.4441281138790035,0.3560536044362301,0.759701438457915,0.260060286512153,0.2084880454305064,0.3374047669734797,0.2704944354583294,2
0.8413597733711049,0.8293594306049822,0.3366451016635885,0.579984782057321,0.6977896625769964,0.2832396464421694,0.4810158486066144,0.195249035919021,1
0.3926345609065156,0.2800711743772242,0.2214263709180528,0.6778144135657089,0.1099656225741735,0.0869396459185329,0.1898362788171576,0.1500859857518031,4
0.3237960339943343,0.2455516014234874,0.604051139864449,0.8043407369832241,0.0795086346818827,0.1955893634178655,0.1975071560563787,0.4858629390141274,4
0.43314447592068,0.3231316725978648,0.7205021565003094,0.5702742853001921,0.1399626989807749,0.3120815289770463,0.184273683648603,0.410883852355461,3
0.8643059490084987,0.7569395017793595,0.2824245224892188,0.0980832638863725,0.6542273144274295,0.2441011949333163,0.0742430968990442,0.0277011189672927,1
0.6147308781869689,0.683629893238434,0.5911121380160225,0.559839124605964,0.4202484046253263,0.3633748837095663,0.3827227609850735,0.3309277018908498,2
0.3334277620396601,0.2738434163701068,0.5895717806531131,0.6563643610275736,0.0913069974695795,0.1965795993849048,0.1797410590073729,0.3869739050882693,4
0.3008498583569405,0.2653024911032029,0.3132316697473847,0.4405594405594405,0.079816216870142,0.0942357034764086,0.116881517059453,0.1379971691894072,4
0.4124645892351276,0.2540925266903915,0.3782347504621093,0.6631762020363057,0.104804169649068,0.1560084409838049,0.1685081168163424,0.2508362852896114,3
0.1651558073654391,0.3279359430604982,0.5932686383240906,0.7723105909634407,0.0541605254403032,0.0979817609470098,0.2532684019832066,0.4581876526641542,5
0.5444759206798867,0.6128113879003557,0.5837184226740639,0.6589731512011303,0.3336610446301654,0.3178206256032722,0.4038262513766356,0.3846547684036812,3
0.8940509915014164,0.8633451957295372,0.273798521256932,0.2431609840936264,0.7718746282499771,0.2447898394013817,0.2099318674060987,0.0665771178722152,2
0.4847025495750709,0.6565836298932383,0.4663431916204565,0.794630240226095,0.3182477594185073,0.2260377339554111,0.5217412075505854,0.3705704023851672,3
0.5325779036827195,0.4167259786476868,0.7359057301293923,0.7810065582086307,0.2219390481183147,0.3919271310604129,0.3254657222997532,0.5747472014543661,2
0.5827195467422096,0.6752669039145908,0.5498305606900828,0.6179571723613173,0.3934912241791255,0.32039701511034,0.4172860265322418,0.3397717385618812,2
0.8042492917847026,0.8596085409252668,0.2895101663585961,0.4489655422297909,0.6913395602512274,0.2328383462583723,0.3859346146818718,0.129980088820224,1
0.8274787535410766,0.801423487544484,0.2873536660505245,0.6767998840537701,0.6631609085318522,0.2377790534089467,0.5424033234480748,0.1944809278654207,1
0.4484419263456091,0.576512455516014,0.5966574245224905,0.7808616254212111,0.2585323561138386,0.2675662048212754,0.4501764530898083,0.4659068863322654,3
0.7660056657223797,0.5866548042704626,0.5196395563770793,0.1482300083336352,0.449380903894428,0.3980468443183066,0.0869598465259778,0.0770261757722609,2
0.58328611898017,0.8110320284697509,0.3434226740603812,0.7733251204753795,0.4730637242547357,0.2003136787224716,0.6271914411257615,0.2655773807917213,2
0.4906515580736544,0.7695729537366548,0.4232131854590264,0.9240552193920072,0.377592168802234,0.2076502088427857,0.7111279046032796,0.3910723529389309,2
0.6226628895184136,0.6064056939501777,0.4811306223043736,0.7002789956157831,0.3775863216154365,0.2995821835198338,0.4246531702951224,0.3369256689473034,2
0.5753541076487253,0.6229537366548042,0.3646796056685168,0.8836189717018732,0.3584189912594639,0.2098199090970985,0.5504537402007577,0.3222378181614594,2
0.7742209631728046,0.748932384341637,0.5729359211337055,0.2218558643429108,0.5798391519562873,0.4435790006964355,0.1661550414625109,0.12710919399622,1
0.5201133144475921,0.5457295373665481,0.6949322242760338,0.37113663538534,0.2838411984716664,0.3614435024846454,0.2025402243286188,0.2579148075386577,3
0.7787535410764873,0.8683274021352311,0.3329482439926075,0.7356425957462227,0.6762130392265582,0.2592846240044413,0.6387786240643355,0.2449309104598684,1
0.1101983002832861,0.2715302491103202,0.590187923598279,0.7794122975470126,0.0299221719274545,0.0650377060282522,0.2116340153125873,0.4599997255162353,5
0.6711048158640227,0.7601423487544482,0.438000616142947,0.6043334903438531,0.5101351909912997,0.2939443228449409,0.4593794787809501,0.2646984411264254,2
0.4036827195467422,0.3930604982206406,0.402264325323479,0.8250661255842604,0.1586717308681056,0.1623871568232174,0.324300902387123,0.3318946683554093,3
0.7348441926345609,0.711387900355872,0.5510628465804075,0.2137396282474001,0.5227592672870062,0.4049453325862824,0.1520517853617625,0.1177839679690503,2
0.6603399433427762,0.7330960854092526,0.3791589648798528,0.4994021522518932,0.4840926275039569,0.2503738093866677,0.3661097628608185,0.1893528031065984,2
0.5940509915014165,0.6597864768683274,0.4583333333333321,0.6415812167107504,0.3919468107628562,0.2722733711048151,0.4233066105984808,0.2940580576590931,2
0.7787535410764873,0.7850533807829182,0.4062692544670376,0.326497336860031,0.6113631002187655,0.31638362054671,0.2563178381185866,0.132645829631598,1
0.1756373937677053,0.2608540925266904,1.0,0.7804268270589514,0.0458157329650277,0.1756373937677053,0.2035775317559471,0.7804268270589514,4
0.418413597733711,0.2250889679715302,0.8190850277264339,0.419978984745824,0.0941802848991359,0.3427163133008336,0.0945326362461685,0.3439984983650528,3
0.4325779036827196,0.596085409252669,0.589263709180532,0.8159353599768107,0.2578533767503755,0.2549024600336182,0.4863671629755009,0.480801096671488,2
0.4456090651558074,0.3419928825622775,0.6052834257547737,0.6933222218196311,0.1523951286885163,0.2697197815048892,0.2371112651845784,0.4196564495748974,4
0.711614730878187,0.5612099644128113,0.2876617375231056,0.6757853545418313,0.3993652777917796,0.2047043299314564,0.3792574747731203,0.1943975892801711,2
0.5866855524079321,0.7466192170818503,0.4463185459026491,0.5078082539222435,0.4380307078120431,0.2618486426528006,0.3791394009711268,0.2266442414879389,2
0.3305949008498584,0.3704626334519573,0.6542667898952566,0.8292691764194353,0.1224730575746272,0.2162972645347774,0.3072132429368798,0.5425632820150271,3
0.2050991501416431,0.2604982206405694,0.572011706715962,0.7210043842168194,0.053427963666791,0.1173191149185146,0.1878203591625309,0.4124229483655541,4
0.513314447592068,0.5567615658362989,0.7328250154035771,0.4588209717743395,0.2857937556077545,0.3761696679635359,0.2554538826836136,0.3362354857080146,3
0.7895184135977338,0.6934163701067614,0.4401571164510187,0.385050182977644,0.5474649924893893,0.3475121483141612,0.2670001001893021,0.1694825782283769,2
0.8133144475920681,0.795017793594306,0.4222889710412829,0.3378020942787781,0.6465994576230177,0.3434537212066638,0.2685586756650499,0.1426500988085756,1
0.3039660056657224,0.2747330960854092,0.8517406038200868,0.5479546360375375,0.0835095218412589,0.2589001892065023,0.1505412736729462,0.466715212564628,4
0.7305949008498585,0.7774021352313166,0.2143407270486754,0.1572158411536648,0.567966035909792,0.1565962422262135,0.1222199306050465,0.0336977576964455,2
0.4722379603399434,0.3758007117437721,0.3270948860135547,0.7450632269285118,0.1774673616081779,0.1544666218086673,0.2799952909738463,0.2437063712850728,3
0.3804532577903683,0.4135231316725979,0.3132316697473847,0.8018768795970868,0.1573262226165153,0.1191700091985092,0.331594638466838,0.251173233928018,3
0.0736543909348442,0.2973309608540925,0.2657886629698076,0.5462154425884994,0.0218997308277801,0.0195765020884277,0.1624067623781819,0.1451778721790589,5
0.3968838526912182,0.3473309608540925,0.667821934688849,0.691583028370593,0.1378500499027149,0.2650477423510134,0.2402081977543411,0.4618543160044225,3
0.6470254957507082,0.8375444839857652,0.341266173752313,0.8534729519185478,0.5419126349641609,0.2208079152550376,0.7148215631104279,0.2912614487023346,2
0.4875354107648725,0.4868327402135231,0.8788508934072752,0.3005543679118807,0.2373481999737884,0.4284709313183911,0.1463197065136842,0.2641424747568152,3
0.6093484419263456,0.7788256227758005,0.4262939001848451,0.8794159208666981,0.4745761797707498,0.2597615238803404,0.6849116522479601,0.3748896427909118,2
0.628328611898017,0.7608540925266903,0.4931454097350602,0.5727381426863292,0.4780663958142208,0.3098573707627092,0.435770159809029,0.2824431860459472,2
0.2354107648725212,0.2597864768683274,0.8954867529266828,0.9778252835247654,0.0611565332231104,0.2108072214396808,0.2540257853996721,0.8756295880732051,4
0.3036827195467422,0.3238434163701068,0.5510628465804075,0.6215804920468133,0.0983456493905819,0.1673482638907073,0.201294750093452,0.3425299153261673,4
0.4617563739376771,0.4754448398576512,0.1724430067775735,0.9989854704880612,0.2195396852600485,0.0796266575205226,0.4749624870363165,0.1722680582580701,2
0.6552407932011333,0.5998220640569395,0.3689926062846602,0.7772383057357151,0.39302788503221,0.2417790080273142,0.4662046848105152,0.286795188137695,2
0.824645892351275,0.6087188612099644,0.4299907578558226,0.453168593064966,0.5019775084935431,0.3545901122148158,0.2758522699066278,0.1948583067684615,2
0.3079320113314448,0.3496441281138789,0.5221041281577357,0.7550635892604804,0.1076666196203361,0.1607725743080619,0.2640035503375166,0.3942218169744937,2
0.6685552407932012,0.731850533807829,0.528265557609366,0.2888148121308742,0.489282509854526,0.3531747070702843,0.2113692744295881,0.1525709177761605,2
0.3487252124645892,0.2498220640569394,0.3421903881700565,0.6563643610275736,0.0871192523665984,0.1193304158179432,0.1639742994453225,0.2246015754810165,4
0.7512747875354108,0.7046263345195728,0.0861829944547167,0.557954998369506,0.5293679997580474,0.0647471108481327,0.3931497853279792,0.0480862325304606,1
0.3671388101983003,0.4233096085409252,0.7285120147874302,0.71172868582195,0.1554133860252235,0.2674650343242237,0.3012815913826368,0.5185028988901588,4
0.7702549575070822,0.8071174377224198,0.3880930375847207,0.5298380376100582,0.6216862076961075,0.2989305861736134,0.4276415193237053,0.2056264534440149,2
0.4592067988668556,0.4345195729537366,0.2140326555760943,0.9989854704880612,0.1995343421410785,0.0982852506200705,0.43407874002346,0.2138155131304937,3
0.2759206798866856,0.2711743772241993,0.5399722735674715,0.8101380484800174,0.0748226185315496,0.1489895168426961,0.2196886807621969,0.4374520839412694,4
0.3824362606232295,0.4873665480427046,0.8717652495378978,0.3486720533352656,0.1863866401863034,0.3333946421745501,0.1699310950329701,0.303960179582709,3
0.2988668555240794,0.2201067615658362,0.7531577325939658,0.496938294865756,0.0657826157087697,0.2250938832540039,0.1093794787809501,0.3742729194002044,4
0.4997167138810198,0.5976868327402135,0.643176216882317,0.902895032428711,0.2986740999868942,0.3214059055468575,0.5396484722291887,0.5807206111993353,2
0.7150141643059491,0.754982206405694,0.4336876155268037,0.5827385050182978,0.5398229713790289,0.3100927879857373,0.4399572022762701,0.2527264727170399,2
0.2243626062322946,0.2644128113879003,0.4487831176833055,0.8220225370484437,0.0593243474841974,0.100690149916481,0.2173532900451934,0.368909836982541,5
0.2634560906515581,0.2160142348754448,0.5165588416512641,0.6160730461248596,0.0569102658453721,0.1360905730129392,0.1330805476860461,0.3182379790788232,4
0.3172804532577904,0.288612099644128,0.7365218730745582,0.6847711873618609,0.0915709777907715,0.2336839937233726,0.1976332501603092,0.504348957543247,3
0.2818696883852691,0.2775800711743772,0.8104590264941507,0.7268016957136127,0.0782414081638825,0.2284438332469348,0.2017456664258426,0.5890429947623526,4
0.446742209631728,0.253914590747331,0.2442236598890979,0.7140476104206674,0.1134343653281985,0.1091050174632032,0.1813071067740734,0.1743873207520001,4
0.7288951841359774,0.4638790035587188,0.4740449784349962,0.3428747418384723,0.338119171715746,0.345529101845112,0.1590523935894834,0.1625380496007235,2
0.7926345609065156,0.9218861209964412,0.3933302526186075,0.47592304068988,0.730718800721825,0.3117671520755988,0.4387468458744249,0.1871949298215663,1
0.3405099150141644,0.2640569395017794,0.5042359827479999,0.8591253306279212,0.0899140060286512,0.1716973516326051,0.2268580054540632,0.4332019053928701,4
0.856657223796034,0.9231316725978644,0.3434226740603812,0.5207072720026088,0.790807415845876,0.2941955145491764,0.4806813749376394,0.1788226837538221,1
0.7458923512747876,0.9163701067615658,0.1166820702402979,0.5653465705279177,0.6835134535703125,0.0870322637231457,0.5180666971919531,0.06596580825245,1
0.9150141643059492,0.8576512455516013,0.3036814540973509,0.21388456103482,0.7847630377143548,0.277872831936103,0.1834383601757708,0.0649527745040277,1
0.5954674220963173,0.8083629893238434,0.2910505237215055,0.8827493749773541,0.4813538253707419,0.1733111050602279,0.7135819235804484,0.2569246679019906,2
0.5447592067988669,0.3927046263345195,0.3153881700554528,0.4878075292583063,0.2139294607482383,0.1718106093531546,0.1915642735005483,0.1538487239920489,3
0.2997167138810199,0.2738434163701068,0.5895717806531131,0.7354976629588028,0.0820754488724003,0.1767045166943325,0.2014111927568679,0.4336286668168246,4
0.7334277620396601,0.8341637010676154,0.4346118299445471,0.5280988441610202,0.6117988164487411,0.3187563817921905,0.4405208863748864,0.2295180050524211,1
0.4195467422096318,0.2603202846975089,0.3129235982748035,0.666364723359542,0.1092165273759237,0.1312860762167093,0.1734682544973327,0.2085212469970618,3
0.6645892351274788,0.7421708185053378,0.2904343807763432,0.5099822457335409,0.4932387366043974,0.1930195629748728,0.3784939407392523,0.1481163777465498,2
0.218413597733711,0.2829181494661921,0.7282039433148491,0.8488351027211132,0.0617931708890748,0.1590496431432715,0.2401508564638024,0.6181250690255796,4
0.4512747875354108,0.5866548042704626,0.5125539125077019,0.7339034022971846,0.2647425221537809,0.2313026579673567,0.4305479568280814,0.3761650602501359,2
0.5974504249291784,0.4259786476868327,0.2014017252002489,0.7215841153664988,0.2545011240712549,0.1203275463023583,0.3073794256561206,0.1453282857119082,2
0.3696883852691218,0.3163701067615658,0.686922365988913,0.9852168556831769,0.1169583539161029,0.2539472202876859,0.3116931618157808,0.6767674935180453,3
0.7053824362606234,0.7275800711743771,0.3449630314232905,0.6973803398673866,0.5132222031796598,0.2433308635252106,0.5074000373163244,0.2405704360956582,2
0.3288951841359774,0.3113879003558718,0.522720271102898,0.7821660205079892,0.1024139808252598,0.1719201798159956,0.2435570348556905,0.408854034287411,4
0.6801699716713882,0.836832740213523,0.1998613678373395,0.7995579549983696,0.5691885012047221,0.135939700900128,0.6690962744408063,0.1598007465512,1
0.3776203966005667,0.3354092526690391,0.7103357979051168,0.7637595565056705,0.1266573750163822,0.2682372857245101,0.2561720220664036,0.5425257539781136,3
0.2368271954674221,0.2813167259786476,0.6675138632162678,0.8197036124497263,0.0666234512516004,0.1580854361611331,0.2305963365272272,0.5471635250386472,4
0.7260623229461758,0.7158362989323844,0.4266019716574263,0.5436066524149425,0.5197417660520401,0.3097396185150096,0.3891333741397356,0.2319036697263077,2
0.6269121813031162,0.6734875444839857,0.5116296980899584,0.7530345302366028,0.422217545592935,0.3207468900490306,0.5071593766807013,0.3852748293562668,2
0.661473087818697,0.8713523131672597,0.5433610597658642,0.6599876807130693,0.5763761051687115,0.3594187180037657,0.5750817922512278,0.3586116056246682,2
0.3135977337110482,0.3092526690391459,0.9038046826863848,0.6286821986303852,0.0969809361547689,0.2834311002078833,0.194421647903845,0.5682059150437141,4
0.8515580736543911,0.7466192170818503,0.5156346272335206,0.080111598246313,0.6357896222515701,0.4390928298764768,0.0598128587618379,0.0413083140988191,2
0.5770538243626062,0.7135231316725977,0.6108287122612452,0.3312801188448856,0.411741251902856,0.3524810444408375,0.2363760278590731,0.2023554083917737,2
0.2152974504249292,0.2879003558718861,0.695240295748615,0.739555781006558,0.0619842125956468,0.1496834631073505,0.2129183725388987,0.5141689799095974,5
0.2934844192634561,0.2711743772241993,0.5137861983980301,0.8327475633175117,0.0795854546187735,0.1507882440624247,0.2258198018675956,0.4278542047821271,4
0.8147308781869689,0.7891459074733095,0.3705329636475696,0.4178049929345265,0.642941538213382,0.3018846468698046,0.3297091002961965,0.1548105222587819,2
0.7464589235127479,0.8117437722419928,0.3572858903265583,0.5936084640747854,0.6059333823959352,0.2666992410794564,0.4818579738628417,0.2120879285923405,2
0.2240793201133145,0.3211743772241991,0.595733210104747,0.6554947643030544,0.0719685360862157,0.133491492689194,0.2105281226987566,0.3905000001451131,4
0.2858356940509916,0.2455516014234874,0.6043592113370302,0.7743396499873183,0.0701874124182149,0.1727474346286299,0.1901403411000887,0.4679793001733277,4
0.1498583569405099,0.291459074733096,0.7805760936537283,0.8682560962353707,0.043677578054903,0.1169758508619892,0.2530611184401311,0.6777399518904412,5
0.2736543909348443,0.2653024911032029,0.2611675908810866,0.6701329758324577,0.0726011916163439,0.0714696580144843,0.1777879478587535,0.1750170148681364,4
0.7473087818696885,0.748932384341637,0.525492914356132,0.2695387514040362,0.5596837478451101,0.3927054697086335,0.2018662997614926,0.1416407040072199,1
0.224929178470255,0.2010676156583629,0.9025723967960602,0.5646219065908185,0.0452259736070085,0.2030148677212668,0.1135271805066947,0.5096121475152362,4
0.1626062322946175,0.3254448398576511,0.6832255083179319,0.442733432370738,0.0529193592289778,0.1110967257151537,0.144085310997523,0.3024867743808402,5
0.5124645892351275,0.5546263345195729,0.7272797288971056,0.6795536070147468,0.2842263566985573,0.3727051075282901,0.3768983261681433,0.4942255630807352,3
0.3014164305949008,0.2704626334519573,0.6447165742452263,0.5124461031196781,0.0815218815843859,0.1943281685543684,0.1385975225519414,0.3303824960886348,4
0.2079320113314448,0.2535587188612099,0.6530345040049319,0.6395521576868728,0.0527229744034357,0.1357867778865779,0.1621640257480059,0.4176496260803309,4
0.3560906515580737,0.2722419928825622,0.598505853357981,0.8870973585999493,0.09694282862702,0.2131223392835643,0.2415051527861071,0.5309329616204735,3
0.6898016997167139,0.7569395017793595,0.2741065927295132,0.4327330700387695,0.5221381549101248,0.1890791935683752,0.3275527544385989,0.1186149873897089,2
0.5898016997167139,0.3603202846975089,0.5307301293900188,0.6072321460922496,0.212517516357001,0.3130255324051046,0.2187980597574386,0.3222763954653184,3
0.813031161473088,0.8083629893238434,0.2352895871842264,0.3607014746911119,0.6572243001018219,0.191297766350915,0.2915777223348259,0.0848693010768134,1
0.6909348441926346,0.6176156583629894,0.5495224892175017,0.4093988912641761,0.4267321786819635,0.3796842354678432,0.252851165761202,0.2249738978103753,2
0.6787535410764873,0.7772241992882564,0.3927141096734452,0.4975180260154351,0.5275436774772415,0.2665560925715509,0.3866830494013204,0.1953823486331415,2
0.3662889518413598,0.340035587188612,0.9666512630930376,0.5320120294213558,0.1245512788200779,0.3540736779544752,0.1809030228156958,0.514270100220844,3
0.4308781869688385,0.346797153024911,0.5381238447319809,0.4565020471756221,0.1494273285413285,0.2318658265828167,0.1583136103105493,0.2456546367541659,3
0.4495750708215298,0.4946619217081849,0.4983826247689507,0.7482517482517483,0.2223876684846712,0.2240604038267209,0.3701316477117188,0.3729156702816624,3
0.201699716713881,0.2686832740213523,0.6813770794824414,0.5773759918837638,0.0541933402558648,0.13743356390694,0.1551312718406553,0.3934107671130367,4
0.2175637393767706,0.2727758007117437,0.5599969192852754,0.8717344831334468,0.0593461232143397,0.1218350237991761,0.2377880716447639,0.488168624989472,4
0.6138810198300284,0.8475088967971528,0.3911737523105394,0.826080655096199,0.5202696258808585,0.2401341419991328,0.7001107046660489,0.3231410695651286,2
0.591501416430595,0.4243772241992882,0.4845194085027735,0.2270734446900248,0.2510197292147631,0.2865939164175045,0.0963647981469233,0.110021491107898,2
0.3070821529745043,0.3377224199288257,0.6927757239679622,0.5838979673176565,0.1037085278195034,0.2127390608445527,0.1971954345140413,0.404510337031911,4
0.3110481586402266,0.3437722419928825,0.7885859519408527,0.99115909996739,0.1069297228635084,0.2452882082807524,0.3407329859674372,0.781614142372623,4
0.3172804532577904,0.2813167259786476,0.6268484288354905,0.6527410413420776,0.0892562983275029,0.1988867536248582,0.1836269726622463,0.4091696962017233,4
0.8201133144475922,0.7790035587188612,0.3301756007393734,0.5808543787818399,0.6388711905073947,0.2707814062720924,0.4524876281684866,0.1917839434563895,1
0.5878186968838527,0.3927046263345195,0.3021410967344451,0.3428747418384723,0.2308391217122175,0.1776041857574996,0.1346484973732221,0.1035965505416157,2
0.535127478753541,0.583629893238434,0.6105206407886641,0.5366498786187904,0.3123163932938815,0.3267063712322341,0.3132049113647032,0.3276358277735027,3
0.5461756373937677,0.4544483985765124,0.4777418361059773,0.5496938294865756,0.2482086437551036,0.2609309518448511,0.2498074805175648,0.2626117393950427,3
0.6951841359773372,0.6064056939501777,0.4697319778188529,0.4720098554295444,0.4215636184004919,0.3265502191409249,0.2862294639330759,0.2217181229409107,2
0.943059490084986,0.7635231316725978,0.3095348120764036,0.1789557592666399,0.7200477352232517,0.2919097420403251,0.1366368617461124,0.0553930373145895,1
0.3575070821529745,0.2298932384341637,0.5498305606900828,0.7043371136635386,0.0821884608792959,0.1965683194308455,0.1619223400094825,0.387266070120458,4
0.4110481586402267,0.3238434163701068,0.5387399876771433,0.4146164716112902,0.1331152399866926,0.2214480799205481,0.1342708146499196,0.2233704728066071,3
0.2946175637393768,0.2718861209964412,0.7208102279728905,0.763469690930831,0.0801024265825209,0.2123633532837978,0.2075768127655355,0.5503167619702445,3
0.8589235127478755,0.7939501779359431,0.5048521256931622,0.3578028189427152,0.681942475779541,0.4336293612186028,0.2840776117655508,0.1806375137222354,1
0.6762039660056658,0.7999999999999997,0.3748459642637129,0.8597050617776008,0.5409631728045324,0.2534723276763407,0.6877640494220804,0.3222569728644196,1
0.639943342776204,0.6565836298932383,0.4530961182994488,0.5643320410159787,0.4201763229260128,0.2899558445434716,0.3705311799553311,0.2556966572163452,2
0.1303116147308782,0.2749110320284698,0.9136629698089962,0.9036196963658104,0.035824100490962,0.1190608969156199,0.2484150232891774,0.8256038553594898,5
0.6110481586402267,0.7064056939501778,0.5301139864448565,0.408674227327077,0.4316478985412276,0.3239251752865597,0.2886898011545365,0.2166439238056283,2
0.8045325779036828,0.8891459074733096,0.1641250770178679,0.515199826080655,0.7153468490720112,0.1320439713118257,0.4580878168905752,0.0845572111350796,1
0.5968838526912181,0.442526690391459,0.5914202094886036,0.4725895865792239,0.2641370358795479,0.353009173199005,0.2091335056623718,0.2794990322968171,3
0.741643059490085,0.8224199288256228,0.4241373998767699,0.5482445016123771,0.6099420321998529,0.3145585588887772,0.4508872039950902,0.2325309974106092,2
0.4022662889518414,0.4320284697508897,0.9068853974122,0.675205623392152,0.1737904892482333,0.3648094233216216,0.2917080522413069,0.6123341201049439,3
0.8291784702549575,0.6087188612099644,0.4266019716574263,0.4250516323055182,0.5047365741534181,0.3537291702666534,0.2587369455724516,0.1813278643977414,2
0.6028328611898017,0.7946619217081848,0.4210566851509583,0.67665495126635,0.4790483199419312,0.2538268062326457,0.5377119239066759,0.2849100907711925,2
0.5444759206798867,0.7774021352313166,0.1619685767097962,0.6404217544113915,0.4232767433185809,0.0881879899252771,0.4978652393280016,0.1037282000560037,2
0.2900849858356941,0.435409252669039,0.3582101047443018,0.9268089423529836,0.1263056868932283,0.1039113731609533,0.403541188956895,0.3319923283182178,3
0.3660056657223797,0.5149466192170817,0.6111367837338264,0.521287003152288,0.1884733801780367,0.2236795253779331,0.268434979915075,0.3185776625087343,3
0.8711048158640228,0.7612099644128113,0.2189617991374,0.0561976883220405,0.6630936658836813,0.1907386777188399,0.0427782403277027,0.0123051469423568,1
0.146742209631728,0.2617437722419928,0.5519870609981545,0.33620783361716,0.0384088594961337,0.0809998010189926,0.0880003066282637,0.1855823739628926,5
0.4824362606232296,0.2745551601423487,0.254698089956868,0.8884017536867277,0.1324553647938866,0.1228755941066703,0.2439152857542029,0.2262742297783414,3
0.1237960339943343,0.2850533807829182,0.7183456561922377,0.7278162252255516,0.035288478017602,0.0889283432736566,0.2074664755892053,0.5228236238970063,5
0.3373937677053825,0.435409252669039,0.3070702402957508,0.8453567158230371,0.1469043682517919,0.1036035853235805,0.3680761358752618,0.2595838898634067,3
0.7838526912181304,0.6033807829181496,0.4336876155268037,0.2908438711547518,0.4729616505196941,0.3399472045786589,0.1754896026842995,0.1261353849716892,2
0.3552407932011332,0.249644128113879,0.4931454097350602,0.7427443023297944,0.0886837780891797,0.1751853665177806,0.1854217537666729,0.3662809433008079,4
0.5002832861189802,0.3215302491103202,0.4543284041897735,0.5618681836298418,0.1608562096115653,0.2272929070252521,0.1806576170496661,0.2552726752335526,3
0.711331444759207,0.8507117437722419,0.4469346888478114,0.6634660676111452,0.6051380137711331,0.3179186979311203,0.5644183753111895,0.2965260004888682,1
0.6898016997167139,0.795017793594306,0.3917898952557017,0.609551070690967,0.5484046253263839,0.2702573356792163,0.4846039473037795,0.2388159501390148,1
0.5087818696883852,0.4275800711743772,0.6810690080098603,0.8676763650856916,0.2175449880535924,0.3465155632820705,0.3710011219396649,0.5909474812425133,3
0.711331444759207,0.6597864768683274,0.4367683302526224,0.5744773361353672,0.4693268678233344,0.3106870473836643,0.3790323776494558,0.2509135068718188,2
0.479886685552408,0.2800711743772242,0.1558071472581659,0.412152614225153,0.1344024275906566,0.0747697754830972,0.1154320666886816,0.0642163230574164,3
0.6934844192634562,0.7629893238434161,0.4250616142945205,0.6636110003985651,0.5291212081497685,0.2947736067402227,0.5063281084891541,0.2820755630930158,1
0.718130311614731,0.7161921708185052,0.5328866296980941,0.2430160513062066,0.5143193068059237,0.382682041440416,0.1740461933287333,0.1295000045431035,2
0.4019830028328612,0.2455516014234874,0.5994300677757245,0.6734664299431137,0.0987075700906313,0.2409606986327912,0.1653707603774904,0.4036960277454758,4
0.2427762039660057,0.2201067615658362,0.7574707332101056,0.635638972426537,0.0534366840402044,0.1838958692240964,0.1399084357458409,0.4814779185008471,4
0.8067988668555242,0.8683274021352311,0.3652957486136792,0.6386825609623537,0.7005655641023055,0.2947201960486568,0.5545855689495169,0.2333080242332448,1
0.648158640226629,0.8250889679715302,0.4071934688847811,0.5707090836624515,0.5347885435464196,0.2639259651015238,0.4708857688510298,0.2323890115005684,2
0.34985835694051,0.2763345195729537,0.4272181146025886,0.7492662777636871,0.0966779409837387,0.1494658276300841,0.2070481368980437,0.3201001265215019,4
0.2311614730878187,0.2603202846975089,0.4059611829944565,0.9252146816913656,0.0601760204853165,0.0938425850774721,0.2408521493442113,0.3756012467032663,4
0.5708215297450425,0.4638790035587188,0.319393099199015,0.8521685568317692,0.2647921224279939,0.1823164574747918,0.3953031010071925,0.2721767564064506,2
0.8674220963172805,0.7642348754448399,0.4059611829944565,0.1602594296894813,0.6629142177371388,0.3521397003764945,0.1224758452876018,0.0650591076627587,2
0.741643059490085,0.7923487544483986,0.5245686999383885,0.2911337367295915,0.5876399544322685,0.3890427355350428,0.2306794536755998,0.1527196457844468,2
0.4628895184135977,0.3496441281138789,0.4974584103512001,0.5976665821225406,0.1618466020787756,0.2302682839982608,0.2089706110090377,0.297314267862714,3
0.1988668555240793,0.3238434163701068,0.5541435613062227,0.7302800826116889,0.0644017218956982,0.1102007875458833,0.2364963968600131,0.4046800057294437,5
0.7028328611898018,0.8007117437722419,0.2537738755391245,0.7801369614841116,0.5627665258637202,0.1783606190403875,0.6246648268111212,0.1979783801671397,2
0.8824362606232296,0.7642348754448399,0.4152033271719055,0.1618536903510995,0.6743885657254042,0.3663904714278996,0.1236942348857602,0.0672021907488278,2
0.6475920679886686,0.7695729537366548,0.4250616142945205,0.3812819305047283,0.4983693405784683,0.2752665298235903,0.2934242614649377,0.1620683128816709,3
0.7152974504249292,0.8026690391459074,0.3107670979667283,0.5972317837602812,0.5741471172360952,0.2222909128515549,0.4793794620182612,0.1855999882526752,1
0.6569405099150142,0.7891459074733095,0.3794670363524339,0.7211493170042393,0.5184219148528625,0.2492872683573071,0.5690920321910677,0.2736523940911806,2
0.3869688385269123,0.237900355871886,0.1299291435613057,0.6731765643682741,0.0920600243968828,0.0502785297747149,0.1601489442278259,0.087465254473912,4
0.4405099150141643,0.2823843416370106,0.0359673444239092,0.468096670169209,0.1243931023358502,0.0158439718354614,0.1321831700282089,0.0168361941596609,3
0.7878186968838528,0.7946619217081848,0.4059611829944565,0.1730135149824267,0.6260495196233604,0.31982381017212,0.137487252297423,0.070236771216295,2
0.3322946175637394,0.2727758007117437,0.5834103512014828,0.6723069676437552,0.0906419303781516,0.1938641195352236,0.1833890714231096,0.3922308441082471,4
0.6433427762039661,0.6012455516014233,0.5273413431916225,0.6328852494655604,0.3868069823475446,0.3392612437360269,0.3805194409153252,0.3337465575393337,2
0.2243626062322946,0.2348754448398576,0.6243838570548377,0.4441827602449364,0.05269726694424,0.1400883894581958,0.1043276234027252,0.2773405450789976,4
0.5322946175637394,0.7074733096085409,0.5735520640788678,0.5856371607666944,0.3765842347746313,0.3052986766017543,0.4143226603573624,0.3358934023590253,3
0.661473087818697,0.7601423487544482,0.4306069008009885,0.5652016377404978,0.5028137066123617,0.2848348763088692,0.4296337004319228,0.2433797255550787,2
0.5396600566572238,0.6827402135231316,0.3582101047443018,0.9517373817891952,0.3684476223120583,0.1933116854215,0.6497893832607013,0.3409219472197752,2
0.2407932011331445,0.3496441281138789,0.6625847196549621,0.9059386209645276,0.0841919288659481,0.1595458956676254,0.316756119251832,0.6002610871963845,4
0.5257790368271955,0.7850533807829182,0.4352279728897095,0.7702815319395631,0.4127646104059763,0.2288337443862042,0.6047121208037993,0.335248069700436,2
0.446742209631728,0.3476868327402135,0.7272797288971056,0.584332765679916,0.15532638391822,0.324906553107857,0.2031648085655793,0.4249733754093852,3
0.4881019830028328,0.4715302491103202,0.6511860751694414,0.693467154607051,0.230154849636567,0.3178452145940361,0.3269907401616877,0.4515761546674857,3
0.6677053824362607,0.8250889679715302,0.402264325323479,0.6005652378709372,0.5509163449033702,0.2685940551805779,0.4955197523145081,0.2415859702248872,1
0.8781869688385271,0.9218861209964412,0.3776186075169434,0.3183811007645204,0.8095883782121723,0.33161974031233,0.2935111179823808,0.1202266279304098,1
0.4985835694050992,0.7466192170818503,0.4752772643253244,0.6904235660712343,0.3722520742391095,0.236965434904411,0.5154835023549641,0.3281426237080711,2
0.5643059490084986,0.7774021352313166,0.1354744300677737,0.8040508714083843,0.4386926496829413,0.0764490268257805,0.6250708642674787,0.1089283335495476,2
0.5801699716713881,0.5610320284697509,0.5384319162045621,0.7786876336099133,0.3254939360640367,0.312382029571372,0.4368687026284798,0.4192702746893816,2
0.7813031161473089,0.8145907473309607,0.4330714725816413,0.329251059821008,0.6364422892744447,0.3383600910425401,0.2682048668791058,0.14258924132575,1
0.5175637393767705,0.582918149466192,0.5735520640788678,0.7199898547048806,0.3016972971883095,0.2968497510119239,0.4196951537390015,0.4129516672818284,3
0.41643059490085,0.4715302491103202,0.7842729513247093,0.724917569477155,0.1963596221507566,0.3265952516847941,0.3418205621200108,0.5685332416809834,2
0.3586402266288953,0.3137010676156584,0.3964109673444227,0.8694155585347296,0.1125058219834061,0.1421689191665833,0.2727365889140086,0.3446458625830437,4
0.4407932011331446,0.2702846975088967,0.1317775723967997,0.5834631689553968,0.1191396570322502,0.05808665797434,0.1577011661286917,0.076887359987886,3
0.4311614730878188,0.3314946619217082,0.7574707332101056,0.741439907243016,0.1429277267549122,0.3265921971517793,0.2457833713867862,0.5616190301706,3
0.6827195467422097,0.7421708185053378,0.2694855206407887,0.4196891191709844,0.506694524815259,0.1839830325054676,0.3114810170929137,0.1131001407870667,2
0.1195467422096317,0.2743772241992882,0.8816235366605056,0.9785499474618646,0.0328009032895466,0.1053952216630972,0.2684918183249457,0.862712665480281,5
0.8524079320113315,0.8551601423487544,0.4284504004929168,0.4263560273922967,0.7289452884780175,0.365214519853594,0.3646026810760459,0.1826724106887985,1
0.5161473087818698,0.3930604982206406,0.3736136783733812,0.6724519004311751,0.2028771183450445,0.1928396946165157,0.2643142790128943,0.251237228049262,3
0.8334277620396602,0.7706405693950177,0.2744146642020979,0.3034530236602775,0.642273245087859,0.2287047994568193,0.233853210938196,0.0832719595888463,2
0.3396600566572239,0.3508896797153024,0.8341805298829357,0.7037573825138592,0.1191832084925347,0.2833378060423909,0.2469412025475676,0.587060706254439,4
0.3883852691218131,0.2948398576512455,0.8027572396796074,0.3153375122287039,0.114511457461716,0.3117790865724481,0.0929740672176089,0.2531394708841488,4
0.6195467422096318,0.4615658362989323,0.4604898336414074,0.5808543787818399,0.2859616101942677,0.2852949762531893,0.2681025371103367,0.2674775362551325,3
0.6073654390934845,0.7999999999999997,0.3810073937153433,0.8023116779593462,0.4858923512747874,0.2314107229817836,0.6418493423674767,0.3056866813666744,2
0.645042492917847,0.4209964412811388,0.367760320394332,0.6979600710170657,0.2715605939935277,0.237221033863426,0.2938387060545155,0.2566820193396867,2
0.1838526912181303,0.1946619217081849,0.5871072088724603,0.4269357585419761,0.0357891181837427,0.1079412403847667,0.0831081352037226,0.2506570615654262,5
0.2113314447592068,0.2964412811387901,0.2272797288971055,0.9259393456284648,0.0626473642293307,0.0480313534723061,0.274486645874915,0.2104472434496007,4
0.3883852691218131,0.3113879003558718,0.5599969192852754,0.7582521105837168,0.1209384734809916,0.2174945542039979,0.2361105326550719,0.4246188459684393,4
0.8186968838526913,0.7629893238434161,0.2845810227972905,0.0432986702416752,0.6246569818434767,0.2329855965677534,0.0330364231310148,0.0123219798631385,1
0.2736543909348443,0.0,0.3498921749845962,0.9310119931881592,0.0,0.0957495300382776,0.0,0.325753811233349,4
0.813031161473088,0.8110320284697509,0.3304836722119546,0.409543824051596,0.6593943120986361,0.2686935238663767,0.3321531583678246,0.135347546904298,1
0.6974504249291785,0.7316725978647688,0.2294362292051772,0.3585274828798144,0.510305364289819,0.1600203955532992,0.2623247348045902,0.0822591937383683,2
0.7603399433427762,0.7999999999999997,0.3557455329636489,0.3908474944744374,0.6082719546742208,0.2704875383780265,0.3126779955795498,0.1390422502293155,1
0.5543909348441927,0.4243772241992882,0.479898336414049,0.3276567991593898,0.2352708860504269,0.2660512873547574,0.1390500829172855,0.1572419528313433,2
0.5144475920679886,0.6023131672597865,0.6456407886629734,0.757962245008877,0.3098585585676408,0.3321483490685438,0.456530640454635,0.4893713416442892,3
0.4977337110481587,0.5256227758007117,0.6213031423290225,0.5695496213630926,0.2616201748107225,0.3092435187173067,0.299368252937113,0.3538629694651944,3
0.4521246458923513,0.3423487544483986,0.6179143561306262,0.3346135729555418,0.1547843093766697,0.2793743094573596,0.114554539922858,0.2067625304853919,3
0.1481586402266289,0.291459074733096,0.7701016635859546,0.8317330338055726,0.0431821801941669,0.1140972153131598,0.242416140457923,0.6405189929930645,5
0.8070821529745044,0.7855871886120996,0.4586414048059133,0.2792492481611651,0.6340333995342414,0.3701612924340077,0.2193746317849722,0.1280752674676318,1
0.3711048158640227,0.3199288256227758,0.5618453481207659,0.7304250153991088,0.1187271279223332,0.2085035144584145,0.2336840173821348,0.4103858970530281,3
0.709915014164306,0.7806049822064057,0.4866759088108452,0.338816623790717,0.5541631969997883,0.3454985346968777,0.2644819445853871,0.1648938883035694,1
0.4830028328611899,0.4638790035587188,0.4115064695009245,0.7947751730135149,0.2240548728236871,0.1987587905096533,0.3686795153107176,0.3270551254937779,2
0.5371104815864023,0.3275800711743772,0.4266019716574263,0.4631689553969346,0.1759466897865776,0.2291323904426289,0.1517249193746897,0.1975887895828428,3
0.2943342776203966,0.345373665480427,0.6693622920517583,0.6512917134678791,0.1016553083382899,0.1970162666973872,0.2249390063774293,0.4359501141211765,4
0.4067988668555242,0.2923487544483986,0.2731823783117697,0.6904235660712343,0.1189271420362324,0.111130281942125,0.201844469582747,0.1886115518218331,3
0.279886685552408,0.1850533807829181,0.6810690080098603,0.3541794992572193,0.0517939773975986,0.1906221472843461,0.0655421137415494,0.2412206802165434,4
0.2084985835694051,0.2724199288256228,0.6813770794824414,0.5079531867096633,0.0567991692962205,0.142066155948747,0.1383765709701947,0.3461076588740296,5
0.2552407932011332,0.2964412811387901,0.0,0.9881155114315736,0.0756639077354249,0.0,0.2929182281218864,0.0,4
0.6025495750708215,0.4101423487544483,0.3551293900184866,0.7418747056052755,0.2471310979605415,0.2139830630507991,0.3042742342384625,0.2634615116717458,2
0.3096317280453258,0.2450177935943061,0.3474276032039469,0.9224609587303888,0.0758652828324579,0.1075746091506838,0.2260193487850081,0.3204883999409139,4
0.7093484419263457,0.5663701067615657,0.3384935304990755,0.4185296568716257,0.4017537527849747,0.2401098584616671,0.2370426864452641,0.1416695811730432,2
0.7543909348441927,0.7836298932384341,0.2177295132470753,0.6137541215261422,0.5911632877319972,0.1642531710416321,0.4809560767261797,0.1336323861332732,1
0.3458923512747875,0.3113879003558718,1.0,0.5391137360049276,0.1077066930126117,0.3458923512747875,0.1678734943075842,0.5391137360049276,4
0.3614730878186969,0.2923487544483986,0.3295594577942111,0.7491213449762673,0.1056762069904126,0.119126874828729,0.2190046921345208,0.2468800242724488,3
0.3849858356940511,0.2727758007117437,0.5603049907578566,0.5665060328272764,0.1050148195941245,0.2157094851104609,0.1545291367124936,0.3174161574875571,4
0.423229461756374,0.3001779359430604,0.5205637707948227,0.7799920286966919,0.1270441462603207,0.2203179245233612,0.2341363972262133,0.4060355916482535,3
0.7937677053824362,0.7706405693950177,0.2593191620455961,0.5795499836950615,0.6117095964432973,0.2058391762186289,0.4466247294276354,0.1502884161353422,1
0.6923512747875354,0.7330960854092526,0.3505083179297585,0.4273705569042355,0.507560009274848,0.242674880742303,0.3133036822856673,0.1497969350332077,2
0.7184135977337112,0.6713523131672597,0.5754004929143584,0.5386789376426682,0.4823086306493402,0.4133755382523549,0.3616433508408873,0.3099561262421741,2
0.7274787535410765,0.8288256227758005,0.3492760320394339,0.5380992064929889,0.6029530309598459,0.2540908924298204,0.4459904099367156,0.1879451556874391,1
0.2801699716713881,0.281138790035587,0.6490295748613697,0.9355049095981738,0.0787666468399987,0.181838597602803,0.2630067183567818,0.6071703537572268,3
0.6390934844192635,0.8551601423487544,0.4090418977202752,0.6499873183811009,0.5465272751101388,0.2614160116875186,0.5558432477116674,0.2658720462047182,2
0.6892351274787536,0.6345195729537366,0.4071934688847811,0.515199826080655,0.4373331787525329,0.280652042435318,0.3269043736305365,0.2097860043506178,2
0.3994334277620397,0.2359430604982205,0.5941928527418376,0.4705605275553461,0.0942435454114705,0.2373404879223771,0.1110254910210655,0.2796037022558152,3
0.2104815864022663,0.285409252669039,1.0,0.8144860321026124,0.0600733922756645,0.2104815864022663,0.2324618497317775,0.8144860321026124,4
0.3478753541076488,0.290035587188612,0.3800831792975998,0.5831733033805573,0.1008962325970582,0.1322215705885135,0.1691410114787025,0.2216543632303659,4
0.2492917847025496,0.2160142348754448,0.3662199630314227,0.9995652016377404,0.0538505741332553,0.0912956281778051,0.2159203122398962,0.3660607311912698,4
0.7623229461756375,0.9163701067615658,0.0738601355514454,0.5881010181528314,0.6985699595737603,0.0563052761385097,0.5389181927912957,0.0434372209187111,1
0.4192634560906516,0.0092526690391459,0.3828558225508338,0.4972281604405956,0.0038793059994152,0.1605174553470918,0.0046006876055001,0.1903666963609221,3
0.6385269121813032,0.4715302491103202,0.5368915588416527,0.5225913982390665,0.3010847539644934,0.3428197092433669,0.2464176521945776,0.2805749104378113,2
0.7121813031161474,0.8341637010676154,0.4389248305606905,0.6083916083916083,0.5940757916385228,0.3125940577987467,0.5074981957544233,0.2670381836278326,2
0.3422096317280454,0.2870106761565836,0.7118761552680226,0.8015870140222472,0.0982178177895617,0.2436108769302468,0.230064030892862,0.5706306816549319,4
0.5430594900849859,0.3927046263345195,0.3227818853974113,0.5360701474691112,0.2132619741312391,0.1752897660925885,0.2105172269509481,0.173033732905348,3
0.6495750708215298,0.6852313167259786,0.6160659272951321,0.3549041631943185,0.4451091810914076,0.4001810683534668,0.2431914470571744,0.2186443623992107,2
0.4053824362606233,0.3649466192170818,0.3461953173136187,0.7965143664625531,0.1479429496032986,0.1403415011546143,0.2906852251983445,0.2757495438423595,3
0.5419263456090653,0.3419928825622775,0.6182224276032073,0.4128772781622521,0.1853349530712852,0.335031020964571,0.1412010905031758,0.2552499932076722,3
0.5439093484419264,0.597864768683274,0.5365834873690716,0.4440378274575165,0.3251842367909026,0.2918527749996084,0.2654745729995116,0.2382633659809403,3
0.13342776203966,0.1816725978647686,0.8766943930991964,0.6834667922750823,0.0242401681570271,0.1169753708639437,0.1241671877069143,0.5991915046570578,5
0.3209631728045326,0.3265124555160142,0.8489679605668563,0.8153556288271315,0.1047984736826187,0.2724874502329315,0.2662237684871505,0.6922108053420766,4
0.3433427762039661,0.340035587188612,0.8760782501540341,0.730135149824269,0.1167487625134838,0.3007951385797987,0.2482719343975405,0.6396555244339991,4
0.3583569405099151,0.3649466192170818,0.3788508934072716,0.7670930106163267,0.1307811539120704,0.1357638470708778,0.2799480008494815,0.2906138723984691,3
0.5671388101983003,0.6681494661921706,0.4361521873074565,0.8721692814957065,0.3789334932908571,0.247358832574937,0.5827394398605653,0.3803985398267251,2
0.2311614730878187,0.2829181494661921,0.7297443006777584,0.8692706257473097,0.0653997761938846,0.1686887675221107,0.2459324368217477,0.634345284885688,4
0.3762039660056658,0.3161921708185053,0.5790973505853394,0.33620783361716,0.1189527486818626,0.2178587199935781,0.1063062847575966,0.1946970656937339,4
0.6747875354107649,0.8224199288256228,0.4075015403573623,0.8175296206384288,0.5549587168449386,0.2749769600938348,0.672352652418295,0.3331445796979298,1
0.6334277620396601,0.8224199288256228,0.4081176833025282,0.8521685568317692,0.5209436149728308,0.2585130707831312,0.7008404038570173,0.3477850571974404,2
0.4756373937677055,0.3238434163701068,0.5233364140480603,0.289829341642813,0.1540320385511074,0.2489183680415562,0.0938593241619074,0.1516782483412599,3
0.8283286118980171,0.7788256227758005,0.106823783117683,0.3960650748215515,0.6451235470244875,0.0884851959875651,0.3084656285576388,0.0423091696532263,1
0.2373937677053824,0.2096085409252669,0.4876001232285922,0.6133193231638827,0.0497597612734769,0.1157532303868442,0.1285569684496537,0.299054577553186,4
0.3243626062322947,0.2921708185053381,0.3961028958718415,0.4424435667958983,0.0947692881554142,0.1284809676411497,0.1292690990531788,0.1752531780677218,4
0.2223796033994334,0.29288256227758,1.0,0.6091162723287076,0.0651311080418981,0.2223796033994334,0.1783995345646001,0.6091162723287076,4
0.6172804532577905,0.6597864768683274,0.4500154035736301,0.6805681365266858,0.4072732954946418,0.2777857122909179,0.4490296530677848,0.3062661446184099,2
0.3994334277620397,0.8145907473309607,0.7020178681454148,0.6012899018080367,0.3253747744296472,0.2804094034235226,0.4898051904763685,0.4221162550046436,3
0.1977337110481586,0.2724199288256228,0.6958564386937773,0.5092575817964418,0.0538666034901656,0.137594275979676,0.1387319141868954,0.3543701672466769,5
0.8235127478753541,0.755693950177936,0.3714571780653131,0.3453385992246095,0.6223236014638129,0.3058997214265907,0.2609702901969603,0.1282785015450015,1
0.5430594900849859,0.6176156583629894,0.5960412815773282,0.5220116670893873,0.3354020444991079,0.3236858744429853,0.3224025794425735,0.3111405030502759,2
0.3509915014164306,0.3113879003558718,1.0,0.5569404688575672,0.1092945066688173,0.3509915014164306,0.1734245232207726,0.5569404688575672,4
0.676487252124646,0.5686832740213522,0.4752772643253244,0.1886662560237688,0.3847069853719516,0.3215190105407577,0.1072913441729475,0.0896687820334781,2
0.6186968838526912,0.6149466192170819,0.4090418977202752,0.8459364469727164,0.380465557045356,0.2530729474847255,0.5202057581383822,0.3460234496204669,2
0.3872521246458924,0.349288256227758,0.4629544054220602,0.5621580492046814,0.1352626193380581,0.1792800771138686,0.1963552047311013,0.2602535454227785,3
0.2501416430594901,0.2535587188612099,0.6598120764017281,0.5166491539548534,0.0634255945480023,0.165046476901622,0.1310008975775206,0.3408913510421479,4
0.3589235127478754,0.2412811387900356,0.5757085643869395,0.8534729519185478,0.0866014738943272,0.2066353402487967,0.2059269257654005,0.4913516878921106,4
0.2453257790368272,0.3163701067615658,0.4139710412815809,0.8072393927316206,0.0776137429052453,0.1015577682010903,0.2553864128606443,0.33417373197262,4
0.6470254957507082,0.6850533807829181,0.6610443622920528,0.3621508025653103,0.4432470033167663,0.4277125562252262,0.2480926316506129,0.2393977463353406,2
0.4076487252124646,0.3629893238434163,0.5489063462723358,0.8504293633827313,0.1479721351305031,0.2237609723189493,0.3086967795908846,0.4668060746171236,3
0.7592067988668556,0.4889679715302492,0.2799599507085659,0.2111308380738431,0.3712278084139002,0.212547497988373,0.1032362176204485,0.0591081790202113,2
0.6039660056657223,0.6425266903914589,0.3711491065927319,0.7875285336425233,0.3880642787293457,0.2241614434152137,0.5060081023101692,0.2922905116777067,2
0.3325779036827196,0.3137010676156584,0.3286352433764641,0.9621725424834232,0.1043300434506467,0.1092968203184047,0.3018345538075223,0.316203807669191,4
0.4787535410764873,0.5256227758007117,0.6225354282193472,0.632305518315881,0.2516437651850433,0.2980410407055798,0.3323541816913011,0.3936325866102332,3
0.3552407932011332,0.435409252669039,0.291974738139249,0.8705750208340883,0.154675128285262,0.1037213375712799,0.3790564192137035,0.2541859137386042,3
0.7926345609065156,0.7825622775800712,0.3668361059765885,0.4923004456683212,0.6202859072716825,0.2907669757854093,0.3852557580158856,0.180593578459506,1
0.7883852691218131,0.5131672597864769,0.4956099815157131,0.1217073082358055,0.404573508211265,0.3907316086567223,0.0624562058633564,0.0603193567850747,2
0.3767705382436261,0.3496441281138789,0.6191466420209508,0.7714409942389218,0.1317356063431895,0.2332762135659673,0.2697298138219717,0.4776351011003321,3
0.6575070821529745,0.6215302491103202,0.6339340727048715,0.3418602123265335,0.4086605405623379,0.4168161424215316,0.2124764629282173,0.2167168366959115,2
0.6175637393767706,0.4234875444839856,0.1687461491065924,0.4995470850393129,0.2615305515510166,0.1042115028476973,0.2115519683974313,0.0842966468978075,2
0.4033994334277621,0.2298932384341637,0.5381238447319809,0.6192615674480959,0.092738802133215,0.2170788540788501,0.142364047178459,0.3332394155699223,4
0.5036827195467423,0.6140569395017793,0.6582717190388188,0.7778180368853944,0.3092898692448056,0.3315600896461813,0.4776245632191274,0.512015616239948,2
0.6067988668555241,0.5610320284697509,0.4916050523721509,0.6415812167107504,0.3404335991451009,0.2983053887198717,0.3599476114393231,0.3154045676420767,2
0.2152974504249292,0.3227758007117437,0.7420671595810262,0.8344867567665495,0.0694928069521034,0.159765167501864,0.2693521310986691,0.6192452173017361,4
0.1365439093484419,0.2492882562277579,0.7214263709180564,0.652451175767238,0.0340387930599941,0.0985063769922105,0.1626484158807651,0.4706954839349774,5
0.7388101983002834,0.7921708185053379,0.341266173752313,0.7892677270915613,0.5852638795076265,0.2521309295031253,0.6252348613899698,0.2693503772907219,1
0.5872521246458924,0.4731316725978648,0.3197011706715962,0.6973803398673866,0.2778475799703608,0.1877451917286739,0.329952726638324,0.2229533110589591,2
0.3453257790368272,0.2747330960854092,0.9013401109057356,0.3428747418384723,0.0948724204328934,0.3112559759756634,0.0941990393947688,0.3090467578354641,4
0.143342776203966,0.2578291814946619,0.4851355514479358,0.7562230515598392,0.036957950661841,0.069540676779789,0.1949763704110688,0.3668706871361233,5
0.8118980169971671,0.7946619217081848,0.392406038200864,0.4473712815681727,0.6451844384180333,0.3185936842729961,0.3555089223280175,0.1755511922050098,2
0.7229461756373938,0.7754448398576511,0.3119993838570565,0.444472625819776,0.5606048813928401,0.2255587613606822,0.3446640041499259,0.1386751853970981,1
0.3368271954674221,0.154270462633452,0.6749075785582299,0.5494039639117358,0.0519624872722873,0.2273272268854774,0.0847568036853158,0.3707968989339628,4
0.5728045325779038,0.6062277580071175,0.3070702402957508,0.7375267219826804,0.3472500075610175,0.1758912254611921,0.447109171137899,0.226472507743759,2
0.8076487252124647,0.8693950177935942,0.3511244608749209,0.3185260335519402,0.7021657778270644,0.2835852232165438,0.276924946607612,0.1118422818055519,1
0.4339943342776204,0.3279359430604982,0.5908040665434413,0.4025870502554439,0.1423223412942445,0.2564056175480317,0.1320227639894632,0.237850066428645,4
0.6937677053824364,0.8288256227758005,0.2996765249537887,0.7820210877205696,0.5750124504753359,0.2079058950741724,0.64815911505381,0.2343533620086822,1
0.4458923512747876,0.4167259786476868,0.6129852125693169,0.8711547519837675,0.185814926456504,0.2733254177292082,0.3630328165740183,0.5340049808255403,3
0.6099150141643059,0.6010676156583629,0.6333179297597056,0.6920178267328525,0.3666001633179759,0.3862701140998997,0.4159495051073977,0.4382672973832608,2
0.6076487252124647,0.5843416370106761,0.6102125693160829,0.3886735026631398,0.3550744508181021,0.3707948898535405,0.2271181108088525,0.2371734566851559,2
0.1773371104815864,0.2813167259786476,0.6927757239679622,0.8010072828725678,0.0498878953151935,0.1228548451002675,0.2253367463027632,0.5549184002956534,5
0.6413597733711048,0.7699288256227758,0.507316697473815,0.2056233921518895,0.4938013771133043,0.3253725221191834,0.1583153768400757,0.1043161802298597,2
0.4702549575070822,0.4329181494661921,0.300292667898951,0.7157868038697053,0.2035819059812688,0.1412141157825095,0.309877098543593,0.2149455289808969,3
0.464872521246459,0.5843416370106761,0.6216112138016037,0.7356425957462227,0.2716443700664361,0.2889699721950232,0.4298665986531308,0.4572836868659719,3
0.4172804532577904,0.3113879003558718,0.5526032039433169,0.6788289430776477,0.1299360841994898,0.2305905154131744,0.2113791192857443,0.3751230488741636,4
0.7988668555240794,0.708540925266904,0.4916050523721509,0.1853328019131127,0.5660298609780934,0.3927269823482905,0.1313158749498247,0.0911105417907732,2
0.7756373937677055,0.7500000000000001,0.4487831176833055,0.3534548353201201,0.5817280453257792,0.3480929677668245,0.2650911264900901,0.1586245629552028,2
0.3617563739376771,0.294661921708185,1.0,0.4463567520562338,0.1065958283346607,0.3617563739376771,0.1315243383283137,0.4463567520562338,3
0.4985835694050992,0.6955516014234876,0.3859365372766525,0.4766477046269791,0.3467906001431553,0.1924216163192375,0.3315330742681248,0.1839557646246009,3
0.4855524079320114,0.7138790035587189,0.6548829328404189,0.5896952788144496,0.3466256691500409,0.317979984954243,0.4209710780433402,0.3861813736721552,3
0.2705382436260624,0.2738434163701068,0.598505853357981,0.7830356172325084,0.0740851168933292,0.1619187223673858,0.2144291485624253,0.4686514003014358,4
0.6226628895184136,0.5895017793594305,0.4339956869993848,0.6410014855610711,0.3670608813121893,0.270233008505566,0.3778715163102897,0.2781918800937032,2
0.4175637393767706,0.2948398576512455,0.7947473813924866,0.1676510018478929,0.1231144334781688,0.3318576884341431,0.0494301975199214,0.1332401947064398,4
0.5558073654390935,0.6010676156583629,0.5852587800369697,0.4817203521866734,0.3340778079098322,0.3252911406324461,0.2895465035029506,0.2819310656397519,2
0.4864022662889519,0.6181494661921708,0.4059611829944565,0.7852096090438059,0.3006693012611777,0.1974604394338475,0.4853769006793917,0.3187646217860381,3
0.4127478753541077,0.5362989323843416,0.7050985828712264,0.7431791006920541,0.2213562448963132,0.2910279419952909,0.3985661582715036,0.5240145307174798,3
0.6076487252124647,0.6023131672597865,0.6407116451016677,0.5217218015145475,0.3659948282640913,0.3893276143748094,0.3142399106987087,0.3342732337337915,2
0.5875354107648726,0.7914590747330962,0.2975200246457206,0.6540454364288562,0.4650102325768956,0.1748035498909984,0.5176501959493865,0.1945916143657343,2
0.2322946175637394,0.2743772241992882,0.8255545286506489,0.8253559911591,0.063736352363574,0.1917718735109156,0.2264588858304861,0.68137637625034,4
0.6096317280453257,0.5131672597864769,0.4792821934688867,0.7002789956157831,0.3128430433599145,0.2921856318257915,0.3593602532661777,0.3356312530589214,2
0.5405099150141643,0.7699288256227758,0.4832871226124489,0.5559259393456284,0.4161541641043219,0.2612214815706947,0.4280234056136181,0.2686718476119715,3
0.3504249291784703,0.5064056939501779,0.6157578558225509,0.4841842095728105,0.1774571794380652,0.2157769030177041,0.2451936406484374,0.2981402307096904,4
0.2019830028328612,0.2973309608540925,0.6773721503388792,0.7937606435015763,0.0600558003084895,0.1368176609607991,0.2360096148204864,0.5376713539430352,4
0.7592067988668556,0.7914590747330962,0.2189617991374,0.523171129388746,0.6008811105622374,0.1662372865972329,0.4140685379930858,0.1145544917477053,1
0.7586402266288953,0.8846975088967971,0.2670209488601394,0.4222979093445413,0.6711671186474852,0.2025728331579188,0.3736059084094411,0.1127623884548325,2
0.3427762039660057,0.2647686832740213,0.6197627849661131,0.7937606435015763,0.0907564041817467,0.2124399347900841,0.2101629604146521,0.491943307013031,4
0.8611898016997168,0.827224199288256,0.3492760320394339,0.3902677633247581,0.7123970441462601,0.300792956770504,0.3228389380243416,0.1363111758069764,1
0.38328611898017,0.3227758007117437,0.7476124460874942,0.6996992644661038,0.123715483955521,0.2865494729621472,0.2258459903454647,0.5231038786331244,3
0.7135977337110482,0.7825622775800712,0.3686845348120791,0.6266531396065076,0.558434667768895,0.2630924484962116,0.4903951081831709,0.2310373212643541,2
0.6181303116147309,0.7158362989323844,0.4986906962415318,0.6636110003985651,0.4424801145242104,0.3082558354671451,0.4750368424561259,0.3309366318222999,2
0.1410764872521246,0.2338078291814946,0.48359519408503,0.5985361788470596,0.03298478723297,0.0682239112335254,0.1399424446628178,0.289449219576456,5
0.2039660056657224,0.2741992882562277,0.7842729513247093,0.8570962716040436,0.0559273335820067,0.1599650212333684,0.2350151876408951,0.6721974225003079,4
0.456373937677054,0.3352313167259787,0.6795286506469544,0.3280915975216492,0.1529908360468985,0.3101191660601258,0.1099865782439123,0.2229476405524899,3
0.2050991501416431,0.2724199288256228,0.574784349969196,0.6423058806478497,0.0558730958837821,0.1178877816933988,0.1749769222903661,0.3691873680895662,5
0.6334277620396601,0.8508896797153026,0.456176833025264,0.7962245008877131,0.5389771455647073,0.2889550704375327,0.6774992105418229,0.3632191711920784,2
0.711331444759207,0.6827402135231316,0.4121226124460868,0.5425921229030036,0.4856545824806186,0.2931557733292136,0.3704494618467659,0.223614483183454,2
0.3903682719546743,0.4873665480427046,0.8437307455329659,0.4169353962100075,0.1902524371679453,0.3293657131287329,0.2032003648076887,0.3517812126833521,3
0.2368271954674221,0.2864768683274021,0.6909272951324752,0.7518750679372441,0.0678455132922686,0.1636303735781159,0.2153948148361144,0.5194910069674261,5
0.2507082152974504,0.2160142348754448,0.3853203943314867,0.9376789014094712,0.054156543304467,0.0966029883805568,0.2025519904468145,0.3613068040474126,4
0.8688385269121813,0.7923487544483986,0.5258009858287132,0.2206964020435522,0.6884231246156484,0.4568361539763919,0.1748685192704516,0.1160423857633497,1
0.7716713881019831,0.7629893238434161,0.3378773875539131,0.1667814051233739,0.5887770306372424,0.2607303126619998,0.1272524315247379,0.0563516654556563,1
0.8810198300283286,0.8597864768683275,0.5415126309303773,0.282002971122142,0.7574889357111895,0.477083366060474,0.2424623410075072,0.1527081708225343,1
0.1215297450424929,0.2617437722419928,0.7177295132470753,0.5228812638139062,0.0318096539070297,0.0872254847543896,0.1368609144253124,0.3752873149631704,5
0.660056657223796,0.6734875444839857,0.4712723351817658,0.759701438457915,0.4445399372939622,0.3110664422021287,0.511649456327973,0.3580262709430081,2
0.1722379603399433,0.8145907473309607,0.6619685767097963,0.8018768795970868,0.1403034488320747,0.1140161174616306,0.6532014866184097,0.5308172966833762,4
0.5951841359773371,0.793238434163701,0.2383703019100451,0.6131743903764628,0.4721229320617381,0.1418742221849872,0.4863934932915073,0.1461625645575452,2
0.3490084985835694,0.3211743772241991,0.5652341343191623,0.3546142976194789,0.1120925871785306,0.1972715165669144,0.1138930261927329,0.2004401055321439,3
0.2127478753541077,0.1946619217081849,0.9546364756623582,0.6646255299105039,0.0414139102557639,0.2030968819327,0.1293772828686994,0.6344757735089908,4
0.2847025495750708,0.2702846975088967,0.7057147258163923,0.8737635421573247,0.0769507424919096,0.2009187817125989,0.2361649146862946,0.6166277985819161,4
0.2334277620396601,0.2686832740213523,0.67151879235983,0.5249103228377838,0.062718135352293,0.1567511288681303,0.1410346241076607,0.3524871460892371,4
0.26657223796034,0.2644128113879003,0.434303758471966,0.7320192760607269,0.0704851148770578,0.1157733248504589,0.1935552747733523,0.3179187228671014,4
0.8461756373937678,0.8083629893238434,0.2198860135551434,0.3382368926410376,0.6840170677366347,0.1860621876739981,0.2734181856349171,0.0743735619601167,1
0.2396600566572238,0.302135231316726,0.7941312384473243,0.8930396028841625,0.0724097466555099,0.190321537599557,0.2698187269924035,0.7091906458209066,4
0.213314447592068,0.2741992882562277,0.4691158348736906,0.8644878437624552,0.0584906697045154,0.100069185172773,0.2370419514658261,0.4055449365647807,4
0.7654390934844193,0.7309608540925266,0.3560536044362301,0.671437370919236,0.5595060135291805,0.272537348211528,0.4907944341167654,0.2390676960689799,1
0.6288951841359774,0.7439501779359431,0.3243222427603243,0.8073843255190405,0.4678666841410181,0.2039646965801473,0.6006537126325816,0.2618526952218669,2
0.2229461756373938,0.286832740213523,0.6570394331484941,0.5779557230334433,0.063948262478199,0.1464844288634178,0.1657766237597705,0.3797397006468216,4
0.3696883852691218,0.344306049822064,0.6588878619839811,0.2651907677814412,0.1272859475971086,0.2435831897702819,0.0913067857041082,0.1747309780014042,4
0.1963172804532578,0.1946619217081849,0.5627695625385094,0.4465016848436537,0.0382154990775558,0.1104813900394297,0.0869168760176079,0.2512775578521704,2
0.4175637393767706,0.3704626334519573,0.402264325323479,0.94753433095402,0.1546917625235652,0.1679709958999456,0.3510260635313647,0.3811592583620529,3
0.7320113314447593,0.4101423487544483,0.3582101047443018,0.3925866879234754,0.3002288467936245,0.262213855710843,0.1610164262746638,0.1406285186022866,2
0.2348441926345609,0.2813167259786476,0.685998151571166,0.7783977680350738,0.0660655993870535,0.1611026820545316,0.2189763116127137,0.5339794300591818,4
0.763172804532578,0.702491103202847,0.3911737523105394,0.3924417551360556,0.5361221053905014,0.2985331696103663,0.2756868415083893,0.1535129139199047,2
0.479886685552408,0.6713523131672597,0.6554990757855848,0.8214428058987644,0.3221730364037785,0.3145652788614109,0.5514775278747398,0.5384550000773576,3
0.4677053824362607,0.3494661921708185,0.7935150955021584,0.2205514692561324,0.1634472190577964,0.3711312812107829,0.0770752821386199,0.1750109201899212,4
0.7594900849858358,0.7629893238434161,0.4078096118299434,0.552882350809812,0.5794828264091215,0.3097273567467644,0.4218433310093368,0.225470736871376,1
0.2733711048158641,0.2444839857651245,0.4084257547751093,0.9998550672125804,0.066834857298398,0.1116517998181248,0.2444485520195881,0.4083665604920158,4
0.3430594900849859,0.3211743772241991,0.5609211337030224,0.4417189028587992,0.1101819180788966,0.192429318106051,0.1418687935338313,0.2477694677696129,3
0.5971671388101983,0.8793594306049822,0.3967190388170074,0.7305699481865284,0.5251245551601424,0.2369075733218843,0.642433573654417,0.2898310076331504,2
0.5473087818696883,0.3927046263345195,0.3098428835489848,0.4796912931627958,0.214930690673737,0.1695797311661865,0.1883769900374181,0.148628933486902,2
0.6507082152974505,0.7754448398576511,0.3197011706715962,0.5709989492372911,0.5045883278053894,0.20803217819622,0.4427781887501982,0.1825490325234133,2
0.4311614730878188,0.3998220640569394,0.247304374614913,0.7031776513641799,0.1723878701118022,0.1066281184600276,0.2811459399671373,0.1738989093138018,3
0.6685552407932012,0.7074733096085409,0.5883394947627849,0.3221493532374361,0.472984988860101,0.393337452589284,0.2279120691231398,0.189533187721871,2
0.5569405099150142,0.6329181494661921,0.2941312384473207,0.8212978731113445,0.3524977568981682,0.1638136019227854,0.5198143300101515,0.2415693605523902,2
0.2546742209631729,0.2852313167259787,0.7032501540357394,0.6220152904090728,0.0726410633814886,0.1790996851212832,0.1774182403070718,0.4374323487927656,4
0.2793201133144476,0.1925266903914591,0.5889556377079508,0.4388202471104024,0.0537765769761979,0.1645071554617675,0.084484609852928,0.2584456584760676,4
0.5042492917847026,0.5567615658362989,0.7309765865680866,0.4721547882169643,0.2807466252658958,0.368594426088157,0.2628776392047831,0.3451340954226144,3
0.5572237960339944,0.3927046263345195,0.3070702402957508,0.4692561324685677,0.2188243626062323,0.1711068449466691,0.1842790541562506,0.1440945933573777,2
0.5572237960339944,0.7393238434163699,0.35944239063463,0.77289032211312,0.4119688385269121,0.2002898533649624,0.5714162434839881,0.2778095450787091,2
0.3501416430594901,0.3161921708185053,0.5553758471965544,0.2530164136381752,0.1107120462129384,0.1944602116529578,0.0800018090809674,0.1405192050789354,4
0.6328611898016997,0.6987544483985765,0.7334411583487395,0.3898329649624986,0.4422145715927534,0.4641664441221201,0.2723975183999523,0.2859195413846185,2
0.764872521246459,0.7806049822064057,0.4999229821318565,0.1161998623138518,0.5970633008377608,0.3823773517722415,0.090706191453891,0.0580909816912519,1
0.4169971671388103,0.3704626334519573,0.4093499691928564,0.9313018587629986,0.1544818686802496,0.1706977775217803,0.3450125391360432,0.3812283871938833,3
0.574787535410765,0.7608540925266903,0.4866759088108452,0.7044820464509582,0.4373294486506104,0.2797352461691799,0.5360080481537896,0.3428544401974441,2
0.4082152974504249,0.4540925266903914,0.5365834873690716,0.9989854704880612,0.1853675158529331,0.2190415879033518,0.4536318364209131,0.5360391075855166,3
0.2575070821529746,0.2724199288256228,0.6083641404805924,0.4917207145186419,0.0701500609922071,0.1566580747016596,0.1339545220512528,0.2991452498446363,5
0.3424929178470255,0.2640569395017794,0.4996149106592753,0.8514438928946699,0.0904376316877199,0.1711145685515761,0.2248296685152473,0.4253940644799561,3
0.8158640226628896,0.9218861209964412,0.3874768946395583,0.6091162723287076,0.7521337191132439,0.3161284579495547,0.5615358375329241,0.2360184816763511,1
0.1158640226628895,0.3649466192170818,0.5033117683302528,0.8092684517554984,0.0422841833597128,0.0583157261323154,0.2953397855072112,0.4073143355069458,5
0.1093484419263456,0.3649466192170818,0.3696087492298225,0.9004311750425742,0.0399063441976752,0.0404161408506264,0.3286093131694518,0.3328072403750252,4
0.4535410764872522,0.7220640569395017,0.5091651263093055,0.8256458567339395,0.3274857096770941,0.2309272994960902,0.5961691969085989,0.4203900769306911,3
0.213314447592068,0.2870106761565836,0.7291281577325961,0.9627522736331028,0.0612235238373675,0.1555335701905509,0.276320181026725,0.7019697916269725,4
0.7155807365439094,0.7396797153024911,0.6286968576709846,0.350990977933983,0.5293005554827458,0.4498833604750445,0.2596209066319515,0.220666924897961,2
0.671671388101983,0.8295373665480427,0.3073783117683319,0.8083988550309793,0.5571765144717873,0.2064572173378795,0.6705970573228515,0.2484842752948749,1
0.8940509915014164,0.9553380782918148,0.316620455945781,0.4562121816007826,0.8541209561158548,0.283074832567956,0.435836868863808,0.1444461089464592,1
0.5790368271954675,0.7327402135231317,0.2380622304374604,0.8404290010507627,0.4242835683969635,0.1378467985875833,0.6158161256809681,0.2000744025144713,2
0.751558073654391,0.6834519572953736,0.51717498459643,0.4343273307003876,0.513653836460234,0.3886870351655322,0.2968418642740549,0.2246232305647815,2
0.8798866855524079,0.8177935943060496,0.2294362292051772,0.3409906156020145,0.7195656951599405,0.2018778832609859,0.2788599411578039,0.0782356010380782,1
0.2274787535410765,0.2733096085409252,0.7793438077634036,0.6757853545418313,0.0621721290816892,0.1772841579699754,0.1846986307075182,0.5266691314393726,4
0.3963172804532578,0.5064056939501779,0.5840264941466451,0.5408529294539657,0.2006973274323792,0.2314597918728488,0.2738910030651221,0.3158724402379423,3
0.5708215297450425,0.827224199288256,0.3840881084411585,0.6495525200188412,0.4721973828798402,0.2192457616172618,0.5373255632682548,0.2494853987472244,2
0.1838526912181303,0.2667259786476869,0.4762014787430715,0.971158375303453,0.0490382889921667,0.0875509234289669,0.259033168074711,0.4624670544132231,5
0.1864022662889519,0.1946619217081849,0.5692390634627245,0.4502699373165693,0.0362854233665681,0.1061074514896523,0.0876504112854673,0.2563112374235035,4
0.3042492917847026,0.2530249110320284,0.4241373998767699,0.6628863364614661,0.076982649985382,0.1290435035319124,0.1677267563075097,0.2811548871606039,4
0.6390934844192635,0.7161921708185052,0.5418207024029584,0.5001268161889924,0.4577137499621948,0.3462740806291995,0.3581869101709419,0.2709790628380751,2
0.8957507082152976,0.7921708185053379,0.3064540973505885,0.1982318199934779,0.7095875717036484,0.2745064747372693,0.1570334630980361,0.0607489534622656,2
0.3181303116147309,0.2790035587188612,0.9044208256315472,0.5592593934562846,0.0887594890768501,0.2877236790890163,0.1560353610212552,0.5058058423719313,3
0.3317280453257791,0.249644128113879,0.4928373382624791,0.7662234138918076,0.0828139586462754,0.1634879668853719,0.1912831761014601,0.3776235078168283,4
0.2733711048158641,0.241103202846975,0.4752772643253244,0.6696981774701982,0.0659106489369209,0.1299270708424754,0.1614663755288466,0.3182923177116914,4
0.5082152974504249,0.5686832740213522,0.4266019716574263,0.6975252726548065,0.289013539261843,0.2168056479188166,0.3966709557659717,0.2975656565954243,2
0.1524079320113314,0.2492882562277579,0.7010936537276642,0.5740425377731075,0.0379935076063834,0.1068522339109017,0.1431020632420148,0.4024575802024486,5
0.7067988668555242,0.8117437722419928,0.3304836722119546,0.8601398601398602,0.5737395783976692,0.233585485033662,0.6982131747256303,0.2842621795948981,2
0.7892351274787537,0.8295373665480427,0.2540819470117057,0.5302728359723178,0.6547000292359341,0.2005303978398335,0.4398811319044386,0.1347327546112653,1
0.8796033994334278,0.7309608540925266,0.4333795440542225,0.2004058118047754,0.6429556521125482,0.3812021201950031,0.1464888033619248,0.0868517793457698,1
0.2325779036827195,0.4873665480427046,0.7707178065311169,0.6162179789122795,0.1133506900688556,0.1792519317739509,0.3003240292243297,0.47493016905231,4
0.4419263456090652,0.2702846975088967,0.2155730129390001,0.6624515380992064,0.1194459286441583,0.095267393820068,0.1790505135894473,0.1428066739941207,3
0.7002832861189803,0.7161921708185052,0.5353512014787434,0.2860610891698973,0.5015374068734688,0.3748974985992787,0.2048747124392947,0.1531431477834224,2
0.7934844192634561,0.7898576512455516,0.4059611829944565,0.490706185006703,0.626739739699374,0.3221238735318619,0.3875880347410595,0.1992076633680177,2
0.8144475920679887,0.7790035587188612,0.3258626001232301,0.5773759918837638,0.6344575726109705,0.2653980100153786,0.4497779523962842,0.1881452419639722,1
0.3430594900849859,0.3227758007117437,0.746380160197166,0.8301387731439545,0.1107313016039438,0.2560527971667898,0.2679487072034044,0.6195991104850636,3
0.5135977337110482,0.2341637010676157,0.6619685767097963,0.3585274828798144,0.1202659461857187,0.3399855607860795,0.0839541223255935,0.2373339275532965,3
0.5444759206798867,0.3455516014234875,0.341266173752313,0.081995724482771,0.1881445263274626,0.1858112141506928,0.0283337539049005,0.0279823671582841,3
0.8362606232294618,0.708540925266904,0.4638786198398037,0.0790970687343742,0.5925248757472807,0.3879234237300568,0.0560435102669534,0.0366914390778755,2
0.2801699716713881,0.281138790035587,0.6983210104744337,0.8163701583390701,0.0787666468399987,0.1956485777221571,0.2295133185366067,0.570088433892513,3
0.4286118980169973,0.448932384341637,0.6727510782501547,0.9139099242726184,0.1924177613339651,0.2883491165417802,0.4102837613771915,0.6148338869779213,3
0.6869688385269122,0.755693950177936,0.380391250770181,0.5102721113083808,0.5191381952355508,0.2613169357273906,0.3856095474602657,0.1941030466537359,1
0.3847025495750709,0.301067615658363,0.3215495995070867,0.7273814268632921,0.1158214793382597,0.1237009507452192,0.2189909918599092,0.2338892064967848,4
0.2597733711048159,0.2160142348754448,0.4376925446703659,0.961592811333744,0.0561147460002217,0.1137008678364661,0.2077177354019866,0.4208820045293974,4
0.7535410764872522,0.8683274021352311,0.4121226124460868,0.5931736657125257,0.6543203653483611,0.3105513170273629,0.5150689481631895,0.2444602807476678,2
0.0869688385269121,0.2653024911032029,0.4851355514479358,0.6282474002681258,0.0230730495095419,0.0421916754375399,0.1666756003202448,0.3047851489748092,5
0.135127478753541,0.2724199288256228,0.7168052988293283,0.5783905213957026,0.0368114181444255,0.0968600927879856,0.1575651046720321,0.4145933905290976,5
0.3393767705382436,0.2604982206405694,0.5886475662353661,0.5653465705279177,0.0884070448519552,0.1997733100141553,0.1472717756677707,0.3327898828207695,3
0.718130311614731,0.8177935943060496,0.3357208872458415,0.839269538751404,0.5872823687155343,0.2410913453734301,0.686349252687091,0.2817603141880295,1
0.1654390934844193,0.2784697508896796,0.8440388170055471,0.9566650965614696,0.0460697831500206,0.1396370167510593,0.2664022911243237,0.8074624763722402,4
0.4104815864022664,0.281138790035587,0.3378773875539131,0.6586832856262907,0.1154022965330214,0.1386924460525836,0.1851814219376403,0.222554187772839,3
0.6014164305949009,0.6850533807829181,0.7060227972889734,0.41476140439871,0.4120023590374321,0.4246137106641617,0.2841337023016074,0.2928310069410804,2
0.6779036827195467,0.7120996441281137,0.3908656808379547,0.3359179680423203,0.4827349712177269,0.2649692844887324,0.2392070654991753,0.1312988052845638,3
0.6373937677053825,0.332562277580071,0.2848890942698716,0.6107105329903257,0.2119731231034447,0.1815865331748473,0.2030992857934018,0.1739847706046844,2
0.6124645892351275,0.7806049822064057,0.4983826247689507,0.4683865357440485,0.4780929097819403,0.30524170956104,0.365624863400203,0.2334357110905548,2
0.3711048158640227,0.3832740213523131,0.6986290819470149,0.970143845791514,0.1422348351194136,0.2592646168131982,0.3718309330667119,0.6777707043418718,3
0.834844192634561,0.8846975088967971,0.2611675908810866,0.2662052972933801,0.7385845775407539,0.218034246551434,0.2355111633705846,0.0695241961738955,2
0.6807365439093485,0.755693950177936,0.380391250770181,0.4114279502880538,0.5144284878973315,0.2589462253826473,0.3109136129667908,0.1565035926118846,1
0.6447592067988669,0.4352313167259786,0.6132932840419016,0.4940396391173592,0.2806193985462684,0.3954264913539286,0.2150215226478755,0.3029911927211611,3
0.3288951841359774,0.4035587188612098,0.45340418977203,0.9878256458567338,0.1327285191495367,0.1491224544830954,0.3986456521001906,0.4478842865957047,3
0.6657223796033994,0.7158362989323844,0.4389248305606905,0.7036124497264393,0.4765482443317573,0.2922020826678818,0.5036713318949227,0.3088329752765697,2
0.5940509915014165,0.6149466192170819,0.4426216882316716,0.8350664879162288,0.3653096488663515,0.2629398527540553,0.5135213135655672,0.369618538667174,2
0.5206798866855524,0.596085409252669,0.5356592729513245,0.5866516902786332,0.3103696833445908,0.2789070095423611,0.349694512888509,0.3142454178903183,3
0.4580736543909349,0.253914590747331,0.2620918052988301,0.7385412514946195,0.1163115844868085,0.1200573510391525,0.1875263996232779,0.1935656098918821,4
0.5920679886685553,0.8873665480427045,0.4179759704251395,0.6623066053117865,0.525381327311403,0.2474701921213999,0.587708726101402,0.2768282460741738,2
0.3362606232294618,0.2907473309608541,0.6863062230437507,0.7668031450414869,0.0977668787111993,0.2307777582869496,0.222945967793201,0.5262617702914922,3
0.653257790368272,0.7186832740213523,0.2938231669747395,0.501286278488351,0.469485447561824,0.1919422728169261,0.3602660638459874,0.1472895219064285,2
0.1620396600566572,0.291459074733096,0.7867375231053657,0.8650675749121344,0.0472279293901787,0.1274826807978099,0.2521317949654939,0.680581121205138,5
0.6560906515580737,0.7695729537366548,0.4339956869993848,0.3460632631617086,0.5049096206385532,0.2847405130568202,0.2663209276111014,0.1501899636411146,3
0.3325779036827196,0.2731316725978647,0.6844577942082566,0.6417261494981701,0.0908375591019527,0.2276355383570802,0.1752757365622225,0.4392344647712754,4
0.1940509915014164,0.2624555160142349,1.0,0.6398420232617124,0.0509297531075781,0.1940509915014164,0.1679300683827448,0.6398420232617124,4
0.4257790368271955,0.3496441281138789,0.5923444239063471,0.6460741331207651,0.1488711401006119,0.2522078382808044,0.22589602697194,0.3826984101842122,3
0.6016997167138811,0.7706405693950177,0.3012168823167016,0.6560744954527338,0.4636942122932062,0.1812421127593978,0.5055976227412436,0.1976207140877754,2
0.4501416430594901,0.4345195729537366,0.2550061614294527,0.9989854704880612,0.1955953545109029,0.1147888924961474,0.43407874002346,0.2547474501529563,3
0.4980169971671389,0.7695729537366548,0.4367683302526224,0.9470995325917606,0.3832604115209743,0.2175180522901162,0.7288621847792464,0.4136630814331424,2
0.8,0.5612099644128113,0.3113832409118906,0.1564911772165657,0.4489679715302491,0.2491065927295125,0.0878244079966277,0.0487287299358112,2
0.5101983002832862,0.68576512455516,0.5014633394947658,0.6927424906699517,0.3498762009415986,0.25584574346461,0.4750586403989312,0.3473849627812757,2
0.489801699716714,0.5546263345195729,0.7168052988293283,0.6553498315156345,0.2716569213553376,0.3510924537325521,0.363474274881536,0.4697582318173143,3
0.4436260623229462,0.3238434163701068,0.5310382008626,0.3412804811768541,0.1436653796134808,0.235582385991737,0.1105214369647463,0.181232972713679,3
0.6246458923512748,0.3649466192170818,0.3326401725200263,0.2546106742997933,0.2279624066214349,0.2077823173956538,0.0929193048022911,0.0846937386245234,2
0.6940509915014165,0.6834519572953736,0.5310382008626,0.553607014746911,0.4743505086044378,0.3685675898338159,0.378363797801225,0.2939864730961145,2
0.7062322946175638,0.7923487544483986,0.5251848428835508,0.2993949056125221,0.5595822789914611,0.3709024966880148,0.2372251805502777,0.1572376664642479,2
0.2303116147308782,0.2686832740213523,0.6773721503388792,0.5412877278162253,0.0618808786910366,0.1560066737182744,0.145434958897242,0.3666532321429224,4
0.7138810198300284,0.8165480427046262,0.1092883548983394,0.8230370665603826,0.5829181494661921,0.0780188822503726,0.6720493057732375,0.0899483670247392,1
0.5439093484419264,0.4596085409252668,0.3551293900184866,0.7294104858871697,0.2499853820330063,0.1931581951375338,0.335243289154192,0.2590351009261985,2
0.9393767705382436,0.8576512455516013,0.2975200246457206,0.1960578281821804,0.8056576572943654,0.2794833999221556,0.1681492405405888,0.0583311298727487,2
0.586402266288952,0.7699288256227758,0.5603049907578566,0.377223812456973,0.451488008226387,0.3285641163934173,0.2904354869219434,0.2113603847523476,3
0.5444759206798867,0.748932384341637,0.5575323475046225,0.5424471901155838,0.4077756494913955,0.3035629382163979,0.4062562674726854,0.3024318553024277,2
0.7716713881019831,0.8939501779359428,0.6382470733210113,0.289829341642813,0.6898357747018438,0.4925170050216529,0.2590929915326498,0.1849827290660808,2
0.6172804532577905,0.5660142348754448,0.3982593961799168,0.6247690133700496,0.349389523454276,0.2458377405881129,0.3536281550765351,0.2488201300166783,2
0.1079320113314447,0.3254448398576511,0.6465650030807168,0.6705677741947174,0.0351259161432762,0.0697850612390235,0.2182328218865013,0.4335656549880369,5
0.548158640226629,0.7138790035587189,0.6185304990757885,0.6033189608319143,0.3913189438770882,0.3390528373120824,0.4306967385867687,0.37317117794525,2
0.5688385269121814,0.591814946619217,0.5926524953789283,0.6294068625674842,0.3366471424394866,0.3371235724421779,0.3724923887721445,0.3730195477092417,3
0.2223796033994334,0.2613879003558718,0.5812538508934075,0.8391246059639843,0.0581273376145493,0.1292590008360693,0.2193370188898741,0.487744408595979,5
0.676487252124646,0.5998220640569395,0.3073783117683319,0.7417297728178558,0.4057719798776124,0.2079375094908715,0.4449058833040911,0.2279916453570608,2
0.1847025495750708,0.2263345195729537,0.6786044362292074,0.6176673067864777,0.0418045628219733,0.1253399695244881,0.1397994331374376,0.4191517744990506,5
0.1560906515580736,0.2822064056939501,0.570163277880468,0.9578245588608284,0.0440497817386307,0.0889971575388492,0.2703042260415077,0.5461163901145031,5
0.546742209631728,0.2902135231316726,0.4783579790511432,0.3144679155041848,0.1586719829020192,0.2615384984613899,0.0912628416703426,0.1504282365370075,3
0.2957507082152975,0.2738434163701068,0.5886475662353661,0.7425993695423747,0.0809893843315556,0.1740929346033207,0.2033559483497713,0.4371293115690361,4
0.6447592067988669,0.4731316725978648,0.273798521256932,0.5638972426537192,0.3050560019356205,0.1765341173883221,0.2667976455900782,0.1543942311794496,2
0.4201133144475921,0.4192170818505338,0.4509396179913736,0.6898438349215552,0.1761186777292752,0.189445737530087,0.2891943194083957,0.3110779153932303,3
0.276487252124646,0.2879003558718861,0.7152649414664225,0.5504184934236747,0.0796007782807254,0.1977616382071469,0.1584656801351433,0.3936950514807211,4
0.7767705382436262,0.8939501779359428,0.6410197165742488,0.3057719482589948,0.6943941608782876,0.497925230268156,0.2733448875539482,0.1960058476093367,2
0.8657223796033995,0.755693950177936,0.3514325323475091,0.3801224682053696,0.6542211647999355,0.3042430081739342,0.2872562495495026,0.1335874016035985,1
0.6900849858356941,0.596085409252669,0.5424368453481208,0.2915685350918511,0.4113495912009919,0.3743275227388165,0.1737997495654272,0.1581575163779965,2
0.120113314447592,0.2370106761565835,0.6330098582871244,0.5067937244103046,0.0284681378726321,0.076032912156867,0.1201155232943995,0.3208054236697709,5
0.1934844192634561,0.290035587188612,0.5307301293900188,0.7141925432080871,0.056117367152924,0.1026880108706467,0.2071412536350857,0.3790435008662147,5
0.6827195467422097,0.8939501779359428,0.656731361675913,0.4563571143882023,0.6103172602905446,0.4483633375747735,0.4079605236096668,0.2997040291426545,2
0.6575070821529745,0.6149466192170819,0.4001078250154037,0.6537555708540164,0.4043317572812598,0.263073728572451,0.4020247780910108,0.2615727195461041,2
0.6841359773371105,0.7601423487544482,0.4296826863832415,0.520417406427769,0.5200407286804511,0.2939613845936341,0.3955913096547026,0.2236143492344829,2
0.6711048158640227,0.6033807829181496,0.4931454097350602,0.546650240950759,0.4049317492161746,0.3309522593944356,0.329838250367264,0.2695780570554314,2
0.3694050991501417,0.3496441281138789,0.4993068391866941,0.7879633320047827,0.1291603238131722,0.1844464924361046,0.2755067522045191,0.3934354806983237,3
0.4886685552407933,0.34288256227758,0.225431300061615,0.7720207253886011,0.1675559263254463,0.1101611877071631,0.2647124444526395,0.1740376357988634,3
0.379886685552408,0.2902135231316726,0.5011552680221811,0.5218667343019674,0.1102482534049782,0.190382213716075,0.1514527835669944,0.2615362631009628,4
0.6872521246458924,0.8186832740213522,0.3600585335797923,0.7002789956157831,0.5626418194832296,0.2474509921995966,0.5733067008591135,0.2521414282581486,2
0.1645892351274788,0.344306049822064,0.7285120147874302,0.562302981992101,0.0566690693899771,0.1199052352950416,0.1936043185328675,0.4096444783320456,5
0.4286118980169973,0.4320284697508897,0.8477356746765281,0.5515779557230334,0.1851725424173077,0.3633495965398264,0.2382973801593461,0.4675923104315658,3
0.6903682719546743,0.7790035587188612,0.2965958102279735,0.7940505090764158,0.5377993406792818,0.2047603369760825,0.6185681723730513,0.2355120541014543,2
0.5694050991501417,0.4153024911032028,0.3073783117683319,0.7653538171672887,0.23647535612392,0.1750227780890502,0.3178533468449201,0.2352531642263297,2
0.6070821529745043,0.683629893238434,0.6219192852741848,0.4730243849414832,0.415019507424919,0.377556098680617,0.3233736097767221,0.2941829874000681,2
0.5855524079320114,0.43932384341637,0.2660967344423888,0.7420196383926954,0.2572471343744013,0.1558135835955857,0.3259869194291039,0.1974490026684184,2
0.3113314447592069,0.281138790035587,0.7861213801601963,0.7975288959744917,0.0875273456796346,0.2447443050413756,0.2242163088326861,0.626954516421105,3
0.6900849858356941,0.7327402135231317,0.1638170055452867,0.6440450740968875,0.5056530198703538,0.1130476559513649,0.4719177251122745,0.1055055354747444,1
0.7903682719546743,0.8508896797153026,0.4755853357979056,0.4622993586724157,0.67251620578065,0.3758875600215741,0.3933657532333616,0.2198627957333772,1
0.1586402266288952,0.2455516014234874,0.5643099199014188,0.8623138519511575,0.0389543616989101,0.0895222535820947,0.2117425472762627,0.4866122607244416,5
0.4090651558073655,0.583629893238434,0.6601201478743093,0.6873799775354179,0.238742653211416,0.2700321511417854,0.401175502903233,0.4537533724165195,3
0.353257790368272,0.3466192170818506,0.8603666050523735,0.6946266169064097,0.1224459387255149,0.3039312058074532,0.2407709341163143,0.5976335441667834,4
0.5753541076487253,0.4016014234875444,0.264556377079483,0.7726004565382802,0.2310630286411339,0.1522135982573456,0.3102774431329,0.2043963777117219,2
0.6019830028328612,0.68576512455516,0.5122458410351207,0.4944744374796188,0.4128189489177663,0.3083632895749664,0.3390933242075534,0.2532924740971155,2
0.3300283286118981,0.2578291814946619,0.4882162661737546,0.6054929526432116,0.085090933836057,0.1611251983264658,0.1561137523807853,0.2956115085339907,4
0.7067988668555242,0.4209964412811388,0.3403419593345695,0.5636073770788796,0.2975598076477171,0.2405533112010626,0.2372767000300052,0.1918192390104434,2
0.7580736543909349,0.4638790035587188,0.4654189772027131,0.240986992282329,0.3516544514229834,0.3528218648709519,0.1117888058505394,0.1121599194671996,3
0.2407932011331445,0.2281138790035587,0.6502618607516943,0.5643320410159787,0.0549282711481657,0.1565786350251955,0.1287319709221502,0.3669636030728518,4
0.7552407932011331,0.7806049822064057,0.5011552680221811,0.1386644443639261,0.5895447259383223,0.3784929021379985,0.1082421561253636,0.0694924167803502,1
0.1852691218130311,0.2741992882562277,0.4577171903881698,0.8563716076669445,0.0508006613369894,0.0848008619019441,0.2348164853051176,0.3919760061895139,4
0.6405099150141644,0.5686832740213522,0.4481669747381431,0.3588173484546541,0.3642472755133931,0.2870553909016832,0.204053424494853,0.1608100855404844,2
0.6750708215297451,0.43932384341637,0.3098428835489848,0.5298380376100582,0.2965747078926939,0.2091658899425583,0.2327704830710379,0.1641665453870359,2
0.1665722379603399,0.2597864768683274,0.8314078866296981,0.8408637994130224,0.0432732148437893,0.1384894723337853,0.218445043975625,0.6991007944133993,4
0.2756373937677054,0.3585409252669038,0.6246919285274224,0.7515852023624043,0.0988272861996309,0.1721884550870204,0.2694740538719296,0.4695092095164433,4
0.3912181303116148,0.2763345195729537,0.3110751694393094,0.6963658103554475,0.1081070740878892,0.1216982461744154,0.1924299116516031,0.2166221124480628,4
0.4796033994334278,0.351067615658363,0.5338108441158376,0.1504040001449327,0.1683732219007389,0.2560174954923833,0.0528019737163616,0.080287286275765,3
0.5186968838526913,0.7220640569395017,0.4010320394331472,0.6533207724917569,0.3745323762765518,0.208014069179063,0.4717394474682472,0.2620025617964084,2
0.4543909348441927,0.4053380782918149,0.6237677141096754,0.8046306025580638,0.1841819483229663,0.2834343947399205,0.3261474221756706,0.5019025916603341,3
0.4362606232294618,0.490035587188612,0.7084873690696263,0.6688285807456791,0.2137832306715191,0.3090851411805169,0.3277498062942348,0.4738566015310783,3
0.543342776203966,0.7421708185053378,0.2543900184842869,0.7427443023297944,0.40325315294426,0.1382209788818306,0.5512431468002796,0.1889467367987751,2
0.4498583569405101,0.3736654804270461,0.6973967960566867,0.8040508714083843,0.1680965390702972,0.3137297768096371,0.300446055152599,0.5607425015867942,3
0.531728045325779,0.4233096085409252,0.7550061614294528,0.3621508025653103,0.2250855907170868,0.4014579504258024,0.1533019144667033,0.2734260873034305,3
0.2898016997167139,0.2293594306049822,0.4980745532963659,0.743324033479474,0.0664687528353815,0.1443428521309298,0.1704883770738508,0.3702307859297419,4
0.7722379603399434,0.8234875444839856,0.2821164510166376,0.5560708721330483,0.6359283417176614,0.2178610327114317,0.4579174370519123,0.1568767409599021,2
0.56657223796034,0.7135231316725977,0.525492914356132,0.3043226203847964,0.404262397548214,0.2977296965190549,0.217141229135771,0.1599193806905015,2
0.2172804532577904,0.2747330960854092,0.8289433148490488,0.6930323562447915,0.0596941316423537,0.1801131791754165,0.1903989249184978,0.5744845386832044,5
0.3365439093484419,0.346797153024911,0.6154497843499698,0.7059313743251567,0.1167124696299133,0.2071258764327943,0.2448149908469271,0.4344653120942955,4
0.8603399433427763,0.7898576512455516,0.4013401109057319,0.315192579441284,0.6795460869214562,0.3452889282778209,0.2489572704875195,0.1264994247896286,2
0.6138810198300284,0.6204626334519573,0.4620301910043132,0.7002789956157831,0.3808902341899126,0.2836315648459906,0.4344969497708604,0.3235500381006688,2
0.7368271954674221,0.9026690391459076,0.3363370301910073,0.6508569151056196,0.6651110965491518,0.2478222706874816,0.5875083861798592,0.2189072819059046,1
0.6643059490084987,0.8713523131672597,0.5507547751078263,0.7014384579151418,0.5788445253193271,0.3658696735489669,0.6112000228488343,0.3863205801410344,1
0.3487252124645892,0.3137010676156584,0.3147720271102905,0.6811478676763649,0.1093954714546389,0.1097689420319455,0.2136768132942049,0.2144062950703413,4
0.6042492917847027,0.6211743772241992,0.6653573629081961,0.7156418710822856,0.3753441775125261,0.4020417153210149,0.4445383935850994,0.4761575881299968,2
0.4512747875354108,0.4540925266903914,0.5744762784966113,0.8495597666582122,0.2049205085036242,0.2592466605226917,0.3857787410163269,0.4880519331102592,3
0.2362606232294617,0.2813167259786476,0.6921595810227998,0.7411500416681762,0.0664640650045869,0.1635300539866898,0.2084979031810295,0.5129941023160755,5
0.1852691218130311,0.3279359430604982,0.5941928527418376,0.7836153483821877,0.0607564041817466,0.1100855880150599,0.2569756382683936,0.4656186393075011,5
0.5252124645892352,0.7695729537366548,0.4392329020332717,0.8047755353454835,0.4041893077132459,0.2306905950055767,0.6193334858308214,0.3534838938751765,3
0.5736543909348442,0.3603202846975089,0.5356592729513245,0.675205623392152,0.2066993134596191,0.3072832939734935,0.2432902824500191,0.361680153318886,3
0.3917847025495751,0.3354092526690391,0.7164972273567471,0.75535345483532,0.1314082142893147,0.2807126530975584,0.2533525377872914,0.5412086560638467,3
0.2127478753541077,0.2010676156583629,0.9410813308687658,0.5738976049856879,0.042776708033833,0.2002130536777459,0.1153922230665172,0.5400843218823284,4
0.778186968838527,0.7179715302491102,0.5190234134319169,0.2447552447552445,0.5587160888369138,0.403897256854809,0.1757272976134183,0.1270337025882312,2
0.161756373937677,0.2535587188612099,0.6684380776340149,0.6927424906699517,0.0410147389432721,0.1081241196399496,0.1756508984349966,0.463055458758822,5
0.7725212464589235,0.754982206405694,0.4312230437461508,0.3593970796043334,0.583239795146835,0.3331289632565873,0.2713384001354425,0.1549803025804583,2
0.1626062322946175,0.3112099644128113,0.4404651879235999,0.8998514438928946,0.0506046797657092,0.0716223846651972,0.2800427358307246,0.3963532353376065,5
0.69971671388102,0.3418149466192171,0.3280191004312982,0.3053371498967352,0.2391736312038148,0.2295204470439962,0.1043688015928164,0.1001564172373835,2
0.7000000000000001,0.686476868327402,0.656731361675913,0.1630131526504582,0.4805338078291814,0.4597119531731391,0.1119047585276632,0.1070558497112188,2
0.6668555240793202,0.6734875444839857,0.4743530499075774,0.7101344251603319,0.4491188894377628,0.3163249516947414,0.4782666902547786,0.3368544304191677,2
0.2705382436260624,0.286832740213523,0.4894485520640792,0.6521613101923982,0.0775992257518171,0.1324145516207353,0.1870612156637269,0.3191994089858821,4
0.2855524079320114,0.2718861209964412,0.7510012322858906,0.9565201637740496,0.077637736533828,0.2144502102391438,0.260064556983407,0.7183478217006131,4
0.5206798866855524,0.7384341637010675,0.4946857670979696,0.4860683358092684,0.3844878166806125,0.2575729291575264,0.3589294650548867,0.2404510875618414,3
0.5164305949008499,0.4192170818505338,0.4383086876155282,0.5472299721004384,0.2164965269726694,0.226356016295498,0.2294081520050948,0.2398556508952253,2
0.2410764872521247,0.2476868327402135,0.6052834257547737,0.91260552918584,0.0597114715756152,0.145919602072893,0.2260403730652471,0.5523850010683533,4
0.2889518413597734,0.286832740213523,0.6419439309919923,0.5146200949309757,0.082880848446967,0.1854908809098675,0.1476098919979951,0.3303572467074628,4
0.6025495750708215,0.6494661921708184,0.5091651263093055,0.7750643139244175,0.3913355781153911,0.3067972304985532,0.5033780686519792,0.3946357192971613,2
0.509915014164306,0.7327402135231317,0.522720271102898,0.7091198956483931,0.3736352363574042,0.266542914443404,0.5196006637509044,0.3706713440977867,2
0.631444759206799,0.8172597864768684,0.3403419593345695,0.527519113011341,0.5160544090812861,0.2149071465599874,0.4311201576621155,0.179536888508714,2
0.3586402266288953,0.2530249110320284,0.443545902649415,0.5607087213304829,0.0907449114352827,0.1590734030465041,0.1418732743295278,0.2487000559259283,4
0.8623229461756374,0.9284697508896796,0.4173598274799772,0.3392514221529764,0.8006407710221487,0.3598989560478897,0.3149846834153435,0.1415899150221031,1
0.2181303116147309,0.2749110320284698,0.5784812076401771,0.7443385629914125,0.0599664290826973,0.1261842860858176,0.2046268825305573,0.4305858708124263,4
0.306515580736544,0.286832740213523,0.3911737523105394,0.8192688140874669,0.0879187039408022,0.119900849858358,0.2349931189161914,0.3204764561576001,3
0.8243626062322947,0.904626334519573,0.3579020332717206,0.3901228305373382,0.7457401227909228,0.2950410529237131,0.3529153862013928,0.1396257542750322,1
0.1861189801699717,0.2466192170818505,0.5581484904497849,0.6373781658755753,0.0459005171735908,0.1038820278259231,0.1571897042533002,0.3557516611291049,4
0.5898016997167139,0.5660142348754448,0.3979513247073356,0.6705677741947174,0.3338361577933926,0.2347123677169044,0.3795509056429529,0.2668533340468372,1
0.1104815864022663,0.2741992882562277,0.7879698089956904,0.8223124026232835,0.0302939723569203,0.0870561545349346,0.2254774755235729,0.647957346829856,5
0.3195467422096318,0.3258007117437722,0.471580406654347,0.8804304503786369,0.1041085560473017,0.1506919826362899,0.2868448673742498,0.4151937498204274,4
0.5923512747875355,0.6590747330960852,0.4118145409735056,0.7192651907677814,0.3904037583297208,0.2439388683216998,0.4740495136305803,0.2962038643742548,2
0.6192634560906517,0.8341637010676154,0.440773259396181,0.8592702634153411,0.5165670964685007,0.2729547719660203,0.7167720631478857,0.3787433547077949,2
0.4640226628895185,0.3309608540925267,0.4607979051139885,0.7031776513641799,0.1535733368282036,0.2138206709849046,0.2327242760742659,0.3240227886715886,3
0.673371104815864,0.3852313167259785,0.5418207024029584,0.4691111996811478,0.2594036373534422,0.3648464049891876,0.180716325144072,0.254174159716334,3
0.1410764872521246,0.2604982206405694,0.6807609365372791,0.7343382006594441,0.0367501739034004,0.0960393615851458,0.1912937946201826,0.4999087612160235,5
0.4883852691218132,0.6690391459074733,0.7260474430067809,0.7518750679372441,0.3267488633270494,0.354590875848071,0.5030338532818572,0.5458969705363858,3
0.6660056657223796,0.6834519572953736,0.5433610597658642,0.6308561904416825,0.4551828758077686,0.3618815443369821,0.4311598981292708,0.3427826881982485,2
0.3762039660056658,0.2519572953736655,0.6203789279112755,0.5981013804848003,0.0947873337836339,0.2333890131065648,0.1506960061862059,0.3710494932074142,4
0.6127478753541077,0.8341637010676154,0.4426216882316716,0.8241965288597413,0.5111320355267004,0.271215499049605,0.6875148269207234,0.3648072590385823,2
0.1827195467422096,0.344306049822064,0.7374460874923017,0.54578064422624,0.0629114453640881,0.1347458148534092,0.1879155776828779,0.4024838007136685,5
0.4365439093484419,0.2019572953736654,0.5193314849044981,0.532736693358455,0.0881632272438579,0.2267109966679409,0.1075900617369833,0.2766669380249587,4
0.7266288951841361,0.7601423487544482,0.4974584103512001,0.2221457299177506,0.552341395058119,0.3614676551135491,0.1688623769054502,0.1105082616711912,1
0.2750708215297451,0.2610320284697509,0.6360905730129396,0.8218776042610241,0.0718022945167501,0.1749699564859956,0.2145363781941142,0.5227885962408968,4
0.7291784702549576,0.6720640569395017,0.4931454097350602,0.5815790427189391,0.4900546409524866,0.3595910154838655,0.390858370880682,0.2868030353149553,2
0.1328611898016997,0.2338078291814946,0.5239525569932226,0.8541976158556468,0.0310639863700059,0.0696129601217624,0.199718090255217,0.4475590250050806,5
0.3269121813031162,0.2530249110320284,0.4774337646333961,0.7578173122214573,0.0827169255895073,0.1560789134240621,0.1917466580033651,0.3618075722782521,4
0.5577903682719547,0.6140569395017793,0.6819932224276037,0.6579586216891917,0.3425150464246469,0.3804092506968702,0.4040240575532741,0.4487233206298365,2
0.584985835694051,0.4101423487544483,0.3619069624152793,0.7201347874923003,0.2399274646396419,0.2117104468519977,0.2953577731618775,0.2606217934709111,2
0.5733711048158641,0.6752669039145908,0.4768176216882338,0.6636110003985651,0.3871785307430968,0.2733934465430553,0.4481145456428033,0.3164214189361933,2
0.46657223796034,0.2800711743772242,0.1567313616759094,0.5004166817638319,0.1306734346173621,0.0731265021757005,0.14015228773955,0.0784309879381855,3
0.3611898016997168,0.5064056939501779,0.5994300677757245,0.4825899489111923,0.1829085721774722,0.2165080273127617,0.2443862979717532,0.2892789257837194,3
0.6852691218130312,0.8026690391459074,0.3911737523105394,0.630421392079423,0.5500443075620255,0.2680592937221515,0.5060197330374159,0.2466043014765417,2
0.3209631728045326,0.2722419928825622,0.6025107825015432,0.9217362947932896,0.0873796538062161,0.1933837724006369,0.2509353258067139,0.5553560562359781,4
0.6334277620396601,0.6064056939501777,0.4851355514479358,0.686510380810899,0.3841142016069681,0.3072983266395424,0.416303803879634,0.3330505921694279,2
0.6883852691218131,0.8507117437722419,0.3970271102895886,0.4930251096054205,0.5856174326817416,0.2733076141653542,0.419422250715928,0.1957443345668477,1
0.2144475920679887,0.345373665480427,0.7238909426987057,0.7840501467444474,0.0740645509259726,0.1552366695815638,0.2707902731015965,0.5675667998498966,4
0.4804532577903683,0.4243772241992882,0.4709642637091846,0.398963730569948,0.2038934198985815,0.2262763148019198,0.1693111205354672,0.187897659614545,3
0.2320113314447592,0.2544483985765123,0.6136013555144828,0.6920178267328525,0.0590349117377233,0.1423624674692241,0.1760828277985726,0.4246230765234648,4
0.2348441926345609,0.3322064056939502,0.3449630314232905,0.8569513388166239,0.0780167451332251,0.0810125646033733,0.2846847241228891,0.2956165316204299,4
0.2419263456090651,0.2653024911032029,0.2519254467036376,0.8878220225370486,0.0641836621535793,0.0609474026869423,0.2355413942353629,0.2236649596209729,4
0.3155807365439094,0.2622775800711744,0.5667744916820716,0.794920105800935,0.0827697518978154,0.178863111539328,0.2084897216993911,0.4505404388931835,4
0.5651558073654391,0.4016014234875444,0.2596272335181773,0.7988332910612703,0.2269673767302127,0.1467298387730209,0.320812586819446,0.2073988774004585,2
0.6586402266288952,0.4804270462633451,0.5479821318545923,0.533606290082974,0.3164285786295403,0.3609230755132938,0.2563588938121049,0.2924067124106881,3
0.1864022662889519,0.4868327402135231,0.8979513247073321,0.8057900648574223,0.0907467260794612,0.1673801619426132,0.3922849853113714,0.7235602561747294,4
0.6161473087818697,0.827224199288256,0.3930221811460264,0.6321605855284611,0.509691964150696,0.2421595592047046,0.5229385341853763,0.2484531321589449,2
0.61671388101983,0.595373665480427,0.3933302526186075,0.7278162252255516,0.3671752038954362,0.2425722266149316,0.4333226138086646,0.2862721397278875,2
0.5354107648725213,0.3603202846975089,0.5153265557609394,0.7424544367549548,0.1929193592289778,0.2759113853790865,0.2675213940264739,0.3826064877023591,3
0.328328611898017,0.2921708185053381,0.4093499691928564,0.4841842095728105,0.0959280392769651,0.1344013071655865,0.1414644968182482,0.1982007912722975,4
0.2422096317280453,0.2864768683274021,0.6351663585951961,0.8823145766150948,0.0693874567761837,0.153843409801386,0.25276271678831,0.560416536764072,4
0.3359773371104816,0.3017793594306049,0.5698552064078868,0.6939019529693105,0.1013910255764015,0.1914584347874656,0.2094052868747242,0.3954236406361621,3
0.7801699716713882,0.8224199288256228,0.4053450400492941,0.4440378274575165,0.6416273325738713,0.3162380284123955,0.3651855584534949,0.1799885309541685,1
0.1359773371104816,0.193594306049822,0.5131700554528678,0.8788361897170187,0.0263244382164063,0.0697794976253191,0.1701376822797359,0.4509924162110695,5
0.3430594900849859,0.2578291814946619,0.4845194085027735,0.5343309540200731,0.0884507475325879,0.1662189812172404,0.1377661125222572,0.2588937177865285,4
0.7186968838526913,0.6637010676156582,0.3997997535428226,0.3140331171419253,0.4769998891050778,0.2873348370363006,0.2084241151137688,0.125550362837626,2
0.2719546742209632,0.2879003558718861,0.7094115834873733,0.5120113047574186,0.0782958474892381,0.1929277960758862,0.1474082368500895,0.3632267504713964,4
0.7025495750708216,0.7788256227758005,0.1582717190388152,0.3015688974238196,0.5471636103354066,0.111193728956448,0.2348695843459178,0.047729827803908,1
0.5243626062322947,0.7535587188612097,0.3237060998151584,0.4717199898547048,0.395138013771133,0.1697393741523677,0.3554687112161342,0.1526986381207125,2
0.5427762039660057,0.34288256227758,0.3304836722119546,0.6163629116996991,0.1861084955591624,0.1793786730759504,0.2113400944564626,0.2036978784737693,3
0.66657223796034,0.4295373665480426,0.5033117683302528,0.284611761295699,0.2863176837075196,0.3354936518076728,0.1222513864355546,0.143248448865326,3
0.1249291784702549,0.2578291814946619,0.4663431916204565,0.8075292583064604,0.0322103878297863,0.0582598718143402,0.208204607702146,0.3765857716455347,2
0.284985835694051,0.1969750889679715,0.816620455945781,0.7005688611906229,0.0561351103404474,0.2327252630825653,0.1379946137612134,0.572098862846903,4
0.2864022662889519,0.2818505338078292,0.6185304990757885,0.7257871662016739,0.0807226316373131,0.1771485367041422,0.2045635002248134,0.4489214981335236,4
0.7461756373937677,0.8165480427046262,0.1108287122612452,0.7228885104532774,0.609288256227758,0.0826976850130651,0.5902731983042864,0.0801168027219864,1
0.7422096317280454,0.711387900355872,0.5473659889094264,0.2275082430522844,0.5279989515389192,0.4062603090489228,0.161846611338618,0.1245302744433598,2
0.41643059490085,0.2923487544483986,0.313847812692547,0.6212906264719735,0.1217429657334691,0.1306958313478879,0.1816335407995467,0.1949907041646111,3
0.3314447592067989,0.248220640569395,0.4703481207640188,0.6381028298126743,0.0822714304436805,0.1558944196300005,0.1583902931652456,0.3001304668565938,4
0.468271954674221,0.7220640569395017,0.5039279112754187,0.7863690713431646,0.3381223473430584,0.2359753080278377,0.5678088419057938,0.3962733236135516,3
0.2331444759206798,0.2893238434163701,0.5067005545286527,0.9276785390775028,0.0674542558446664,0.1181344352343005,0.2683995203807863,0.4700552301749011,3
0.5237960339943343,0.5546263345195729,0.7195779420825659,0.6569440921772527,0.2905110743701672,0.3769120722126527,0.364358493828558,0.4727224779122069,3
0.4756373937677055,0.5603202846975089,0.4752772643253244,0.7112938874596904,0.2665092798887019,0.2260596393207421,0.3985523935250116,0.3380618129631668,3
0.5093484419263457,0.4596085409252668,0.3652957486136792,0.9211565636436104,0.2341008942163257,0.1860628203986955,0.4233714241799725,0.3364945765065969,2
0.2654390934844193,0.2535587188612099,0.666897720271102,0.5338961556578137,0.0673043964795902,0.1770207263155871,0.1353740252335203,0.3560541290697013,4
0.2577903682719547,0.2622775800711744,0.5285736290819507,0.8737635421573247,0.0676126339560251,0.1362611904998796,0.2291685873914407,0.4618483664375971,4
0.4847025495750709,0.3838078291814946,0.3997997535428226,0.6785390775028082,0.1860326333511437,0.1937839598616911,0.2604286103511667,0.2712797559547969,3
0.3481586402266289,0.299288256227758,0.5587646333949472,0.6824522627631435,0.1041997923240551,0.1945387349695156,0.2042499476810689,0.3813301884124001,3
0.648158640226629,0.6149466192170819,0.4068853974122,0.716221602231965,0.3985829645237064,0.263726285914763,0.4404380529027885,0.2914201112593557,2
0.6175637393767706,0.3275800711743772,0.458949476278498,0.3611362730533713,0.202301573699757,0.2834305547555596,0.1183010460304727,0.1657433033830134,2
0.7135977337110482,0.6334519572953737,0.4758934072704903,0.4030218486177034,0.4520298811408064,0.3395964569162507,0.255294978839684,0.1917954407431306,3
0.398300283286119,0.3494661921708185,0.7704097350585357,0.1280843508822782,0.1391924833405583,0.3068544157201986,0.0447611503795007,0.0986774308283604,4
0.8042492917847026,0.8715302491103202,0.2235828712261245,0.6320156527410412,0.7009275856159205,0.1798163658388009,0.5508207592750213,0.1413078742996952,1
0.3504249291784703,0.2480427046263345,0.714340727048679,0.5263596507119823,0.0869203472019194,0.2503227986853303,0.1305596713687728,0.3760001355786861,3
0.2668555240793201,0.3258007117437722,0.4823629081947054,0.5933185984999456,0.0869417196777998,0.128721206662723,0.1933036216820997,0.2861948846584405,4
0.8821529745042495,0.8846975088967971,0.2590110905730149,0.2396825971955505,0.7804385390098093,0.2284874039785746,0.2120465966648179,0.0620804508909921,2
0.6379603399433428,0.3838078291814946,0.5211799137399922,0.1946085003079821,0.2448541731775427,0.3324921149412074,0.0746922660434728,0.1014260414035833,2
0.2192634560906516,0.2263345195729537,0.6909272951324752,0.5394036015797673,0.049626888994183,0.1514951066381121,0.1220856550194775,0.3726886714242239,4
0.730028328611898,0.7101423487544484,0.5113216266173772,0.2792492481611651,0.5184240319377376,0.3732792724626009,0.1983067169770836,0.1427861798014465,2
0.6728045325779037,0.595373665480427,0.4167436845348149,0.5662161672524366,0.4005701007127519,0.2803870398782395,0.3371101949513617,0.2359670117839614,2
0.1113314447592068,0.2213523131672596,0.753465804066547,0.6276676691184462,0.0246434728257034,0.0838844365433861,0.1389356904596701,0.4729261249989054,5
0.1815864022662889,0.29288256227758,1.0,0.5865067574912133,0.053183490770518,0.1815864022662889,0.1717776019271418,0.5865067574912133,4
0.6053824362606233,0.5992882562277578,0.4475508317929808,0.6973803398673866,0.3627985845775406,0.2709394129013031,0.4179318478066472,0.3121131511837205,2
0.7110481586402266,0.7946619217081848,0.4262939001848451,0.410413420776115,0.5650428961721088,0.3031154927659946,0.3261399176487774,0.174956737830854,2
0.4059490084985837,0.5149466192170817,0.6474892174984603,0.5002717489764122,0.209042069500872,0.2628476058570237,0.25761324582522,0.3239205632813233,3
0.534844192634561,0.4523131672597864,0.3634473197781922,0.8810101815283162,0.2419170707610415,0.1943876883119623,0.398492505595192,0.3202007891737651,2
0.6337110481586402,0.7316725978647688,0.1967806531115208,0.5772310590963439,0.4636690089018379,0.1247020739406436,0.4223441485772538,0.1135879048052334,1
0.0280453257790368,0.2540925266903915,0.434303758471966,0.7507156056378854,0.0071261076890506,0.0121801903934064,0.1907512250624378,0.3260386090720918,5
0.6643059490084987,0.7161921708185052,0.5396642020948867,0.3940360157976738,0.4757707197080439,0.3585021399185579,0.2822055095348108,0.2126471320620998,2
0.2351274787535411,0.4873665480427046,0.7664048059149735,0.6510018478930395,0.1145932676700976,0.1802028297193847,0.3172765233770525,0.498930944884754,4
0.4427762039660057,0.3496441281138789,0.5156346272335206,0.6372332330881552,0.154814099785267,0.2283107428798846,0.2228048581882961,0.328579520604222,3
0.6674220963172806,0.6010676156583629,0.6271565003080717,0.6798434725895866,0.401165808071134,0.4185781061546224,0.4086318950903244,0.4263682530265715,2
0.2164305949008498,0.294661921708185,0.9983826247689472,0.8685459618102105,0.0637738550099301,0.2160805454174151,0.2559274221988805,0.8671411970845477,4
0.2430594900849859,0.2549822064056939,0.1970887245841019,0.8469509764846552,0.0619758450697125,0.047904284898912,0.2159574287015143,0.1669244877406203,4
0.6909348441926346,0.8774021352313167,0.6092883548983394,0.7712960614515019,0.6062277076003347,0.4209785545600708,0.6767368112130526,0.4699417084213541,1
0.5960339943342777,0.3927046263345195,0.3455791743684528,0.5101271785209608,0.2340653070277136,0.2059769356575707,0.2003293030241566,0.1762893291761819,2
0.3070821529745043,0.3322064056939502,0.3147720271102905,0.7836153483821877,0.1020146582924198,0.096660871781177,0.2603220383326592,0.2466601916849977,4
0.3776203966005667,0.2948398576512455,0.7405268022181168,0.4362114569368455,0.1113375439799179,0.2796380247469547,0.1286125238691019,0.323026275296348,4
0.756373937677054,0.7946619217081848,0.4210566851509583,0.3408456828145946,0.6010615668444346,0.3184763029328779,0.2708570853113842,0.1435153533539281,2
0.5875354107648726,0.8083629893238434,0.2858133086876187,0.8898510815609262,0.4749418809795047,0.1679254397218473,0.7193226803436455,0.2543312818601843,2
0.6385269121813032,0.731850533807829,0.4795902649414678,0.4486756766549511,0.4673062615305515,0.3062312909852885,0.3283635334665148,0.2151804866397403,2
0.3067988668555241,0.2923487544483986,0.5997381392483057,0.8911554766477048,0.0896922665913925,0.1839989815314207,0.2605281936178254,0.5344599273456314,3
0.6342776203966006,0.6934163701067614,0.4386167590881094,0.7691220696402044,0.4398184851753651,0.278204794220475,0.5333218336989103,0.3373498295287256,2
0.161756373937677,0.290035587188612,0.5633857054836753,0.6847711873618609,0.0469151048965148,0.0911312288473593,0.1986080134163403,0.385790298486756,5
0.5589235127478753,0.582918149466192,0.5673906346272375,0.6885394398347766,0.3258066597441351,0.3171279666061018,0.4013621361029764,0.3906708297337365,3
0.6124645892351275,0.6220640569395018,0.5676987060998187,0.5533171491720714,0.3809922071113889,0.3476953548407387,0.3441987105881782,0.3141174296478253,2
0.6070821529745043,0.6832740213523131,0.4062692544670376,0.6956411464183485,0.4148034639541096,0.2466388136891959,0.4753135235313982,0.2826176099319777,2
0.6475920679886686,0.7790035587188612,0.2876617375231056,0.8311533026558935,0.5044765255612795,0.1862874594838015,0.6474713806098757,0.2390910031900619,2
0.1405099150141643,0.2743772241992882,0.8609827479975358,0.9481140621036994,0.0385527204540642,0.1209766127497953,0.2601409045843246,0.8163098506051495,4
0.8535410764872522,0.7939501779359431,0.505468268638328,0.3624406681401499,0.6776690895526903,0.4314379301437061,0.2877598329610941,0.1832022570089204,1
0.5388101983002833,0.4209964412811388,0.3862446087492337,0.8805753831660568,0.2268371760104039,0.2081125342325899,0.3707191025926851,0.3401174943451802,2
0.1858356940509914,0.2603202846975089,0.414279112754162,0.8999963766803145,0.0483768007823132,0.0769878464494986,0.2342873130041459,0.3728497004130813,5
0.338243626062323,0.340035587188612,1.0,0.5736077394108481,0.1150148700009073,0.338243626062323,0.1950470444865,0.5736077394108481,4
0.8218130311614732,0.8007117437722419,0.2944393099199018,0.4004130584441464,0.6580353452360549,0.2419740617783669,0.320615438255989,0.1178973446112117,2
0.661473087818697,0.5660142348754448,0.3988755391250791,0.645494401971086,0.3744031836923976,0.2638454345204135,0.365359020048047,0.2574719275884374,2
0.574787535410765,0.7138790035587189,0.6896950092421434,0.5188231457661509,0.4103287530370088,0.3964280945473964,0.3703769503227397,0.3578297343142233,2
0.4784702549575071,0.4868327402135231,0.8603666050523735,0.3849052501902241,0.2329349853316262,0.4116598288763339,0.1873844776726784,0.3311596233729975,3
0.5084985835694051,0.5948398576512456,0.6302372150338904,0.8395594043262438,0.3024752250662849,0.3204747311574599,0.4994033965591873,0.5291215808380838,2
0.7546742209631728,0.7806049822064057,0.4977664818237848,0.1202579803616071,0.5891024568265907,0.3756515318919441,0.0938739786203506,0.0598603917958309,2
0.3334277620396601,0.435409252669039,0.3693006777572414,0.8063697960071017,0.1451775326887986,0.1231350985043266,0.3511008702543375,0.2977929121883911,4
0.5388101983002833,0.7466192170818503,0.4574091189155886,0.6079568100293489,0.402286048410674,0.2464566980672661,0.4539122375236916,0.2780849888142563,2
0.1144475920679886,0.2880782918149466,0.1551910043130036,0.9891300409435124,0.0329698668252799,0.017761236754236,0.2849468925778552,0.153504084450186,5
0.430028328611898,0.2763345195729537,0.4506315465187924,0.4833146128482916,0.118831671589729,0.193784330769271,0.1335565113440207,0.217796811442957,3
0.2512747875354108,0.2234875444839857,0.3905576093653735,0.4911409833689625,0.0561567852570241,0.0981372803136222,0.1097638923685794,0.1918188483259406,4
0.3637393767705383,0.1786476868327401,0.5929605668515094,0.421718178194862,0.0649811982700391,0.2156831070360731,0.0753389770298293,0.2500622499940112,4
0.6909348441926346,0.8145907473309607,0.3391096734442378,0.6056378854306315,0.5628291310878791,0.2343026893854096,0.4933470177048808,0.2053776655538401,1
0.8762039660056659,0.7642348754448399,0.4102741836105998,0.1467806804594368,0.6696256288246148,0.3594838668293443,0.1121749150486265,0.0602203238453037,2
0.3957507082152975,0.281138790035587,0.3548213185459019,0.7114388202471105,0.1112608752633753,0.1404207881044263,0.2000130491086181,0.2524336602648206,3
0.3002832861189802,0.2476868327402135,0.6213031423290225,0.809558317330338,0.0743762160636335,0.1865669492546073,0.2005169355380481,0.502981126455935,4
0.6671388101983003,0.6176156583629894,0.5590727048675284,0.506503858835465,0.4120353754801247,0.3729790991396683,0.3128247142380603,0.2831724823849841,2
0.5311614730878187,0.6177935943060496,0.643176216882317,0.6799884053770064,0.3281481556158195,0.3416304268142618,0.4200924810442999,0.4373523700942223,3
0.6546742209631728,0.6850533807829181,0.6863062230437507,0.406935033878039,0.4484867883822447,0.449306991913345,0.2787722207171619,0.2792820461250176,2
0.8518413597733712,0.7466192170818503,0.5153265557609394,0.0570672850465595,0.6360011291119332,0.4389764739867266,0.042607531682449,0.0294082874496712,2
0.643059490084986,0.4715302491103202,0.5461337030191018,0.5276640457987607,0.3032220015525289,0.3511964605816888,0.248809558962049,0.2881751192821181,2
0.1889518413597734,0.2613879003558718,0.5846426370918074,0.8563716076669445,0.0493897250814069,0.1104693028159307,0.223845176452445,0.5006713550369531,5
0.7351274787535412,0.8293594306049822,0.3579020332717206,0.8088336533932388,0.6096849072011131,0.263103619359806,0.670813818232364,0.2894832091280342,1
0.2909348441926346,0.2852313167259787,0.6943160813308715,0.6831769267002428,0.0829837286905326,0.2020007409424377,0.1948634543595176,0.4743407266021806,4
0.6161473087818697,0.8508896797153026,0.4703481207640188,0.8234718649226422,0.5242733862268508,0.28980372879936,0.70068371139859,0.3873184441684066,2
0.2821529745042493,0.2793594306049822,0.7559303758471998,0.6589731512011303,0.0788220943010091,0.2132880040634025,0.1840903643035186,0.498137821860684,4
0.5541076487252126,0.7220640569395017,0.4256777572396828,0.636653501938476,0.4001012168197353,0.2358713011787024,0.4597046104744369,0.2710092348439605,2
0.3458923512747875,0.3199288256227758,0.5898798521256943,0.7918765172651183,0.1106609337352434,0.2040349290213803,0.253344124206883,0.4671120029061578,4
0.4453257790368273,0.3476868327402135,0.7266635859519432,0.578825319757962,0.1548339096508826,0.3236020275117436,0.2012499421364871,0.4206112824951009,3
0.3705382436260624,0.1841637010676157,0.5603049907578566,0.3470777926736474,0.0682396943332695,0.2076144271703333,0.0639191308571575,0.1944694194162652,4
0.368271954674221,0.3263345195729538,0.5603049907578566,0.4283850864161744,0.1201798514008045,0.2063446141601171,0.1397968413678405,0.2400263018852181,4
0.769971671388102,0.7629893238434161,0.3646796056685168,0.5131707670567772,0.5874801649309929,0.2807929654977418,0.3915438165728576,0.1871429129708758,1
0.8124645892351275,0.7999999999999997,0.4444701170671621,0.5096923801587013,0.6499716713881017,0.3611162310902609,0.4077539041269609,0.2265430318773784,1
0.5603399433427763,0.7327402135231317,0.2454559457794225,0.8605746585021197,0.4105836097305254,0.1375387707511891,0.6305776590234393,0.2112331667164413,2
0.641643059490085,0.6501779359430605,0.522720271102898,0.8115873763542156,0.4171821600314538,0.3353998340079501,0.5276762051954278,0.4242331733915653,2
0.5614730878186969,0.4412811387900355,0.2707178065311169,0.7779629696728143,0.2477674835925921,0.1520007627605308,0.3433003851936973,0.2106084287122581,2
0.5566572237960341,0.3784697508896797,0.4946857670979696,0.5815790427189391,0.2106779208210257,0.2753704057641672,0.2201100754204953,0.2876988748755212,3
0.1101983002832861,0.2667259786476869,0.4703481207640188,0.8755027356063625,0.0293927494883711,0.0518315634496326,0.233519323963334,0.4117910664162101,5
0.71671388101983,0.795017793594306,0.3957948243992604,0.5809993115692598,0.5698002883267972,0.283671644682756,0.4619047907636036,0.2299565204986463,1
0.2305949008498584,0.29288256227758,1.0,0.5547664770462697,0.067537225409051,0.2305949008498584,0.1624814272630177,0.5547664770462697,4
0.4779036827195468,0.3672597864768683,0.1628927911275433,0.9566650965614696,0.1755148044720897,0.0778470647683188,0.3513446190930379,0.1558338477531985,2
0.4702549575070822,0.7220640569395017,0.4102741836105998,0.7760788434363564,0.3395542024134767,0.1929334687800554,0.5603786381965719,0.3184051139083096,3
0.4875354107648725,0.4250889679715302,0.7035582255083206,0.3931664190731547,0.2072459246116157,0.3430095484702039,0.1671307073248694,0.2766154681325694,3
0.6923512747875354,0.6345195729537366,0.4484750462107243,0.5805645132070001,0.4393104352121621,0.3105022699543938,0.3683795469921996,0.260368696888816,2
0.4606232294617564,0.6752669039145908,0.6080560690080112,0.6036088264067538,0.3110436220297803,0.2800847502002907,0.4075970633832083,0.3670280102034298,3
0.6900849858356941,0.8026690391459074,0.4108903265557622,0.5478097032501176,0.5539098525097537,0.2835492451812568,0.4397098881425765,0.225089707858856,1
0.6237960339943343,0.4243772241992882,0.4934534812076414,0.2264937135403455,0.2647248293730403,0.3078143245380244,0.0961187734508405,0.1117641114181298,2
0.546742209631728,0.6055160142348753,0.5224121996303168,0.7844849451067069,0.3310611635901726,0.2856248003644508,0.4750181971882781,0.4098245057500631,2
0.3424929178470255,0.3113879003558718,1.0,0.5902750099641292,0.1066481505751413,0.3424929178470255,0.1838044959852715,0.5902750099641292,4
0.7033994334277621,0.8576512455516013,0.2485366605052377,0.9007210406174138,0.6032714001996109,0.1748205461854122,0.7725045223800594,0.2238621994818546,1
0.5577903682719547,0.3562277580071175,0.522720271102898,0.4799811587376353,0.1987004123274828,0.2915683325217015,0.1709826120627662,0.2508958814196198,3
0.2776203966005666,0.2813167259786476,0.6980129390018526,0.400847856806406,0.078099261036565,0.1937826289580214,0.1127652066923358,0.2797969906220332,4
0.1223796033994334,0.2512455516014233,0.2543900184842869,0.3237436138990542,0.030747330960854,0.0311321495708815,0.081339142851506,0.0823571439239502,5
0.3090651558073655,0.2711743772241993,0.5094731977818867,0.7970940976122323,0.0838105511477624,0.1574604132521355,0.2161514955090822,0.4060980788435713,4
0.4385269121813032,0.34288256227758,0.6989371534195961,0.1567810427914053,0.1503632312764005,0.3065027516978852,0.0537574856688679,0.1095800957587807,3
0.8495750708215298,0.7774021352313166,0.1188385705483661,0.2704083481285553,0.6604614740959543,0.1009622869899574,0.2102160272195121,0.0321349415559424,1
0.491501416430595,0.3215302491103202,0.4758934072704903,0.6004203050835175,0.1580325728630044,0.2339022837434279,0.1930532902643978,0.2857360647805824,3
0.6178470254957508,0.8596085409252668,0.3107670979667283,0.8643429109750354,0.5311065801014184,0.1920065271006896,0.742996548562348,0.2686093380918259,2
0.171671388101983,0.2813167259786476,0.7214263709180564,0.6754954889669915,0.0482940328450596,0.1238482665088788,0.1900281793695397,0.4873202591769747,5
0.6790368271954675,0.6012455516014233,0.5144023413431924,0.5147650277183956,0.4082678717248192,0.3492981337676012,0.3095001830356687,0.264796335499936,2
0.7784702549575071,0.8402135231316724,0.3227818853974113,0.604188557556433,0.6540812355710584,0.2512760966209876,0.5076473965803338,0.1950211217436078,1
0.786685552407932,0.904626334519573,0.3529728897104149,0.4285300192035942,0.711656467694293,0.2776786727268618,0.3876595405037496,0.1512594792059522,1
0.6368271954674222,0.6798932384341637,0.4121226124460868,0.8136164353780933,0.4329745042492918,0.2624508874727487,0.5531723130924723,0.3353097308770925,2
0.6640226628895185,0.588967971530249,0.573860135551449,0.5738976049856879,0.391088080812154,0.3810561353350132,0.3380073082744887,0.3293369573897388,2
0.8478753541076488,0.8402135231316724,0.3187769562538527,0.4118627486503133,0.7123963384513019,0.2702831246650938,0.3460526510901742,0.1312923534090924,1
0.1580736543909348,0.2578291814946619,0.45340418977203,0.7601362368201745,0.0407560009274847,0.0716712571934256,0.195985303763778,0.3446489545718111,5
0.7560906515580738,0.9676156583629892,0.3030653111521886,0.8105728468422768,0.731605153589467,0.2291448485737086,0.7843229788484521,0.2456565120397699,1
0.7980169971671389,0.7448398576512455,0.5331947011706752,0.3120040581180476,0.5943948665732461,0.4254984343336522,0.2323930582352575,0.1663589105322903,2
0.5985835694050993,0.6430604982206406,0.3492760320394339,0.6128845248016233,0.3849254483683325,0.2090708939658141,0.3941218278706524,0.214065874921085,2
0.6810198300283287,0.8007117437722419,0.2673290203327205,0.682162397188304,0.5453005756454588,0.1820563639886289,0.5462154425884995,0.1823618053481694,1
0.5461756373937677,0.8820284697508897,0.5606130622304413,0.7357875285336426,0.4817424616656417,0.3061931965949832,0.6489855478543178,0.4124920995222135,2
0.721529745042493,0.4016014234875444,0.20170979667283,0.4066451683031993,0.2897673726976701,0.1455396181659201,0.1633092784448969,0.082024314216427,2
0.6246458923512748,0.6023131672597865,0.4962261244608754,0.6150585166129205,0.3762324458379119,0.3099656103218782,0.3704578431912341,0.3052081040154845,2
0.3263456090651558,0.2718861209964412,0.7396025878003698,0.8740534077321642,0.0887288417529462,0.241366056981877,0.2376429905720189,0.6464521622344405,4
0.6189801699716715,0.6229537366548042,0.3079944547134943,0.8111525779919562,0.3855960097990786,0.1906424599288909,0.5053105294572666,0.2498304959480776,2
0.4246458923512748,0.3476868327402135,0.3766943930991999,0.7046269792383781,0.1476437853477564,0.1599617267013316,0.2449895226746958,0.2654290323055234,3
0.5753541076487253,0.5663701067615657,0.3280191004312982,0.6570890249646726,0.3258633673747139,0.1887271368203872,0.3721555812210947,0.2155377508721907,2
0.6518413597733712,0.5663701067615657,0.3360289587184262,0.5840429001050762,0.3691834605264484,0.2190375733742489,0.3307844396858465,0.1962553275691985,2
0.2628895184135977,0.2681494661921708,0.8797751078250187,0.634914308489438,0.070493684030123,0.2312836544083901,0.170251932899214,0.5585818042109425,5
0.1651558073654391,0.2749110320284698,0.9167436845348184,0.9286930685894416,0.045403153448328,0.1514055433665153,0.2553079699236099,0.8513735055006314,5
0.7356940509915015,0.6176156583629894,0.5467498459642641,0.3272220007971302,0.4543761656568509,0.4022406090564289,0.2020974314531742,0.1789085785319492,2
0.1325779036827195,0.2370106761565835,0.647797288971045,0.4876625964708866,0.0314223785952637,0.08588360658313,0.1155812417258399,0.315906507926421,5
0.2594900849858357,0.2711743772241993,0.5572242760320414,0.8178194862132686,0.0703670621918885,0.1445941747437251,0.2217716898556977,0.4557088711300847,4
0.6645892351274788,0.6859430604982205,0.3976432532347544,0.6423058806478497,0.4558703739175143,0.2642694255208878,0.4405852615475907,0.2554085999526248,2
0.3473087818696884,0.3199288256227758,0.5815619223659887,0.7947751730135149,0.1111140907120462,0.2019815628387258,0.2542714877363523,0.4622109774665009,3
0.4841359773371105,0.3998220640569394,0.2587030191004302,0.6757853545418313,0.1935682457431471,0.1252474389922479,0.2701938953123655,0.1748277114838263,3
0.0759206798866855,0.2327402135231315,0.5717036352433773,0.6637559331859848,0.0176697952476484,0.0434041286813668,0.1544826976169515,0.3794716799167877,5
0.1169971671388102,0.2587188612099643,0.3366451016635885,0.7995579549983696,0.0302693738469448,0.0393865232257966,0.206860723588546,0.269167269046357,5
0.5702549575070822,0.6902135231316727,0.7482285890326601,0.4433131635204174,0.3935976833042655,0.4266810622444036,0.3059807404440746,0.3316995828404868,3
0.5535410764872521,0.5992882562277578,0.4734288354898339,0.9355049095981738,0.3317306664784812,0.2620623072371488,0.5606371059655958,0.4428949999460857,2
0.1736543909348442,0.1852313167259787,0.6200708564386943,0.4646182832711329,0.032166231488109,0.1076780269113086,0.0860618563852757,0.2880962568250073,5
0.6172804532577905,0.6177935943060496,0.6345502156500338,0.4617196275227363,0.3813519099129978,0.3916954447312815,0.2852474282489217,0.2929842892144056,3
0.7909348441926346,0.7453736654804269,0.6385551447935924,0.0960542048624949,0.5895420039720545,0.5050555139557252,0.0715962747631656,0.0613359066940038,2
0.2464589235127479,0.2434163701067615,0.832948243992611,0.7853545418312258,0.059992136541893,0.2052875275562526,0.1911681518194157,0.654159686529941,4
0.1951841359773371,0.193594306049822,0.5060844115834904,0.845501648610457,0.0377865373564666,0.0987796486065226,0.1636843049267218,0.4278952043298941,4
0.7872521246458924,0.791103202846975,0.4182840418977207,0.4420087684336388,0.6227976772554515,0.3292950006894521,0.3496745523942985,0.1848852142146561,2
0.6359773371104817,0.5553380782918148,0.5221041281577357,0.5679553607014745,0.3531824322280805,0.3320463931201464,0.3154072385674913,0.2965318384315556,2
0.5325779036827195,0.6181494661921708,0.4290665434380791,0.7160766694445451,0.3292127468672184,0.2285113602446426,0.4426424109698131,0.3072445413952229,3
0.3509915014164306,0.2359430604982205,0.6444085027726452,0.6725968332185948,0.0828140090530581,0.2261819079136848,0.1586945553110064,0.4334271182640172,4
0.1971671388101983,0.3048042704626335,0.4247535428219358,0.8060799304322621,0.0600973859042472,0.0837474407376961,0.245696605129976,0.3423853062487628,4
0.7243626062322946,0.7836298932384341,0.2359057301293923,0.6225950215587521,0.567632191787727,0.1708812895016589,0.4878840702748655,0.1468737331357421,1
0.3164305949008499,0.2540925266903915,0.5248767714109697,0.6265082068190877,0.0804026493805006,0.1660870690272105,0.1591910532629283,0.3288396048576788,4
0.8660056657223798,0.8638790035587188,0.2198860135551434,0.4424435667958983,0.7481241115804544,0.1904225335518621,0.3822177076146061,0.0972871521258688,1
0.4926345609065156,0.5934163701067615,0.3970271102895886,0.774774448349578,0.2923374129222828,0.1955892761454942,0.4597638407910751,0.307606460354443,2
0.7240793201133146,0.6827402135231316,0.3967190388170074,0.4940396391173592,0.4943580696218483,0.2872560519026263,0.3373007286998767,0.1959949307681399,2
0.4804532577903683,0.5925266903914589,0.4136629698089997,0.8128917714409942,0.2846813787263213,0.1987457214719726,0.4816600709783825,0.3362632243075802,3
0.5705382436260623,0.6062277580071175,0.4121226124460868,0.6305663248668429,0.3458761202907463,0.2351317114635747,0.3822668093988139,0.2598706411246512,2
0.7059490084985837,0.93576512455516,0.4743530499075774,0.6839015906373418,0.6606024618672689,0.3348690652605334,0.6399712571462242,0.3244108053554665,1
0.4025495750708215,0.8145907473309607,0.7035582255083206,0.5689698902134135,0.3279131591947011,0.2832170647159556,0.4634776080777592,0.4003034463262132,3
0.4830028328611899,0.3758007117437721,0.319393099199015,0.6856407840863799,0.1815128083634933,0.1542677717094392,0.2576642946602195,0.2189889349665915,3
0.5634560906515581,0.6953736654804269,0.5556839186691356,0.6111453313525852,0.3918125270936456,0.3131034884512495,0.4249743692038972,0.3396036326023519,2
0.5223796033994335,0.3455516014234875,0.339417744916819,0.1304032754809955,0.1805091085056405,0.1773049069763779,0.0450610606733262,0.0442611856935262,3
0.2722379603399434,0.2850533807829182,0.7722581638940262,0.4207036486829232,0.0776023509723468,0.2102379873943794,0.1199229973647763,0.3248918272753917,4
0.1291784702549575,0.2788256227758007,0.7799599507085659,0.7130330809087286,0.0360182674180637,0.1007540332926646,0.1988118928441241,0.5561372466391489,5
0.3606232294617564,0.3137010676156584,0.3806993222427621,0.8655023732743938,0.1131278920891595,0.1372890190410867,0.2715090185200634,0.3294961669050638,4
0.6407932011331445,0.5816725978647687,0.4611059765865697,0.5830283705931374,0.3727318459971974,0.2954735747985328,0.3391316269517733,0.2688378662000251,2
0.3997167138810198,0.2185053380782918,0.5550677757239697,0.7618754302692128,0.087340235702116,0.221869867293632,0.1664738484645183,0.4228925004582743,3
0.7280453257790369,0.8172597864768684,0.3856284658040678,0.6631762020363057,0.5950021674916578,0.2807550020159927,0.5419872412727317,0.255739621349029,1
0.6184135977337111,0.6332740213523133,0.554759704251385,0.4891119243450849,0.391625265895779,0.3430709445837885,0.3097418752213803,0.2713395864955051,2
0.2036827195467422,0.2879003558718861,0.6752156500308111,0.7021631218522411,0.0586403274424606,0.1375297598787969,0.2021530126613747,0.4741115287491245,5
0.7696883852691219,0.8551601423487544,0.4416974738139245,0.6049132214935324,0.6582068291109252,0.3399694153972897,0.5172976766010527,0.2671886418103362,1
0.4674220963172805,0.4544483985765124,0.4607979051139885,0.8068045943693611,0.2124192231306644,0.2153871227869918,0.3666510558753288,0.3717738669217428,3
0.3968838526912182,0.3352313167259787,0.6792205791743733,0.5154896916554947,0.1330478965249564,0.2695716802898859,0.1728082880923402,0.3501312069246642,3
0.3702549575070822,0.290035587188612,0.3847042513863208,0.5215768687271278,0.1073871140100611,0.1424386562498361,0.1512758533852701,0.200652838824091,4
0.7274787535410765,0.683629893238434,0.5704713493530491,0.2360592775100546,0.4973262226165152,0.4150057861582522,0.1613771786821405,0.1346650545684667,2
0.2529745042492918,0.2864768683274021,0.6114448552064111,0.7743396499873183,0.0724713437440141,0.1546799591216218,0.2218303979501036,0.4734659951670789,4
0.4645892351274789,0.6565836298932383,0.4638786198398037,0.8133265698032537,0.3050416864093233,0.2155130131833649,0.5340169114900365,0.3772848066793751,3
0.4359773371104816,0.2702846975088967,0.1160659272951321,0.6015797673828762,0.1178380026816408,0.0506021139113904,0.1625978054545531,0.0698229135432833,3
0.1940509915014164,0.1937722419928825,0.9644947627849696,0.8086887206058189,0.0376016956841712,0.1871611650163467,0.1567014264661453,0.7799760357475898,4
0.5320113314447592,0.2967971530249109,0.3964109673444227,0.4580963078372404,0.1578994485497968,0.2108951265362112,0.1359616799773161,0.1815944005266689,3
0.5963172804532578,0.597864768683274,0.5273413431916225,0.34490380086235,0.356517092940026,0.3144627556425964,0.2062058311205508,0.1818820336186475,3
0.6090651558073654,0.7699288256227758,0.5489063462723358,0.2957715859270262,0.4689368201385178,0.3343197293160119,0.2277230698053811,0.1623509005623781,2
0.4220963172804533,0.3137010676156584,0.3329482439926075,0.6404217544113915,0.1324120653675159,0.1405362276342734,0.2009009880831465,0.2132272985459377,4
0.0895184135977337,0.241103202846975,0.6801447935921168,0.8507192289575709,0.0215831762321937,0.0608854829391243,0.2051111308251794,0.5786122543841918,5
0.8538243626062324,0.8085409252669037,0.3532809611829961,0.5086778506467626,0.6903519401570675,0.3016398915029888,0.4112868600247133,0.1797062000089888,1
0.3422096317280454,0.1841637010676157,0.6003542821934715,0.4975180260154351,0.0630225923200226,0.2054470178157829,0.0916247610188568,0.2986870773868094,4
0.711331444759207,0.4638790035587188,0.4737369069624151,0.4082394289648174,0.3299717217948847,0.3369839584653327,0.1893736995215798,0.1933980843778951,2
0.6002832861189802,0.6229537366548042,0.2596272335181773,0.7618754302692128,0.3739487161392437,0.1558498889022713,0.4746131461516928,0.1978036102462667,2
0.6838526912181303,0.6033807829181496,0.4309149722735697,0.5689698902134135,0.412623572227879,0.2946823634754666,0.343305497813823,0.245177644465809,2
0.3691218130311615,0.241103202846975,0.5196395563770793,0.5523026196601326,0.0889964513624953,0.1918102951726159,0.1331619305408326,0.28699828826609,4
0.5861189801699717,0.8110320284697509,0.3428065311152188,0.7424544367549548,0.4753612654118738,0.2009254144128577,0.6021543278877374,0.2545182299750697,2
0.8507082152974504,0.93576512455516,0.5541435613062227,0.3505561795717236,0.7960630790479166,0.47141448005739,0.328038247040515,0.1942584497857786,1
0.4968838526912182,0.249644128113879,0.5236444855206415,0.440124642197181,0.1240441361789642,0.2601904894060071,0.1098745325627482,0.2304688418282992,4
0.6359773371104817,0.7532028469750888,0.3563616759088113,0.5156346244429144,0.4790199409232505,0.2266379496927142,0.3883774671293338,0.1837524189230875,2
0.5705382436260623,0.7601423487544482,0.4928373382624791,0.553607014746911,0.4336902805641526,0.2811825493656184,0.4208201364766553,0.2728382075913046,2
0.4039660056657224,0.7135231316725977,0.522720271102898,0.8108627124171166,0.2882390894518766,0.2111612199979412,0.578569301920398,0.4238543768619064,3
0.8045325779036828,0.9676156583629892,0.3052218114602603,0.3314250516323054,0.778478320042745,0.245560890806555,0.3206920695331809,0.1011581546225225,1
0.3356940509915014,0.3494661921708185,0.7719500924214451,0.6939019529693105,0.1173137217343965,0.2591390536882188,0.2424952732440793,0.5356576767260804,4
0.2252124645892351,0.2455516014234874,0.5322704867529318,0.786079205768325,0.0553012813404171,0.1198739481497395,0.1930230078221153,0.4184067614806643,5
0.3932011331444759,0.2480427046263345,0.6813770794824414,0.4262110946048769,0.0975306725272952,0.2679182397511696,0.1057185526475441,0.2904104708848855,3
0.0985835694050991,0.2850533807829182,0.7303604436229243,0.763324758143411,0.0281015797485709,0.0720015394846395,0.2175883029440826,0.5575022089859831,5
0.7056657223796035,0.7161921708185052,0.5390480591497244,0.3021486285734989,0.5053922655832568,0.3803877380572135,0.2163964822078884,0.1628726318072955,2
0.3079320113314448,0.285409252669039,0.7602433764633432,0.6870901119605781,0.0878866452269817,0.234103272015766,0.1961018753709549,0.5223557066514865,4
0.7770538243626063,0.6934163701067614,0.4490911891558866,0.4915757817312221,0.5388218422670954,0.3489680260211323,0.3408666942004576,0.220762352377909,2
0.4895184135977338,0.3163701067615658,0.4752772643253244,0.2114207036486828,0.1548689927716673,0.2326569724516036,0.0668871905849391,0.100483453651881,3
0.0920679886685552,0.2718861209964412,0.7571626617375244,0.9063734193267872,0.0250320083070377,0.0697104433611034,0.246430353155041,0.6862721107056116,5
0.6917847025495751,0.8071174377224198,0.3948706099815169,0.6127395920142034,0.5583514965773795,0.2731654474716329,0.4945528094975847,0.2419528564584742,2
0.7178470254957507,0.8637010676156583,0.3283271719038829,0.6269430051813472,0.6200052423054047,0.2356886837406343,0.5414913429092988,0.2058424238361131,1
0.6135977337110482,0.7161921708185052,0.5439772027110337,0.5604188557556433,0.4394538929158307,0.3337831787739657,0.4013675968712569,0.3048550815004731,2
0.5090651558073654,0.344306049822064,0.5787892791127582,0.0,0.1752742128980875,0.294641454551169,0.0,0.0,4
0.3189801699716714,0.2752669039145907,0.4031885397412225,0.7779629696728143,0.0878046837982518,0.1286091489372851,0.2141474580220362,0.3136657537151269,4
0.190084985835694,0.2338078291814946,0.5005391250770188,0.476792637414399,0.0444433578982387,0.0951449725004757,0.11147785152358,0.2386533695745675,5
0.2430594900849859,0.2775800711743772,0.819393099199015,0.7763687090111961,0.0674684705573982,0.1991612688704688,0.2155044815048871,0.6361511625978223,4
0.8042492917847026,0.5612099644128113,0.3073783117683319,0.1670712706982136,0.4513527164215217,0.2472087895496584,0.0937620618829476,0.0513540851322068,2
0.626628895184136,0.6884341637010675,0.4983826247689507,0.7950650385883546,0.4313927394070145,0.3123009535379373,0.5473499349285309,0.3962466007936912,2
0.546742209631728,0.3215302491103202,0.4062692544670376,0.4559223160259429,0.1757941588620164,0.2221245498927429,0.1465928158467755,0.1852272194267449,2
0.4186968838526912,0.2923487544483986,0.3006007393715357,0.6194065002355158,0.12240551248576,0.1258605928586769,0.1810827188410947,0.1861940519423313,3
0.8133144475920681,0.801423487544484,0.2152649414664189,0.4807058226747345,0.6518093010595506,0.1750780869546993,0.385248936890926,0.1034791107806434,2
0.3946175637393768,0.3265124555160142,0.8560536044362337,0.6843363889996013,0.1288475497262911,0.3378137878129387,0.2234443547712221,0.5858286324499852,3
0.5507082152974505,0.332562277580071,0.2704097350585357,0.7349179318091235,0.1831447783613762,0.1489168625931426,0.2444059812368774,0.1987289632302721,2
0.2957507082152975,0.3419928825622775,0.6025107825015432,0.7244827711148956,0.1011446372223846,0.1781929906321844,0.2477679512602898,0.4365086813333221,4
0.1325779036827195,0.3254448398576511,0.7238909426987057,0.6031740280444944,0.0431467946326857,0.095971943677902,0.1962998749632348,0.4366322157725046,5
0.3481586402266289,0.4192170818505338,0.4524799753542829,0.7714409942389218,0.1459540491768572,0.1575348129491257,0.3234012424247152,0.3490616020605108,3
0.6461756373937678,0.5925266903914589,0.4472427603203925,0.3688177107866226,0.3828763118365206,0.2889973757197777,0.2185343375301517,0.1649510510272573,2
0.4019830028328612,0.3199288256227758,0.5230283425754791,0.6844813217870211,0.1286059500166342,0.2102485037151855,0.218985305440047,0.3580031312581389,3
0.7609065155807366,0.7275800711743771,0.3403419593345695,0.655059965940795,0.5536204167632796,0.2589684143831881,0.4766085766426886,0.2229443922899265,1
0.7753541076487253,0.7629893238434161,0.4044208256315471,0.534475886807493,0.5915869063341161,0.3135693483721089,0.4077993954858593,0.2161531794228396,1
0.7079320113314448,0.7642348754448399,0.4352279728897095,0.4393999782600818,0.5410263325033017,0.3081118142355196,0.335804787656059,0.1912391618259178,2
0.4235127478753542,0.3258007117437722,0.4423136167590904,0.5708540164498712,0.1379807546903511,0.1873254552563287,0.185984644861159,0.2524965046573958,3
0.2161473087818697,0.2572953736654804,0.503619839802834,0.8752128700315229,0.0556137025798191,0.1088560730225389,0.2251882224315982,0.4407745653986541,5
0.2728045325779037,0.154270462633452,0.6672057917436867,0.6217254248342332,0.0420856814492958,0.1820167641499066,0.0959138689201566,0.4148188043237045,4
0.3297450424929178,0.3163701067615658,0.5726278496611243,0.6256386100945686,0.1043214742975814,0.1888211946191356,0.1979333538697762,0.3582580919634274,4
0.4150141643059491,0.6389679715302491,0.7118761552680226,0.6286821986303852,0.2651807587228938,0.2954386876678905,0.4017077891960344,0.4475438664464459,3
0.3144475920679887,0.2734875444839857,0.6391712877387548,0.9057936881771078,0.0859974998235762,0.200985872348447,0.2477232915886502,0.578957318097798,3
0.475070821529745,0.6955516014234876,0.3933302526186075,0.5276640457987607,0.330436270704586,0.186859726244024,0.3670175720689245,0.207546232431783,2
0.3198300283286119,0.2610320284697509,0.643176216882317,0.7727453893257001,0.0834858810601554,0.2057070676657608,0.2017112964663348,0.497011456119757,4
0.3297450424929178,0.281138790035587,0.7741065927295132,0.7507156056378854,0.0927041222666921,0.2552578113136411,0.211055277029868,0.5811338995892165,3
0.2322946175637394,0.3263345195729538,0.5797134935305017,0.8813000471031558,0.0758057524220459,0.1346643242762072,0.2875986274710299,0.5109015291547662,4
0.4393767705382437,0.2902135231316726,0.5026956253850905,0.5349106851697524,0.1275130805601202,0.2208727804454038,0.1552383145038907,0.2688972614065759,3
0.5575070821529745,0.6389679715302491,0.7054066543438076,0.4644733504837131,0.3562291693970341,0.393269205594508,0.2967835945884365,0.3276425921965747,3
0.6161473087818697,0.4234875444839856,0.1970887245841019,0.5191130113409906,0.2609307108364501,0.1214356872437455,0.2198378944824835,0.1023113213202082,2
0.2609065155807366,0.2298932384341637,0.5113216266173772,0.9347802456610744,0.0599806437954291,0.1334071439418143,0.2148996578993075,0.4779733557412121,4
0.9011331444759209,0.9218861209964412,0.3840881084411585,0.4717199898547048,0.8307421390622323,0.3461145249153896,0.4348721116436344,0.181182038617176,1
0.0779036827195467,0.2653024911032029,0.438000616142947,0.7112938874596904,0.0206680410916092,0.0341218610309661,0.1887080402495371,0.3115471609660564,5
0.369971671388102,0.291814946619217,0.780884165126313,0.6818725316134642,0.1079632635367414,0.2889050197322846,0.1989805964138933,0.5324634625715454,3
0.2538243626062323,0.3455516014234875,0.4916050523721509,0.7681075401282655,0.0877094149788795,0.1247813390723646,0.2654207905567778,0.3776055474922,4
0.5563739376770538,0.6177935943060496,0.6471811460258792,0.6020145657451357,0.3437242547357171,0.3600747226047667,0.371920742396283,0.3896124765832089,3
0.3237960339943343,0.5149466192170817,0.6203789279112755,0.7366571252581615,0.1667376730212817,0.200876236431328,0.3793390961738646,0.4570065576058604,4
0.5900849858356941,0.5925266903914589,0.4549445471349358,0.4320084061016702,0.3496411037069147,0.2684559466521449,0.2559765110887119,0.1965398686724097,2
0.2807365439093485,0.2702846975088967,0.7340573012939018,0.7979636943367512,0.0758787918502313,0.2060767097966733,0.2156773757468905,0.5857510759953475,4
0.7062322946175638,0.6140569395017793,0.4802064078866301,0.4596905684988586,0.4336668414101801,0.3391372733318325,0.2822761836102421,0.2207463566381997,2
0.3031161473087819,0.435409252669039,0.3603666050523735,0.9146345882097178,0.131979575171635,0.1092329369422208,0.3982403625176474,0.3296037614166116,3
0.2286118980169972,0.2544483985765123,0.6437923598274793,0.65056704953078,0.0581699313459618,0.1471785933090016,0.1655357439197535,0.4188300960434215,5
0.6569405099150142,0.7612099644128113,0.2599353049907584,0.3763542157324541,0.500069662173742,0.1707620318055435,0.2864845791643128,0.0978277478509731,2
0.6713881019830029,0.8576512455516013,0.2981361675908829,0.9488387260407984,0.575816841914248,0.2001650756913293,0.8137727152164854,0.2828831414436193,2
0.26657223796034,0.2948398576512455,0.8076863832409131,0.5534620819594911,0.0785961206940005,0.215306766750623,0.1631826814602983,0.4470237872388471,5
0.5634560906515581,0.4209964412811388,0.3643715341959357,0.748396681039168,0.2372130089824886,0.2053073602027524,0.3150723393841052,0.272694446857388,2
0.5104815864022663,0.686476868327402,0.7054066543438076,0.6360737707887967,0.3504338007722318,0.360097107968142,0.4366499301962948,0.4486906705679749,2
0.298300283286119,0.2715302491103202,0.5966574245224905,0.3251929417732526,0.0809975502303589,0.177983078759825,0.0882997204886091,0.1940287831113211,4
0.243342776203966,0.3496441281138789,0.6675138632162678,0.9031848980035508,0.0850833728186464,0.162434676629681,0.3157932961880741,0.6028884404649411,4
0.3342776203966006,0.302135231316726,0.6428681454097358,0.835936084640748,0.1009970461625316,0.2148964338763423,0.2525657422989306,0.5373966804140736,4
0.6725212464589236,0.5976868327402135,0.6225354282193472,0.2996847711873618,0.4019570937465346,0.4186683021509151,0.1791176417114498,0.1865643873619413,2
0.3226628895184136,0.2921708185053381,0.4182840418977207,0.489836588282184,0.0942726805318923,0.1349647375981597,0.143115956932268,0.2048908280160616,4
0.6818696883852692,0.7316725978647688,0.2257393715341962,0.4637486865466139,0.4989053663060903,0.1539248349243088,0.3393122062419353,0.1046863370508415,1
0.36657223796034,0.281138790035587,0.3902495378927924,0.8086887206058189,0.1030576754408072,0.1430546464683494,0.2273537684265467,0.3155903995155343,4
0.1702549575070822,0.2733096085409252,0.7781115218730754,0.8256458567339395,0.0465323157884124,0.1324773440922715,0.2256569458973898,0.6424445541114449,5
0.2801699716713881,0.0,0.3615988909426981,0.8833291061270336,0.0,0.101309151031821,0.0,0.3194108251129402,4
0.1291784702549575,0.2749110320284698,0.8954867529266828,0.8672415667234319,0.0355125865736493,0.1156776088766479,0.2384142741259257,0.7766033345882152,5
0.6280453257790369,0.4441281138790035,0.3542051756007396,0.5302728359723178,0.2789325859687679,0.2224569049027875,0.2355090744816557,0.187825382981877,2
0.6512747875354108,0.6140569395017793,0.6739833641404829,0.4293996159281132,0.3999198028086659,0.4389483722829944,0.2636758139800567,0.289408197703861,2
0.6254957507082154,0.4412811387900355,0.2454559457794225,0.6199862313851949,0.2760194771808494,0.1535316510710949,0.2735882302198013,0.1521793067948729,2
0.7385269121813032,0.8083629893238434,0.2510012322858905,0.5991159099967389,0.5969978224269858,0.1853711650338007,0.4843031279564386,0.1503788316912641,1
0.1524079320113314,0.2498220640569394,0.447858903265562,0.8621689191637378,0.0380748641537205,0.0682572492795672,0.2153888189512255,0.3861300265663266,5
0.6342776203966006,0.6332740213523133,0.5516789895255734,0.409543824051596,0.4016715393223313,0.3499176366990818,0.2593534643771584,0.2259367230192236,2
0.906798866855524,0.8350533807829182,0.3622150338878604,0.2288126381390629,0.7572254594578247,0.3284561822875471,0.1910707670438829,0.0828793774775114,1
0.3648725212464589,0.5149466192170817,0.6499537892791132,0.612159860864524,0.1878898712610768,0.2371502777879597,0.3152296507725858,0.3978756212134721,3
0.6518413597733712,0.8809608540925268,0.4118145409735056,0.6141889198884019,0.5742467210387832,0.2684377503626166,0.541076395439053,0.2529319281148554,1
0.3053824362606233,0.2610320284697509,0.6730591497227358,0.786079205768325,0.0797145967961449,0.2055404428898326,0.2051918496195965,0.5290778018491523,4
0.4883852691218132,0.3327402135231316,0.619454713493532,0.6173774412116382,0.1625054187291442,0.3025325569583142,0.2054263016131251,0.3824373659631252,3
0.1048158640226629,0.1816725978647686,0.9053450400492942,0.6928874234573716,0.0190421703144375,0.0948945226113991,0.1258786582473267,0.6273021921396664,5
0.9033994334277622,0.7635231316725978,0.315696241528034,0.2789593825863254,0.6897663645620155,0.2851998057316999,0.2129919414017655,0.0880664286214838,1
0.686685552407932,0.5603202846975089,0.4888324091189169,0.4047610420667415,0.3847638442228787,0.3356741528907237,0.226795822325297,0.1978603153109685,2
0.3580736543909348,0.2530249110320284,0.4774337646333961,0.6933222218196311,0.0906015545451795,0.1709564528319015,0.1754277934924404,0.331015438467337,4
0.8121813031161474,0.795017793594306,0.4256777572396828,0.3266422696474509,0.6456985876019478,0.3457275155824846,0.2596864165097527,0.1390443487632066,1
0.5062322946175638,0.5567615658362989,0.734365372766483,0.5230261966013261,0.2818506850281774,0.3717594677432592,0.2912008841931582,0.3840923278337686,3
0.5532577903682719,0.4039145907473309,0.5415126309303773,0.4647632160585527,0.2234688939743731,0.2995960816450501,0.1877246442087036,0.2516751518875302,3
0.6011331444759207,0.7074733096085409,0.5969654959950716,0.5599840573933836,0.4252856552377688,0.358855745751145,0.3961737744121162,0.3342911605711739,2
0.6342776203966006,0.5998220640569395,0.3800831792975998,0.8273850501829776,0.3804537114514129,0.2410782545176561,0.4962838085706081,0.3144751403768503,2
0.6439093484419264,0.4039145907473309,0.4962261244608754,0.3480923221855864,0.2600843809543012,0.3195246404814645,0.1405995678578791,0.1727325039927399,2
0.8628895184135978,0.827224199288256,0.3434226740603812,0.4075147650277183,0.7138030909439173,0.2963358258322723,0.337106075198196,0.1399498103249069,1
0.1643059490084986,0.2829181494661921,0.3739217498459624,0.9588390883727672,0.0464851350397709,0.0614375679633592,0.2712729805182739,0.3585307897450525,5
0.3413597733711048,0.288612099644128,0.732516943930996,0.5736077394108481,0.0985205609266782,0.2500518179707791,0.1655501340434866,0.4201773882884015,3
0.6385269121813032,0.6023131672597865,0.6561152187307471,0.3376571614913582,0.3845931668565323,0.4189472246513043,0.2033753543858091,0.2215420023679057,2
0.7736543909348443,0.7466192170818503,0.5328866296980941,0.2556252038117321,0.5776252356517092,0.4122700809364009,0.1908546895363038,0.1362192533251223,2
0.4594900849858358,0.596085409252669,0.5877233518176226,0.8386898076017246,0.2738953353563256,0.2700530528748397,0.4999307572003162,0.4929175848589626,3
0.2487252124645892,0.2879003558718861,0.7094115834873733,0.5994057755715785,0.0716080771828657,0.1764485468277375,0.1725691360987213,0.4252254003997106,4
0.73314447592068,0.7939501779359431,0.3575939617991395,0.4314286749519909,0.5820801871099777,0.2621680377156298,0.3425328732448013,0.1542762891098356,1
0.3796033994334278,0.4540925266903914,0.5338108441158376,0.9992753360629008,0.1723750667889871,0.2026364110807995,0.4537634622121926,0.5334240106478743,3
0.4280453257790369,0.4544483985765124,0.5039279112754187,0.7508605384253053,0.1945245128184448,0.2157039869510362,0.3412273692416778,0.3783795827878004,3
0.6898016997167139,0.6832740213523131,0.4041127541589659,0.5450559802891408,0.4713235813010998,0.2787576646960572,0.3724225915142883,0.2202640733654597,2
0.3390934844192635,0.2332740213523131,0.5633857054836753,0.3860647124895828,0.0791017007248495,0.1910404219444644,0.0900588679846695,0.2175033404082958,4
0.4490084985835694,0.6177935943060496,0.6256161429451659,0.8086887206058189,0.2773945742139061,0.2809069650334526,0.4996027113778296,0.5059287182286732,3
0.8019830028328613,0.8508896797153026,0.4737369069624151,0.4370810536613645,0.6823990604175699,0.3799289471984695,0.3719077577595454,0.2070614264534082,1
0.4498583569405101,0.3377224199288257,0.6900030807147246,0.4341823979129677,0.1519272529311545,0.3104036521742161,0.1466331301136677,0.2995871921520541,3
0.6042492917847027,0.5976868327402135,0.6348582871226149,0.5085329178593426,0.361151845392316,0.3836126703774895,0.3039434290194897,0.3228463371776477,2
0.3447592067988669,0.2459074733096085,0.3911737523105394,0.8399942026885032,0.0847788654441341,0.134860752567118,0.2065608519778489,0.3285836841847616,4
0.6402266288951842,0.7850533807829182,0.3520486752926715,0.6517265118301387,0.5026120794814152,0.2253909365896424,0.5116401014581089,0.2294394551429139,2
0.3560906515580737,0.3455516014234875,0.4278342575477509,0.5133156998441972,0.1230476948978254,0.1523477795290433,0.1773770621169806,0.2196140413304462,3
0.593201133144476,0.8110320284697509,0.3424984596426377,0.7360773941084822,0.4811051183047191,0.2031704743602502,0.5969823420545305,0.2521053736599219,2
0.7118980169971673,0.7161921708185052,0.5359673444239057,0.2691039530417767,0.5098557861945903,0.3815540896706162,0.1927301443048311,0.1442309310857764,2
0.4813031161473088,0.3998220640569394,0.2756469500924225,0.6610022102250082,0.1924356053350538,0.1326697360359846,0.2642832680383617,0.1822032432528738,3
0.6413597733711048,0.7074733096085409,0.5855668515095509,0.377223812456973,0.4537449215166393,0.3755590231777969,0.2668757790620862,0.2208897601748589,2
0.6220963172804533,0.7788256227758005,0.4355360443622906,0.8441972535236784,0.484504551732481,0.2709453692406771,0.6574824517211991,0.3676783324612127,1
0.6461756373937678,0.7642348754448399,0.4170517560073961,0.6379578970252546,0.4938299577591162,0.2694886842642693,0.4875496739721475,0.266061461213168,2
0.4827195467422098,0.7466192170818503,0.4928373382624791,0.7421645711801153,0.3604076900587743,0.237902216543701,0.5541143310803848,0.3657664118131222,2
0.5702549575070822,0.5603202846975089,0.434303758471966,0.6747708250298923,0.3195254201405341,0.247663871332597,0.3780877807863222,0.2930555054177116,2
0.6742209631728046,0.596085409252669,0.5233364140480603,0.344034204137831,0.4018932787595898,0.3528443811428848,0.2050737693704152,0.1800456267033708,2
0.4861189801699717,0.3215302491103202,0.4869839802834264,0.6453494691836661,0.1563019567913058,0.2367321558544928,0.207499375589837,0.3142748531768581,3
0.6133144475920681,0.4596085409252668,0.3908656808379547,0.609551070690967,0.2818845583861764,0.2397235691258278,0.2801548782197095,0.238252594251129,2
0.5447592067988669,0.8809608540925268,0.3751540357362941,0.8273850501829776,0.4799115360962972,0.2043686149350973,0.7288938404725841,0.3103968406840202,2
0.0685552407932011,0.2327402135231315,0.6022027110289621,0.6591180839885502,0.0159555613803393,0.0412841518609089,0.1534032836044525,0.39692269706612,5
0.6405099150141644,0.6752669039145908,0.4845194085027735,0.5889706148773506,0.4325151472382125,0.3103394851628246,0.3977123636049013,0.2853676939458887,2
0.6031161473087819,0.6062277580071175,0.3218576709796679,0.7941954418638355,0.3656257498008933,0.1941175585030348,0.481463322140585,0.2556178952209623,2
0.6563739376770539,0.598220640569395,0.4136629698089997,0.6869451791731584,0.3926564374502233,0.2715175923647174,0.4109447851210246,0.2841637829127441,2
0.8824362606232296,0.848220640569395,0.512861983980283,0.3314250516323054,0.7485006502474973,0.4525680113593716,0.2811215695962988,0.1699753095209119,2
0.574787535410765,0.8172597864768684,0.3477356746765281,0.6408565527736512,0.4697507384593672,0.1998741314217211,0.5237462894820961,0.2228486857496196,2
0.8628895184135978,0.827224199288256,0.3378773875539131,0.3601217435414325,0.7138030909439173,0.2915508562292406,0.2979014209473521,0.1216769939091395,1
0.2988668555240794,0.4873665480427046,0.8973351817621698,0.5441863835646218,0.1456577077011482,0.2681837441243879,0.2652182392497329,0.4883175874084577,4
0.3201133144475921,0.2861209964412811,0.5741682070240302,0.6273778035436066,0.0915911405038662,0.1837988878008935,0.179505962295039,0.3602203885873068,4
0.3220963172804533,0.4868327402135231,0.8551293900184902,0.6492626544440014,0.1568070327543274,0.2754340273232361,0.3160823171812789,0.5552035776564848,4
0.1762039660056657,0.2724199288256228,0.7152649414664225,0.575491865647306,0.0480014718780559,0.1260325194311939,0.156775453079364,0.4116291555966226,5
0.3875354107648726,0.2427046263345195,0.5883394947627849,0.5818689082937787,0.0940566370610829,0.2280023877720934,0.1412222759631163,0.342336459523735,3
0.7991501416430595,0.7629893238434161,0.3970271102895886,0.5009964129135114,0.6097430262216083,0.3172842714240593,0.3822549143368569,0.1989091580845009,1
0.3660056657223797,0.2667259786476869,0.4386167590881094,0.4933149751802601,0.0976232193803998,0.1605362189070361,0.1315799195365142,0.2163762156231967,4
0.0841359773371104,0.3112099644128113,0.4977664818237848,0.9211565636436104,0.0261839545129192,0.0418800694338991,0.2866731013901555,0.4585208618937673,4
0.8070821529745044,0.8295373665480427,0.2306685150955019,0.3541794992572193,0.6695048037663949,0.1861684417867096,0.2938051290991381,0.0816980591709312,1
0.221529745042493,0.2653024911032029,0.4019562538508943,0.7227435776658575,0.0587723932132308,0.0890452664338242,0.1917456715835932,0.290511300973361,4
0.3237960339943343,0.2578291814946619,0.4845194085027735,0.4178049929345265,0.0834840664159769,0.1568854628664788,0.1077223193526919,0.2024346280461422,4
0.5983002832861191,0.6720640569395017,0.4524799753542829,0.6656400594224428,0.4020961156533223,0.2707188974357636,0.4473527587968978,0.3011887976822903,2
0.3609065155807366,0.3092526690391459,0.9358441158348754,0.5141852965687163,0.1116113032169608,0.3377522389727001,0.1590131753445602,0.4811972842426434,3
0.6971671388101984,0.6033807829181496,0.4925292667898944,0.495923765353817,0.4206572540401038,0.3433752197081955,0.2992308698069028,0.2442569685333991,2
0.4835694050991502,0.3261565836298932,0.6117529266789923,0.2277981086271241,0.1577193451150786,0.2958249988218243,0.0742978528671741,0.1393561596445821,3
0.6419263456090651,0.8110320284697509,0.3437307455329659,0.7302800826116889,0.5206228262074944,0.2206498213534563,0.5922805367516153,0.2510197172439917,2
0.368271954674221,0.2966192170818506,0.6320856438693774,0.5996956411464185,0.1092365388686702,0.2327794155892891,0.177881251564249,0.379059005459693,4
0.3113314447592069,0.299288256227758,0.5963493530499093,0.7643392876553499,0.0931778452108516,0.1856623056662466,0.2287577725687364,0.4558132397038964,4
0.2240793201133145,0.2544483985765123,0.6591959334565622,0.6508569151056196,0.0570166241569465,0.1477121765904081,0.1656094997510739,0.4290422316997074,5
0.4512747875354108,0.3352313167259787,0.6764479359211357,0.3975144026957498,0.151281441230732,0.3052638985615777,0.1332592766332371,0.2688977972024631,3
0.7886685552407933,0.8165480427046262,0.1280807147258187,0.6204210297474546,0.6439857651245551,0.1010132322370196,0.5066035774930727,0.0794639689209824,1
0.5773371104815864,0.6690391459074733,0.6970887245841055,0.5333164245081342,0.3862611272972891,0.4024551900006819,0.3568095651513495,0.3717688661601306,3
0.7926345609065156,0.6637010676156582,0.3569778188539736,0.251422152976557,0.5260724043027228,0.282952956700685,0.1668691513527682,0.0897521317811414,2
0.7172804532577904,0.7845195729537365,0.5233364140480603,0.289829341642813,0.5627205548778643,0.3753789802746994,0.2273767913350822,0.1516782483412599,1
0.6461756373937678,0.8026690391459074,0.4201324707332112,0.6021594985325553,0.5186651779863499,0.2714793670658512,0.4833347860997076,0.2529867578939539,2
0.7603399433427762,0.7635231316725978,0.3095348120764036,0.3133084532048261,0.5805371346768421,0.2353516814767896,0.2392182513704463,0.0969798731847045,1
0.8512747875354109,0.7870106761565837,0.3603666050523735,0.4141816732490307,0.6699623461332959,0.3067710051508165,0.3259653987153849,0.1492572434636646,2
0.7294617563739377,0.68576512455516,0.5026956253850905,0.2146092249719191,0.5002394322179992,0.3666972338149031,0.1471715218935544,0.1078831185606684,2
0.2968838526912181,0.2731316725978647,0.7023259396179959,0.7525997318743434,0.0810883832528504,0.2085092307987704,0.2055588235635439,0.5285703138449,4
0.1991501416430595,0.3048042704626335,0.4118145409735056,0.8395594043262438,0.0607018136360428,0.0820129241655451,0.2559012917457038,0.3457427707126019,5
0.8161473087818698,0.6998220640569394,0.2870455945779433,0.3028732925105981,0.5711578942062444,0.2342714895124801,0.2119574127124879,0.0869384443304839,2
0.061756373937677,0.2540925266903915,0.4503234750462113,0.759701438457915,0.0156918330930609,0.0278103449178679,0.1930344580280966,0.3421113917639737,5
0.6110481586402267,0.595373665480427,0.4731207640172528,0.67694481684119,0.3638019819946972,0.2890995716671995,0.4030351169307156,0.320276648941423,2
0.7266288951841361,0.7327402135231317,0.1687461491065924,0.5207072720026088,0.5324302118093012,0.1226158278919007,0.381543157670239,0.0878673469622392,1
0.776487252124646,0.6204626334519573,0.3948706099815169,0.4396898438349215,0.4817813252951317,0.3066119948893309,0.2728111184078952,0.1736205968377733,2
0.5781869688385269,0.4202846975088967,0.5840264941466451,0.3191057647016195,0.2430031353018861,0.3376765083720404,0.1341152697909653,0.186366221020671,2
0.1413597733711048,0.2492882562277579,0.7186537276648188,0.6105656002029058,0.0352393314044337,0.1015887280749984,0.1522068337872368,0.4387852445697257,5
0.0759206798866855,0.2653024911032029,0.4651109057301319,0.6570890249646726,0.0201419455001864,0.0353115361857436,0.1743273551997023,0.3056192715466481,5
0.5869688385269123,0.8809608540925268,0.4004158964879849,0.8992717127432153,0.5170965693143671,0.2350316536892648,0.7922231761195123,0.3600826890443602,2
0.6181303116147309,0.6229537366548042,0.2491528034504,0.731874343273307,0.3850665873599951,0.1540089000364795,0.4559238569038875,0.1823485443999648,2
0.2337110481586403,0.2535587188612099,0.738062230437464,0.621000760897134,0.0592594739548153,0.1724932974818436,0.1574601573449138,0.4583372066911009,4
0.2628895184135977,0.3039145907473308,0.5319624152803435,0.893474401246422,0.0798959604004314,0.1398473431671837,0.2715399069980228,0.4752948004782054,4
0.1651558073654391,0.2281138790035587,0.6388632162661736,0.6862205152360594,0.0376743318580948,0.105511970278521,0.1565364235823181,0.4384010454315397,5
0.9104815864022664,0.7612099644128113,0.1668977202711055,0.2582339939852892,0.6930676559837892,0.1519573011193578,0.1965702893717201,0.0430986648926471,1
0.8660056657223798,0.7774021352313166,0.1185304990757849,0.2128700315228812,0.6732346536549959,0.102648083760531,0.1654856170326455,0.0252315910746851,1
0.2155807365439094,0.285409252669039,1.0,0.829703974781695,0.0615287369068381,0.2155807365439094,0.2368051913789747,0.829703974781695,4
0.6830028328611899,0.6220640569395018,0.5895717806531131,0.3093952679444907,0.4248715131108043,0.4026791963610923,0.1924636755754341,0.1824107190476804,2
0.4728045325779037,0.4754448398576512,0.2870455945779433,0.9989854704880612,0.224792475275473,0.1357164581729709,0.4749624870363165,0.2867543783509719,3
0.3203966005665722,0.4035587188612098,0.4626463339494755,0.9986956049132214,0.1292988416521326,0.1482303126619991,0.4030323188511006,0.4620428603445557,3
0.9212464589235128,0.7774021352313166,0.1225354282193471,0.0976484655241131,0.7161789642414282,0.1128853293397497,0.0759121256005071,0.0119653965379593,1
0.7784702549575071,0.7946619217081848,0.4071934688847811,0.2285227725642232,0.6186206687971932,0.3169880035397672,0.181598345599968,0.0930529804795939,2
0.413314447592068,0.3476868327402135,0.3791589648798528,0.7412949744555961,0.143703991209057,0.1567118781188966,0.2577385017947037,0.2810686351852207,3
0.5560906515580737,0.6690391459074733,0.7195779420825659,0.705641508750317,0.3720464145655439,0.4001505666595119,0.4721017923311729,0.50776406471459,3
0.2730878186968838,0.2813167259786476,0.6490295748613697,0.7750643139244175,0.0768241710604578,0.1772420708686573,0.2180385552161038,0.5030396621565839,4
0.3628895184135978,0.3466192170818506,0.8163123844731999,0.7827457516576688,0.1257844807597311,0.2962312080765352,0.2713147196137258,0.6389650509719388,3
0.7784702549575071,0.5663701067615657,0.3508163894023397,0.4195441863835645,0.4409022814109866,0.2731001241013115,0.2376172856332536,0.1471829766618243,2
0.236543909348442,0.2747330960854092,0.9617221195317393,0.8004275517228885,0.0649864405754438,0.2274895098609072,0.2199039394768931,0.7697888815745372,4
0.6696883852691219,0.7870106761565837,0.3572858903265583,0.7537591941737019,0.5270519089048623,0.2392702109722334,0.5932165330658867,0.2693075247821802,2
0.8546742209631729,0.8551601423487544,0.4235212569316076,0.4188195224464653,0.7308833284606777,0.3619727003293655,0.3581577624337566,0.1773789705740226,1
0.68328611898017,0.7330960854092526,0.2482285890326565,0.6549150331533751,0.5009143790388435,0.1696111492200474,0.4801156470804101,0.1625686346159377,1
0.8696883852691218,0.8160142348754448,0.268253234750464,0.2382332693213521,0.7096781022854435,0.2332967225733496,0.1944017389871389,0.0639068451206311,1
0.2711048158640227,0.4873665480427046,0.9019562538508978,0.6021594985325553,0.1321274182654017,0.2445246841176513,0.2934723961709375,0.5431215255171589,4
0.2430594900849859,0.2644128113879003,0.3961028958718415,0.7552085220479001,0.0642680431078805,0.096276567891796,0.1996868084987863,0.2991402825702667,4
0.3339943342776204,0.2818505338078292,0.5855668515095509,0.7810065582086307,0.0941364814049378,0.1955760107449746,0.220127115338518,0.4573315512985387,4
0.8016997167138811,0.6526690391459075,0.4244454713493546,0.2434508496684662,0.523244583791195,0.3402778141412673,0.1588928321323726,0.103331610637933,2
0.8903682719546744,0.8715302491103202,0.1745995070856452,0.2012754085292943,0.7759828818565827,0.1554578614079838,0.1754176069353173,0.0351425871176766,2
0.6736543909348442,0.658896797153025,0.2913585951940867,0.6217254248342332,0.4438687205750406,0.1962749969891043,0.40965289113188,0.1811450463761489,2
0.6379603399433428,0.6220640569395018,0.5723197781885432,0.4172252617848472,0.3968521972316595,0.3651173202494615,0.2595408390035277,0.2387862692793606,2
0.767988668555241,0.6345195729537366,0.4398490449784376,0.3618609369904706,0.4873038420049803,0.3377990824182845,0.2296078472078324,0.159164187550261,2
0.3912181303116148,0.5912811387900355,0.5236444855206415,0.9628972064205223,0.2313199016059601,0.2048592165733728,0.5693429567500704,0.5042158122653373,3
0.1609065155807366,0.190747330960854,0.7195779420825659,0.7902822566035002,0.0306924883812365,0.1157847793492627,0.1507442311528384,0.5686696798711129,5
0.4679886685552408,0.3377224199288257,0.6973967960566867,0.2975107793760642,0.158050265643745,0.3263737980412596,0.1004760603657953,0.2074830643291949,4
0.5543909348441927,0.332562277580071,0.2704097350585357,0.731874343273307,0.1843695119615294,0.149912705810072,0.2433937985013897,0.1979059472606747,2
0.6322946175637394,0.8508896797153026,0.4839032655576112,0.8747780716692632,0.53801296462452,0.3059694302335944,0.7443396332246295,0.4233079655189465,2
0.2186968838526912,0.2645907473309608,0.6416358595194112,0.8389796731765644,0.0578651719375358,0.1403237630450383,0.2219862587212724,0.5383194437179596,5
0.1988668555240793,0.294661921708185,1.0,0.6928874234573716,0.0585984898127891,0.1988668555240793,0.204167539723382,0.6928874234573716,5
0.6957507082152975,0.5185053380782918,0.5412045594577961,0.5094025145838617,0.3607504561813838,0.3765434555321097,0.2641279230422371,0.2756909634920524,3
0.3747875354107649,0.2845195729537366,0.2272797288971055,0.9846371245334976,0.1066343895234542,0.0851816094421729,0.2801485341866659,0.2237880587259988,4
0.6606232294617564,0.4731316725978648,0.2620918052988301,0.4476611471430123,0.3125617735122438,0.173143934831975,0.2118026673048522,0.1173283182168573,2
0.5793201133144477,0.7772241992882564,0.4179759704251395,0.7705713975144026,0.4502616112024035,0.242141886549408,0.5989067374275643,0.3220803276579383,2
0.8288951841359774,0.7999999999999997,0.4567929759704263,0.5036052030870682,0.6631161473087817,0.3786334979290276,0.4028841624696544,0.2300433194323328,2
0.8195467422096318,0.9553380782918148,0.2731823783117697,0.6091162723287076,0.7829442097728669,0.22388572817449,0.5819119690627812,0.1663998319431559,1
0.3192634560906516,0.3163701067615658,0.692467652495381,0.9939128229283668,0.1010054136884659,0.2210796159666556,0.3144443059015366,0.6882524792782635,4
0.6903682719546743,0.7914590747330962,0.2531577325939622,0.6047682887061125,0.546398233746333,0.1747720663828572,0.4786493502072578,0.1531017687135701,1
0.351558073654391,0.2752669039145907,0.3785428219346904,0.7269466285010324,0.0967723024810218,0.1330797852750569,0.2001043477386293,0.2751804281486898,4
0.2589235127478754,0.2644128113879003,0.4044208256315471,0.6927424906699517,0.0684626939400965,0.1047140608009161,0.1831699895258982,0.2801594900267962,4
0.8161473087818698,0.736476868327402,0.6397874306839206,0.3263524040726112,0.6010736140655086,0.5221607897451489,0.2403509965225155,0.2087961660991366,1
0.7124645892351276,0.8597864768683275,0.5205637707948227,0.7769484401608753,0.6125674190719105,0.3708832531300224,0.6680097620742615,0.4044512097233009,1
0.6073654390934845,0.683629893238434,0.5883394947627849,0.5920142034131672,0.4152131702841934,0.3573370755726376,0.4047186066749801,0.3483053373284954,2
0.1753541076487252,0.154270462633452,0.6798367221195356,0.6885394398347766,0.0270519593116449,0.1192121617541055,0.1062212979246888,0.4680943958272957,5
0.3073654390934844,0.2818505338078292,0.5843345656192263,0.8399942026885032,0.0866311130825764,0.1796042503390539,0.2367528144232365,0.4908376475506548,4
0.6014164305949009,0.8830960854092526,0.262707948243996,0.8941990651835212,0.5311084955591624,0.157996876521814,0.7896636940401807,0.2349132017360621,2
0.8385269121813032,0.8683274021352311,0.4370764017252035,0.3751947534330953,0.728115895274868,0.3665003255259497,0.3257918855433281,0.1639887727767122,1
0.7847025495750709,0.8939501779359428,0.6471811460258792,0.2818580383347222,0.7014849838194226,0.5078446953234237,0.2519670435220007,0.1824132082660717,1
0.5708215297450425,0.5948398576512456,0.4678835489833659,0.8344867567665495,0.3395473974978073,0.2670780031732245,0.4963859836068638,0.390442625335552,2
0.6980169971671388,0.8939501779359428,0.6317775723967962,0.6281024674807059,0.6239924188198762,0.4409914839619563,0.5614923125663818,0.396821052121398,2
0.3110481586402266,0.3322064056939502,0.3249383857054866,0.9386934309214104,0.1033321907795913,0.1010714865452193,0.3118399707349241,0.3050175281159478,3
0.363172804532578,0.2823843416370106,0.0630776340110905,0.8005724845103084,0.1025543133083987,0.0229080812470872,0.2260691339711493,0.0504982181772906,4
0.3662889518413598,0.3097864768683274,0.6407116451016677,0.6583934200514512,0.1134713639067272,0.2346855969168431,0.2039613779910278,0.4218403312852786,3
0.6161473087818697,0.731850533807829,0.4712723351817658,0.3289611942461682,0.4509277368362686,0.2903731810255923,0.2407504256111191,0.1550303101965741,2
0.439943342776204,0.3327402135231316,0.5831022797289016,0.6336099134026594,0.1463868418134344,0.2565319661243581,0.2108274978759738,0.3694593849639226,3
0.3243626062322947,0.3585409252669038,0.5877233518176226,0.5602739229682234,0.1162972689605113,0.1906354781391439,0.2008811307439448,0.3292860679428928,4
0.5,0.6176156583629894,0.5513709180529887,0.5137504982064567,0.3088078291814947,0.2756854590264943,0.3173003521840945,0.2832670838462743,3
0.7974504249291786,0.755693950177936,0.3415742452248942,0.186782129787311,0.6026284616858045,0.2723885269994553,0.1411501254816209,0.063799965003599,1
0.5543909348441927,0.6313167259786477,0.647797288971045,0.7488314794014275,0.3499962698980775,0.3591329446221913,0.4727498378854564,0.4850910022524217,2
0.5005665722379604,0.2555160142348753,0.1490295748613697,0.3514257762962425,0.1279027753974574,0.0745992234504363,0.0897949136586128,0.0523728340367558,3
0.3167138810198301,0.2948398576512455,0.7189617991374035,0.6301315265045835,0.0933798755960602,0.2277051817098066,0.1857878895761734,0.4530404959889338,4
0.6793201133144476,0.8939501779359428,0.6330098582871244,0.644479872459147,0.6072783361729153,0.4300163286607718,0.5761328966609881,0.4079621127342686,1
0.2733711048158641,0.2480427046263345,0.6967806531115244,0.6623066053117865,0.0678077082052161,0.1904796969554167,0.1642803216734217,0.4614824290092232,4
0.6960339943342776,0.8224199288256228,0.4346118299445471,0.7208594514293998,0.5724322280806105,0.3025046079812329,0.5928491787378445,0.3132940453185538,1
0.0968838526912181,0.1816725978647686,0.9031885397412224,0.6988296677415848,0.0176011412095611,0.0875043854366849,0.1269582012035868,0.6311749471353656,5
0.3838526912181303,0.2845195729537366,0.1690542205791736,0.876952063480561,0.1092136037825249,0.0648919175310992,0.2495100266023873,0.1482524475770042,4
0.2090651558073654,0.2715302491103202,0.6428681454097358,0.5470850393130184,0.0567675138366618,0.1344013289836784,0.1485501370091932,0.3517035446045726,4
0.1155807365439093,0.2617437722419928,0.6801447935921168,0.4633138881843545,0.0302525379815107,0.078611636199882,0.1212695248254778,0.3151205288475088,5
0.920113314447592,0.7677935943060498,0.3902495378927924,0.0157614406319068,0.7064571088685693,0.3590737957721783,0.0121015331542131,0.0061508949231263,1
0.4929178470254958,0.6176156583629894,0.5553758471965544,0.56317257871662,0.3044337806095188,0.2737546668900863,0.3478242029760477,0.312772448022611,3
0.3458923512747875,0.2722419928825622,0.6203789279112755,0.7678176745534258,0.0941664230338834,0.2145843260565629,0.2090322138908791,0.4763379057707829,4
0.7736543909348443,0.755693950177936,0.3431146025878,0.2275082430522844,0.5846459427580576,0.2654521188859156,0.1719266028902227,0.0780614004003331,1
0.021813031161473,0.2501779359430605,0.978666050523728,0.5488242327620565,0.0054571391126389,0.0213476730567497,0.1373037137479451,0.5371156443089571,5
0.3059490084985836,0.288612099644128,0.7164972273567471,0.7828906844450887,0.0883005857268153,0.219211616301781,0.2259517242295255,0.5609390047283321,3
0.5288951841359774,0.6215302491103202,0.6237677141096754,0.5933185984999456,0.3287243555492826,0.3299077400121144,0.3687654563274572,0.3700929859250673,3
0.1555240793201133,0.3254448398576511,0.690619223659894,0.52838870973586,0.0506145090883429,0.1074079189204764,0.1719613790225778,0.3649154005084327,5
0.591784702549575,0.7309608540925266,0.4398490449784376,0.5391137360049276,0.4325714516145292,0.2602959362492793,0.3940710369231748,0.2371286619165249,2
0.7923512747875355,0.7185053380782916,0.4688077634011094,0.199971013442516,0.5693086205679836,0.3714604289611624,0.1436802406193735,0.0937479635570391,2
0.3821529745042494,0.3199288256227758,0.5026956253850905,0.7473821515272292,0.1222617523413951,0.1921066285111862,0.2391090940295299,0.3757057380636349,3
0.2430594900849859,0.346797153024911,0.5331947011706752,0.6849161201492808,0.0842923391771596,0.1295980321825607,0.2375269605286384,0.3651936460099741,4
0.3198300283286119,0.435409252669039,0.3197011706715962,0.8931845356715824,0.1392569536156785,0.102250034472587,0.3889008111723063,0.2855521416799709,4
0.6546742209631728,0.4192170818505338,0.4065773259396188,0.0777926736475957,0.2744506164749529,0.2661756941208099,0.0326120176358959,0.0316287372293329,2
0.2572237960339944,0.3352313167259787,0.6588878619839811,0.7994130222109495,0.0862294718377305,0.1694816370202422,0.2679882800436706,0.5267235370467253,4
0.141643059490085,0.2348754448398576,0.6034349969192867,0.5772310590963439,0.0332684766062121,0.0854723791670377,0.1355774017806359,0.3483214223675188,5
0.6181303116147309,0.8172597864768684,0.3418823166974754,0.5638972426537192,0.5051730464851351,0.2113278229557765,0.4608505401260734,0.1927864956977719,2
0.8662889518413599,0.9676156583629892,0.3083025261860754,0.3973694699083299,0.8382347544685613,0.2670790722597786,0.3845009212387006,0.1225100114019597,1
0.5334277620396601,0.4243772241992882,0.552911275415898,0.3957752092467117,0.2263745929652294,0.2949382242515966,0.1679579847070119,0.2188285757225933,3
0.7104815864022663,0.7999999999999997,0.4768176216882338,0.8117323091416355,0.5683852691218129,0.338770140281612,0.6493858473133082,0.3870482690924128,2
0.4875354107648725,0.4501779359430604,0.4968422674060377,0.7839052139570275,0.2194776849172824,0.2422281989251532,0.3528968311941777,0.3894772439338246,3
0.5373937677053825,0.596085409252669,0.5886475662353661,0.6685387151708395,0.3203325839524966,0.316335533469827,0.3985061736338633,0.3935336876194333,2
0.1957507082152975,0.1937722419928825,0.998074553296366,0.7908619877531795,0.0379310536025727,0.1953738006594303,0.1532471004738811,0.7893392251458307,4
0.5847025495750708,0.2879003558718861,0.4860597658656829,0.5757817312221456,0.168336072101862,0.2842003843475267,0.1657677653233864,0.2798643334675736,3
0.6342776203966006,0.4523131672597864,0.3643715341959357,0.4080944961773977,0.2868921194035869,0.2311127096500567,0.1845865141072855,0.1486980176690758,2
0.2546742209631729,0.2644128113879003,0.4416974738139245,0.7740497844124785,0.0673391267528958,0.1124889600449626,0.2046686796507015,0.3418958343812046,4
0.8405099150141644,0.7898576512455516,0.3693006777572414,0.2101163085619042,0.663883187321686,0.3104008812764123,0.1659619739690912,0.0775960951597608,2
0.4895184135977338,0.7322064056939502,0.5606130622304413,0.6553498315156345,0.3584285181414012,0.2744304168652132,0.4798513446061986,0.3673976758781836,3
0.6393767705382436,0.6859430604982205,0.388709180529883,0.6949164824812493,0.4385760587944712,0.2485316205257637,0.4766731387838461,0.2701204164419952,2
0.5,0.3731316725978647,0.5193314849044981,0.847240842059495,0.1865658362989323,0.259665742452249,0.3161323924908827,0.4399988445784949,3
0.7031161473087819,0.8597864768683275,0.5618453481207659,0.7821660205079892,0.6045297551238497,0.3950425365540343,0.6724957670986841,0.4394563400805453,1
0.2393767705382437,0.2450177935943061,0.4321472581638979,0.8205732091742455,0.0586515681550109,0.1034460150562305,0.2010550371944726,0.3546084624674008,4
0.8271954674220965,0.8186832740213522,0.1998613678373395,0.3463531287365483,0.6772110935247447,0.1653244175878276,0.2835535134015762,0.0692226100640286,1
0.0606232294617563,0.2327402135231315,0.6111367837338264,0.7027428530019204,0.0141094633693909,0.0370490854728154,0.1635565216595216,0.4294720069755268,5
0.684985835694051,0.8774021352313167,0.6062076401725243,0.7569477154969382,0.6010080348411683,0.4152436470076951,0.6641475418354807,0.4588674883453821,1
0.4657223796033995,0.3163701067615658,0.4497073321010489,0.3478024566107466,0.1473406389563779,0.2094387688311967,0.1100343003298767,0.1564093148606097,3
0.3583569405099151,0.5064056939501779,0.6049753542821925,0.5354904163194318,0.1814739951407862,0.2167971170444685,0.2711753958799115,0.323958504327567,3
0.7728045325779037,0.8117437722419928,0.3372612446087508,0.7128881481213087,0.6273192664804975,0.2606370184965077,0.5786825145425997,0.24042954410222,2
0.3036827195467422,0.2966192170818506,0.6363986444855243,0.7305699481865284,0.0900781305132418,0.1932632710732243,0.2167010860546162,0.4649337247277664,4
0.5252124645892352,0.7535587188612097,0.2753388786198414,0.4754882423276204,0.3957784319458026,0.1446114110371631,0.35830831072197,0.1309203994394064,2
0.1135977337110481,0.2850533807829182,0.7439155884165132,0.8079640566687198,0.0323814180436119,0.0845071249164367,0.2303128859044999,0.6010570566361038,5
0.2467422096317281,0.2784697508896796,0.7220425138632187,0.9046342258777492,0.0687102416501164,0.1781583653186582,0.251913267526455,0.6531843705794769,4
0.3481586402266289,0.2790035587188612,0.8994916820702414,0.6244791477952099,0.0971374996219491,0.3131658009247384,0.1742319045805852,0.5617137990681043,4
0.5713881019830028,0.544661921708185,0.3760782501540376,0.8456465813978769,0.3112133416672547,0.2148866375526045,0.4605914921101247,0.3180292865808574,2
0.6172804532577905,0.7138790035587189,0.6323937153419621,0.4362114569368455,0.4406635548879458,0.3903642792436644,0.3114022002189723,0.275857383927022,2
0.7002832861189803,0.6852313167259786,0.6305452865064716,0.2517120185513967,0.479856038228504,0.4415603252815858,0.1724809579077275,0.1587158268546127,2
0.7481586402266289,0.4638790035587188,0.2818083795440529,0.4718649226421246,0.3470550845321746,0.2108373740441483,0.2188882301295407,0.132975489213457,2
0.6889518413597734,0.8514234875444838,0.1604282193468904,0.882024711040255,0.5865897795207322,0.1105273171251097,0.7509765555743095,0.1415016538121436,2
0.0651558073654391,0.2327402135231315,0.5849507085643886,0.733758469509765,0.0151643765185043,0.0381129356854984,0.1707751028681088,0.4292125366548583,5
0.819830028328612,0.8565836298932384,0.4346118299445471,0.3420051451139533,0.702252981561199,0.3563078288553879,0.2929560086438739,0.1486394819684256,1
0.3246458923512748,0.301067615658363,0.3508163894023397,0.7976738287619116,0.0977403647434798,0.1138910997889748,0.240153757698426,0.279837052526994,4
0.2861189801699717,0.3177935943060498,0.3646796056685168,0.6581035544766114,0.0909267791073967,0.1043417568626634,0.2091410940027095,0.2399969447355799,4
0.4654390934844193,0.6012455516014233,0.4648028342575507,0.7715859270263417,0.2798431844989061,0.2163374098258232,0.4639126063028483,0.3586353257550833,2
0.7988668555240794,0.6580071174377223,0.2577788046826867,0.4518641979781875,0.5256600768199369,0.2059309431176137,0.2973298583849354,0.116481012833718,2
0.2719546742209632,0.2715302491103202,0.5744762784966113,0.3834559223160259,0.0738439204379341,0.1562315091662172,0.1041198821092981,0.2202863312195962,4
0.3563739376770539,0.2667259786476869,0.4441620455945809,0.4883872604079857,0.0950541872914419,0.1582877771552359,0.1302655699913827,0.2169230846251442,4
0.536543909348442,0.6300711743772242,0.646873074553298,0.795644769738034,0.3380608510681197,0.3470758082730726,0.5013128344559392,0.5146811784526929,2
0.2705382436260624,0.2293594306049822,0.5023875539125093,0.7970940976122323,0.0620504975149456,0.135915046455084,0.1828210483669337,0.4004501539375083,4
0.7402266288951842,0.6709964412811388,0.4262939001848451,0.1073589622812419,0.4966894337302027,0.315554096652408,0.0720374816303493,0.0457664707506682,2
0.268271954674221,0.2702846975088967,0.2870455945779433,0.9655059965940797,0.0725098041192422,0.0770062827380488,0.2609614962324567,0.2771442428609173,4
0.3648725212464589,0.4320284697508897,0.8169285274183622,0.6812928004637848,0.1576353170082566,0.2980747714772948,0.2943378860366672,0.5565675242236118,1
0.6351274787535411,0.5992882562277578,0.4620301910043132,0.5888256820899309,0.380624439224542,0.2934480703205865,0.3528763162417948,0.2720552423642557,2
0.2161473087818697,0.2923487544483986,0.716189155884166,0.595637523098663,0.063190396499753,0.1548023586231214,0.1741338879806233,0.4265891348809669,4
0.5671388101983003,0.5781138790035586,0.479898336414049,0.6376680314504148,0.3278708174972023,0.2721689715300073,0.3686447391783625,0.3060158274774756,2
0.3677053824362606,0.237900355871886,0.0898798521256942,0.8012971484474076,0.0874772413375943,0.0330493053991929,0.1906288767747657,0.0720204692111934,4
0.6084985835694051,0.7677935943060498,0.5014633394947658,0.6760752201166709,0.4672013146088937,0.3051397317945487,0.5190862232746325,0.3390269376293647,2
0.5648725212464589,0.7074733096085409,0.5735520640788678,0.5049095981738468,0.3996322321131531,0.3239838005023406,0.3572100644731699,0.2895919422058416,3
0.4396600566572238,0.4946619217081849,0.5005391250770188,0.750280807275626,0.2174830885243917,0.2200670600905193,0.3711353459477294,0.3755448988358212,3
0.4453257790368273,0.4501779359430604,0.4876001232285922,0.8746331388818436,0.2004758400290343,0.2171409047352258,0.3937405411692284,0.4264712262985973,3
0.5892351274787536,0.5170818505338078,0.5492144177449205,0.6479582593572231,0.3046827901162381,0.3236164274530977,0.3350474558170979,0.3558680181358895,3
0.326628895184136,0.2752669039145907,0.3443468884781282,0.7926011812022173,0.0899101247063804,0.1124736437437059,0.2181768731885818,0.2729297505510726,4
0.3977337110481587,0.4329181494661921,0.5673906346272375,0.8417333961375411,0.17218614216729,0.225670382724261,0.3644016641997575,0.4775916458214193,4
0.3008498583569405,0.3177935943060498,0.3702248921749849,0.6704228414072972,0.0956081578337181,0.1113821063710577,0.2130560844756998,0.2482072241716636,4
0.524929178470255,0.3784697508896797,0.5005391250770188,0.6944816841189898,0.1986698154103616,0.2627475917188997,0.2628403099859593,0.3476152545509337,3
0.3600566572237961,0.3466192170818506,0.819393099199015,0.8311533026558935,0.1248025566320204,0.2950279402498437,0.2880937070415802,0.6810412805727095,4
0.8529745042492919,0.8891459074733096,0.1508780036968566,0.4465016848436537,0.758418789632333,0.1286950904054491,0.3970051457586721,0.0673672828564934,2
0.5971671388101983,0.849644128113879,0.300292667898951,0.6079568100293489,0.5073795529926507,0.1793249132948976,0.5165469337882813,0.1825649724510488,2
0.5390934844192635,0.4596085409252668,0.3609827479975358,0.7673828761911663,0.2477719697962557,0.1946034474332325,0.3526957240572566,0.27701197941374,2
0.4815864022662889,0.4754448398576512,0.2728743068391885,0.9811587376354216,0.2289677699031181,0.1314125557015922,0.4664868588900082,0.2677330104314789,3
0.7688385269121814,0.736476868327402,0.6564232902033282,0.4249066995180983,0.5662317905497363,0.5046835154707742,0.3129339553924214,0.278918653727107,1
0.4252124645892352,0.3930604982206406,0.4090418977202752,0.8307185042936338,0.1671342231810712,0.173929713449896,0.326522629178761,0.3397986734676165,2
0.2660056657223796,0.2850533807829182,0.7620918052988301,0.445342222544295,0.0758258143215751,0.2027207380100854,0.12694630614163,0.3393916583545751,4
0.2073654390934844,0.2455516014234874,0.5307301293900188,0.7972390303996522,0.0509189156492897,0.110055086321103,0.1957633206319429,0.4231187737587805,5
0.3804532577903683,0.3649466192170818,0.3865526802218149,0.7940505090764158,0.1388451302007198,0.1470652264979879,0.2897860487750407,0.3069423525149851,3
0.1096317280453258,0.2667259786476869,0.4681916204559471,0.8941990651835212,0.0292416299537265,0.0513286564069267,0.2385061207669214,0.4186565093384659,5
0.8076487252124647,0.6998220640569394,0.2907424522489243,0.2927279973912097,0.5652103979111429,0.2348177709239896,0.2048575113415707,0.085108455803437,2
0.4555240793201133,0.3423487544483986,0.5412045594577961,0.1644624805246565,0.1559481011764943,0.24653170867086,0.0563035253611101,0.0890078443196831,3
0.8943342776203967,0.8131672597864769,0.3446549599507094,0.4879524620457262,0.7272433538656963,0.3082367446358044,0.396786966467788,0.1681752362642198,1
0.6906515580736545,0.7161921708185052,0.5421287738755396,0.3385267582158773,0.4946392386559535,0.3744220823537013,0.2424502138467804,0.1835250963556348,2
0.3053824362606233,0.3377224199288257,0.6191466420209508,0.7885430631544621,0.103134495377698,0.1890765099429419,0.2663086715066137,0.4882237896409998,4
0.4478753541076488,0.3261565836298932,0.6031269254467055,0.532736693358455,0.1460774953877793,0.2701256853063007,0.1737555798800797,0.3213078439379293,4
0.5736543909348442,0.6902135231316727,0.7442236598890979,0.5434617196275227,0.3959440182270927,0.426927170332981,0.3751046281913097,0.4044570699908177,3
0.46657223796034,0.3494661921708185,0.787353666050528,0.1719989854704879,0.163051223372617,0.367357362035473,0.0601078305096153,0.1354240317671601,4
0.4195467422096318,0.4749110320284696,0.4635705483672225,0.5311424326968368,0.1992473763269585,0.1944895133518007,0.2522454008661667,0.2462219887863732,3
0.5954674220963173,0.708540925266904,0.4721965495995093,0.7040472480886988,0.4219130382184227,0.2811776621127956,0.4988462885923841,0.3324486813025132,2
0.2898016997167139,0.2743772241992882,0.8717652495378978,0.7943403746512554,0.0795149859365076,0.252639051070048,0.2179489070662341,0.6924783349258788,3
0.5014164305949009,0.4412811387900355,0.413354898336415,0.916083916083916,0.2212656135009526,0.2072629376927633,0.4042505537167458,0.378667774000492,2
0.6470254957507082,0.8295373665480427,0.2941312384473207,0.86883582738505,0.5367318258344843,0.1903104103721474,0.7207317842115842,0.2555517579161673,1
0.4059490084985837,0.34288256227758,0.6940080098582904,0.241856589006848,0.1391928361880375,0.2817318634920482,0.0829284069423836,0.167850410007757,3
0.4946175637393769,0.4544483985765124,0.456176833025264,0.7533243958114424,0.2247781597491759,0.2256330737853006,0.3423470652851287,0.3436491371219342,3
0.1328611898016997,0.2370106761565835,0.6434842883548981,0.4599804340736982,0.031489520429869,0.0854940881695317,0.109020273698606,0.2959901822770908,5
0.1308781869688385,0.2535587188612099,0.6345502156500338,0.7628899597811514,0.0331853054146965,0.0830487817649619,0.1934374008341887,0.4840919884963752,5
0.6133144475920681,0.5781138790035586,0.486367837338264,0.4982426899525345,0.3545655943463752,0.2982964214836662,0.2880410141736271,0.2423292195818134,2
0.1096317280453258,0.2741992882562277,0.7879698089956904,0.8614442552266386,0.0300609418003286,0.0863864918077428,0.2362074016555604,0.6787920652513691,5
0.5186968838526913,0.5546263345195729,0.7217344423906376,0.6439001413094678,0.2876829514179428,0.3743614062371834,0.3571239751711051,0.4647249094432414,3
0.7348441926345609,0.7327402135231317,0.4096580406654375,0.2204065364687125,0.5384498906172814,0.3010348321490495,0.1615007325939783,0.090291309879628,2
0.3543909348441927,0.3508896797153024,0.811075169439313,0.7734700532627994,0.1243521216214853,0.2874376875265101,0.2714026592587615,0.6273423545063594,4
0.7501416430594902,0.4016014234875444,0.1752156500308075,0.3198304286387187,0.3012579516699767,0.1314365556038465,0.1284443554159409,0.0560392964535648,2
0.3759206798866856,0.3097864768683274,0.6628927911275433,0.6091162723287076,0.1164551430040426,0.2491951087326487,0.188695984007879,0.4037787858851817,3
0.2597733711048159,0.2852313167259787,0.6354744300677773,0.7847748106815464,0.0740955006905729,0.1650793349496181,0.2238423525840781,0.4987043255494035,4
0.8509915014164308,0.8638790035587188,0.2060227972889734,0.4211384470451826,0.7351536902805643,0.1753236495909564,0.3638126619936586,0.0867641209061827,1
0.5022662889518413,0.4501779359430604,0.5479821318545923,0.7734700532627994,0.2261092012541206,0.2752329517785247,0.348199152091616,0.4238477687126338,3
0.6050991501416432,0.658896797153025,0.3428065311152188,0.8443421863110983,0.398697891988346,0.2074319406408236,0.5563343622615653,0.2894460159635473,2
0.523229461756374,0.6612099644128114,0.6462569316081357,0.6450596036088263,0.3459645337876665,0.3381406664816506,0.4265198375463342,0.4168742401326004,3
0.2342776203966006,0.281138790035587,0.8079944547134943,0.9401427587956086,0.0658645267307168,0.1892950181439263,0.2643105976685161,0.759630135745898,4
0.7560906515580738,0.8809608540925268,0.3930221811460264,0.3278017319468096,0.6660862661679757,0.2971603970194744,0.2887804937488709,0.1288333516731802,2
0.378186968838527,0.2734875444839857,0.6404035736290865,0.8001376861480489,0.1034294254634903,0.2421922863441446,0.2188276910337279,0.512411033604519,3
0.7424929178470255,0.7601423487544482,0.5091651263093055,0.1927243740715242,0.5644003105057815,0.3780515002993456,0.1464979583689593,0.0981285302670094,1
0.6677053824362607,0.711387900355872,0.4916050523721509,0.454038189789485,0.4749975300676459,0.3282473395017449,0.3229972745157226,0.2232074680704164,2
0.7291784702549576,0.7046263345195728,0.0867991373998791,0.3793978042682705,0.5137983527063401,0.0632920622286937,0.2673336841463258,0.032931402141894,1
0.1314447592067988,0.2608540925266904,1.0,0.7034675169390194,0.0342879033802788,0.1314447592067988,0.1835023807531321,0.7034675169390194,5
0.3575070821529745,0.3227758007117437,0.7685613062230452,0.7533243958114424,0.1153946347020454,0.2747661100434796,0.2431548850537288,0.5789759816545285,4
0.351558073654391,0.249644128113879,0.5313462723351812,0.7110040218848508,0.0877644087788453,0.1867990719455977,0.1774979791289049,0.377789336643837,4
0.2915014164305949,0.2653024911032029,0.2654805914972264,0.5392586687923475,0.0773360519391489,0.0773879684562736,0.1430666681796068,0.1431627103609993,4
0.2271954674220963,0.2348754448398576,0.6296210720887281,0.4585311061994999,0.0533626364763642,0.1430470537719999,0.1076976975415195,0.2887008466713595,5
0.8552407932011332,0.8507117437722419,0.4013401109057319,0.1350411246784302,0.7275633865292914,0.3432424347944489,0.114881070656152,0.0541974199552759,1
0.2838526912181304,0.351067615658363,0.498998767714113,0.8312982354433132,0.0996514875041585,0.1416421431301817,0.2918418894180884,0.4148167950891298,4
0.7963172804532579,0.7448398576512455,0.529189772027113,0.282002971122142,0.5931288498180316,0.4214029601043101,0.2100470528678445,0.1492330879990948,2
0.1532577903682719,0.2784697508896796,0.8711491065927319,0.958114424435668,0.0426776587057554,0.1335103871576962,0.2668058850964092,0.8346605248607417,4
0.3189801699716714,0.2332740213523131,0.5621534195933471,0.3782383419689118,0.0744097869809361,0.1793157933320421,0.0882331790607194,0.2126279773591415,4
0.2342776203966006,0.3163701067615658,0.4238293284041887,0.7933258451393168,0.0741184357767181,0.0992937265128226,0.250984582323435,0.336234760151082,4
0.6254957507082154,0.795017793594306,0.4389248305606905,0.7788325663973332,0.4972802516306595,0.2745456163960353,0.6191857485165987,0.3418489522410972,1
0.4835694050991502,0.3327402135231316,0.5205637707948227,0.5417225261784848,0.1609029871059449,0.2517287129594228,0.1802528690309192,0.2820011209519691,3
0.5345609065155807,0.7695729537366548,0.4401571164510187,0.7775281713105548,0.4113836157793393,0.2352907871793406,0.5983646514089235,0.3422345578434875,2
0.3450424929178471,0.2019572953736654,0.5088570548367208,0.7531794630240225,0.0696838486586755,0.1755773067396958,0.1521100872833212,0.3832606833179069,4
0.158356940509915,0.2788256227758007,0.7756469500924261,0.6328852494655604,0.0441539725585474,0.1228290779324833,0.1764646238278528,0.4908955135064461,5
0.2821529745042493,0.2604982206405694,0.744531731361679,0.7814413565708902,0.0735003478068008,0.2100718426164964,0.2035640829216696,0.5818078861653441,4
0.5900849858356941,0.6827402135231316,0.522720271102898,0.7689771368527845,0.4028747492262559,0.3084493837697837,0.5250116146092765,0.4019599374476177,2
0.4623229461756374,0.7384341637010675,0.4925292667898944,0.6910032972209139,0.3413950581190204,0.2277075817000305,0.5102604418980058,0.3403393473296162,3
0.6053824362606233,0.8475088967971528,0.3726894639556377,0.8540526830682271,0.5130670006956135,0.2256196556581297,0.7238172472338016,0.3182964366425717,2
0.7830028328611899,0.7629893238434161,0.3246303142329054,0.0238776767274175,0.5974228020122386,0.2541864556769831,0.0182184124212039,0.0077514176991732,1
0.2376770538243626,0.2813167259786476,0.6977048675292679,0.7434689662668936,0.0668625306221205,0.1658284373532735,0.2091502554569321,0.5187219166213647,4
0.7014164305949009,0.4039145907473309,0.5026956253850905,0.1315627377803543,0.283312330507193,0.3525989712332816,0.0531401093881502,0.0661360127458698,2
0.5940509915014165,0.4234875444839856,0.1656654343807773,0.4799811587376353,0.2515731956892119,0.0984137155514136,0.2032660423123793,0.0795162871568591,2
0.6736543909348442,0.6355871886120995,0.5014633394947658,0.6683937823834196,0.4281661004304739,0.3378129805434995,0.4248225250308851,0.3351749782115274,2
0.4773371104815865,0.5546263345195729,0.7152649414664225,0.708395231711294,0.2647437319165667,0.3414225003883632,0.3928946507551785,0.5066902739450715,3
0.6473087818696884,0.793238434163701,0.2972119531731358,0.4311388093771512,0.5134702045507243,0.1923879073656134,0.3419958740575338,0.1281396076237234,1
0.5691218130311615,0.7327402135231317,0.2417590881084415,0.8526033551940286,0.4170184388011251,0.1375903705410365,0.624736764535411,0.206124609669906,2
0.2920679886685552,0.2298932384341637,0.5156346272335206,0.8555020109424254,0.0671444557579667,0.1506003684639545,0.1966741277824935,0.4411264605098248,4
0.3722379603399434,0.3137010676156584,0.3646796056685168,0.863763179825356,0.1167714455657153,0.1357475925916235,0.2709634316783101,0.314996815809695,4
0.4957507082152975,0.4868327402135231,0.8631392483056111,0.3299757237581071,0.241347675743248,0.4279018936359262,0.1606429858010997,0.2848149981636725,3
0.824929178470255,0.8551601423487544,0.4333795440542225,0.3660639878256457,0.7054465536882643,0.3575074312424635,0.3130433319377319,0.1586446441385487,1
0.6929178470254957,0.6681494661921706,0.4638786198398037,0.2449001775426645,0.4629726896051131,0.3214297745405552,0.1636299228954991,0.1136039563570141,2
0.5,0.7384341637010675,0.4876001232285922,0.5078082539222435,0.3692170818505337,0.2438000616142961,0.3749829633055712,0.2476073671889821,3
0.3895184135977338,0.2626334519572952,0.5177911275415923,0.8495597666582122,0.1023005655641022,0.2016891785749829,0.2231228141614805,0.4398945094919277,3
0.203399433427762,0.2829181494661921,0.7272797288971056,0.8811551143157359,0.0575453913078543,0.1479282848011676,0.2492947743348789,0.6408462526558465,4
0.5764872521246459,0.595373665480427,0.3911737523105394,0.8115873763542156,0.3432253284001895,0.2255066815727897,0.4831977511176522,0.3174716793363444,2
0.6407932011331445,0.6140569395017793,0.6829174368453508,0.4262110946048769,0.3934835119413668,0.4376088504657744,0.261717880334774,0.2910669882826138,2
0.5373937677053825,0.6612099644128114,0.6367067159581055,0.6107105329903257,0.3553301140201426,0.3421622210120471,0.4038078897850624,0.3888434978612945,3
0.7847025495750709,0.9026690391459076,0.3227818853974113,0.5846226312547556,0.7083266964402731,0.253287768427997,0.5277207488176824,0.1887055951624055,1
0.3,0.2667259786476869,0.4481669747381431,0.700423928403203,0.080017793594306,0.1344500924214429,0.1868212577716017,0.3139068730266692,4
0.767988668555241,0.8375444839857652,0.3116913123844718,0.5069386571977245,0.6432246731120141,0.2393753959983861,0.4245836760551048,0.1580083753603806,1
0.3178470254957507,0.3113879003558718,0.5384319162045621,0.7983984926990109,0.098973717903481,0.1711389829975973,0.2486116302888378,0.4298832303187625,4
0.7626062322946177,0.8638790035587188,0.246380160197166,0.5653465705279177,0.6587995120623432,0.1878910456801051,0.4883910320129965,0.1392901786135867,2
0.6974504249291785,0.9218861209964412,0.3622150338878604,0.8902858799231856,0.64296986682528,0.252627029300825,0.820742196420289,0.3224749301662603,1
0.4475920679886686,0.5546263345195729,0.6958564386937773,0.7411500416681762,0.2482463480285907,0.311459822418178,0.4110613309394493,0.5157340285329618,3
0.5660056657223796,0.3709964412811387,0.4922211953173132,0.5918692706257473,0.2099860877279646,0.2785999853382413,0.2195813931058154,0.2913305998589917,2
0.0934844192634561,0.2973309608540925,0.2269716574245208,0.7339034022971846,0.0277958122044902,0.0212183135835954,0.2182122037791095,0.1665752716088868,5
0.3127478753541077,0.2667259786476869,0.4429297597042527,0.7262219645639334,0.0834179831238091,0.1385253412786105,0.1937022642137609,0.3216653202562533,4
0.6577903682719548,0.4016014234875444,0.1881546518792376,0.4598355012862785,0.2641695482544131,0.1237663177517251,0.184670591886678,0.0865201886662344,2
0.6668555240793202,0.7330960854092526,0.3646796056685168,0.5176636834667921,0.4888691742360853,0.2431886095591186,0.3794972199080397,0.1887813879555816,2
0.7688385269121814,0.8548042704626334,0.4441620455945809,0.347512591035907,0.6572064561007329,0.3414888928452387,0.2970552468570279,0.1543519033043814,2
0.5073654390934844,0.4596085409252668,0.3572858903265583,0.929272799739121,0.2331894891776637,0.1812745126274407,0.427101715609635,0.3320160596110453,2
0.7994334277620397,0.7569395017793595,0.2867375231053621,0.3108445958186889,0.6051227405159639,0.2292275609641167,0.2352905534898047,0.0891308094757382,1
0.1951841359773371,0.2555160142348753,0.7112600123228603,0.6896989021341353,0.0498726724668071,0.1388266709604676,0.1762291144954836,0.4905552496309883,4
0.3719546742209632,0.3097864768683274,0.6514941466420225,0.6404217544113915,0.1152265280816186,0.2423262930710979,0.1983939990089381,0.4172310243812364,3
0.1490084985835694,0.2158362989323843,0.4139710412815809,0.8120221747164751,0.032161442843749,0.0616852033184452,0.1752638608418299,0.336153665211113,5
0.5470254957507082,0.3893238434163701,0.2118761552680226,0.5708540164498712,0.2129700684524109,0.115901658873244,0.2222470797139356,0.1209503542247072,3
0.1923512747875354,0.301067615658363,0.35944239063463,0.7099894923729122,0.0579107396691298,0.0691392020512503,0.2137548436112041,0.255200320463987,5
0.2413597733711048,0.3480427046263346,0.8757701786814529,0.7899923910286604,0.0840035083120784,0.2113756918517274,0.2749510884078398,0.6918517774481581,4
0.4243626062322946,0.4250889679715302,0.7485366605052413,0.5454907786514003,0.1803918623289949,0.3176509681124225,0.2318821121349101,0.4083198457881229,3
0.406515580736544,0.2923487544483986,0.3270948860135547,0.6528859741294972,0.118844323692196,0.1329691675437538,0.1908704013335879,0.2135556632877365,3
0.5866855524079321,0.6923487544483985,0.5368915588416527,0.7479618826769086,0.4061910114625024,0.3149865207821708,0.5178504778462368,0.4015744211445428,2
0.5750708215297451,0.6128113879003557,0.6145255699322263,0.5649117721656582,0.3524099482826408,0.3533957243519602,0.3461843671420865,0.3471527287515251,3
0.3484419263456091,0.3508896797153024,0.8119993838570565,0.7544838581108011,0.1222646759347937,0.2829346295026004,0.2647405993228646,0.6126404279160653,3
0.6560906515580737,0.7695729537366548,0.4364602587800412,0.4025870502554439,0.5049096206385532,0.2863574955622027,0.309820105401209,0.1757132481359845,2
0.4932011331444759,0.6537366548042703,0.6936999383857057,0.696075944780608,0.3224236589275452,0.3421335956740831,0.4550503596305966,0.4828678400060796,3
0.3373937677053825,0.340035587188612,0.9330714725816414,0.5467951737381789,0.1147258879154778,0.3148124996727294,0.1859298179739607,0.510198977960417,4
0.645042492917847,0.8288256227758005,0.3061460258780037,0.8385448748143047,0.5346277459094895,0.1974771957292392,0.6950074780934218,0.2567171809447675,1
0.208215297450425,0.3039145907473308,0.5396642020948867,0.9059386209645276,0.0632796669119796,0.1123663423625331,0.2753279652326356,0.4889026430297638,5
0.5413597733711049,0.576512455516014,0.6256161429451659,0.6478133265698032,0.3121006522637685,0.3386834133620997,0.3734724516167547,0.4052824747170774,3
0.7050991501416431,0.7999999999999997,0.4352279728897095,0.800717417297728,0.5640793201133143,0.3068788738024042,0.6405739338381822,0.3484946183879738,2
0.2048158640226628,0.3437722419928825,0.8079944547134943,0.8633283814630965,0.0704100087707801,0.1654900823676646,0.2967883332716551,0.6975645448189582,4
0.236543909348442,0.2480427046263345,0.7023259396179959,0.7253523678394143,0.058672991037674,0.1661309233940585,0.1799183631260041,0.5094337832969549,5
0.0577903682719546,0.1798932384341637,0.6120609981515734,0.7847748106815464,0.0103960964987448,0.0353712304880795,0.1411756821350611,0.4803300539499593,5
0.591784702549575,0.6884341637010675,0.4848274799753547,0.8482553715714336,0.4074048067908016,0.2869134860250753,0.5839679773327181,0.4112575141745362,2
0.7572237960339944,0.7870106761565837,0.3674522489217509,0.6878147758976776,0.5959432117185689,0.2782435867897564,0.5413175718497203,0.2527390862452117,1
0.8422096317280454,0.8402135231316724,0.3295594577942111,0.4986774883147938,0.7076359218896494,0.2775581495813568,0.4189955693634263,0.1643438826632025,1
0.2456090651558074,0.2019572953736654,0.8092267406038225,0.7276712924381319,0.0496025425181212,0.1987534232587859,0.1469585261418646,0.5888510682106805,4
0.4237960339943343,0.301067615658363,0.3270948860135547,0.6091162723287076,0.1275912614801447,0.1386215154323733,0.1833851837687141,0.1992388176663599,4
0.4541076487252125,0.4754448398576512,0.2999845964263699,0.9989854704880612,0.2159031383262931,0.1362252997369606,0.4749624870363165,0.2996802532001683,3
0.5651558073654391,0.6211743772241992,0.6792205791743733,0.7811514909960506,0.3510603066748661,0.3838654548025141,0.4852312909372264,0.5305741681372628,2
0.2954674220963173,0.2775800711743772,0.8197011706715962,0.7236131743903764,0.0820158680552055,0.2421949917876699,0.2008605964499977,0.5931465661611814,4
0.3240793201133145,0.435409252669039,0.364987677141098,0.8268053190332982,0.1411071345760285,0.1182849582576249,0.3599986860630748,0.3017737528418679,3
0.438243626062323,0.3480427046263346,0.8465033887862035,0.6510018478930395,0.1525274968999829,0.3709747145757101,0.2265764438574351,0.5510752703475384,3
0.9390934844192635,0.7754448398576511,0.2851971657424528,0.4072248994528786,0.7282151966368594,0.2678268001235782,0.3157804469422855,0.1161393871437162,1
0.756373937677054,0.8793594306049822,0.3982593961799168,0.404326243704482,0.6651245551601425,0.3012330277054895,0.3555480954426245,0.1610267256774409,1
0.8634560906515582,0.7046263345195728,0.1607362908194716,0.1659118083988549,0.6084139001744073,0.1387887292968128,0.1169058294055988,0.0266680486851827,1
0.3906515580736544,0.3437722419928825,0.6604282193468904,0.7934707779267365,0.1342951619569929,0.2579973128836719,0.2727732282837107,0.5240304929699465,3
0.7110481586402266,0.8234875444839856,0.2365218730745546,0.7591217073082359,0.5855393021684997,0.1681784423277994,0.62512727071575,0.1795488881040977,2
0.6158640226628895,0.8508896797153026,0.4601817621688262,0.8233269321352223,0.524032340991804,0.2834093912053904,0.700560389585522,0.3788800384710402,2
0.3875354107648726,0.5149466192170817,0.6370147874306866,0.5811442443566797,0.1995600496002742,0.2468657873102491,0.2992582639089378,0.3701974772854373,3
0.5062322946175638,0.6690391459074733,0.7238909426987057,0.7405703105184971,0.3386892220217152,0.3664569729752371,0.4954705280337275,0.536092140215908,3
0.653257790368272,0.6229537366548042,0.2639402341343206,0.6528859741294972,0.4069493815087758,0.1724210141398706,0.4067177571934821,0.1723228768747534,2
0.6492917847025497,0.7774021352313166,0.195240295748615,0.5112866408203195,0.5047608198159145,0.1267679200724718,0.3974753262889636,0.099823754966075,2
0.2691218130311615,0.2535587188612099,0.6724430067775735,0.5469401065255988,0.0682381821297873,0.1809690811441062,0.1386814327044445,0.36778604975932,4
0.3804532577903683,0.2225978647686832,0.7272797288971056,0.77289032211312,0.0846880828284253,0.2766959421837996,0.1720437354027603,0.5621074639336265,3
0.604815864022663,0.5752669039145907,0.3388016019716566,0.7759339106489365,0.3479305495347454,0.2049125836287498,0.4463690984213543,0.2628876519519919,2
0.368271954674221,0.2731316725978647,0.6662815773259396,0.6063625493677307,0.100586734951055,0.2453728188452469,0.1656168173095135,0.4040081958241096,4
0.3444759206798867,0.281138790035587,0.7383703019100452,0.6336099134026594,0.0968455435363381,0.2543507895531487,0.1781323244085767,0.4678387430523191,3
0.6073654390934845,0.8172597864768684,0.3431146025878,0.5825935722308779,0.4963753490669705,0.2083959512601255,0.4761302984442033,0.1998963620062044,2
0.5852691218130311,0.6062277580071175,0.2805760936537282,0.7833254828073479,0.3548063875475084,0.1642125239344483,0.4748736512321413,0.2197824040255063,2
0.4127478753541077,0.3608540925266904,0.7257393715341998,0.8423131272872206,0.148941760003226,0.2995473836615663,0.3039521391705486,0.6112997996324339,3
0.5076487252124646,0.7699288256227758,0.4774337646333961,0.6225950215587521,0.3908533868317321,0.2423686419895314,0.4793538537873167,0.2972478849848054,3
0.8053824362606232,0.7921708185053379,0.3384935304990755,0.4391101126852421,0.638000463742401,0.272616744251805,0.3478502173798393,0.1486359323206744,2
0.7456090651558074,0.6386120996441281,0.4993068391866941,0.4551976520888438,0.4761549706128457,0.372287705591892,0.2906947283535339,0.227283300869685,2
0.6456090651558074,0.8873665480427045,0.4660351201478754,0.6610022102250082,0.5728918875323863,0.3008764982484442,0.5865512495359636,0.3080502444602229,1
0.5617563739376771,0.4441281138790035,0.3542051756007396,0.7994130222109495,0.2494917988164487,0.1989770150754296,0.3550417977648629,0.2831562299097473,2
0.7711048158640228,0.7855871886120996,0.3970271102895886,0.2301170332258414,0.6057700644198685,0.3061495167728782,0.1807769931836458,0.091362700730069,2
0.6575070821529745,0.6064056939501777,0.479898336414049,0.61578318055002,0.398716038430131,0.3155365549056679,0.3734144269242825,0.2955133239377066,2
0.6093484419263456,0.7806049822064057,0.4571010474430075,0.6439001413094678,0.475660429667416,0.2785338110622972,0.5026316583495792,0.2943274290412583,2
0.2739376770538244,0.3423487544483986,0.6585797905113999,0.863763179825356,0.0937822225358644,0.1804098179672872,0.2957082487515987,0.5688569740208436,4
0.3405099150141644,0.2823843416370106,0.0,0.9098518062248632,0.0961546681721492,0.0,0.2569279032880529,0.0,4
0.7070821529745043,0.7601423487544482,0.428758471965498,0.4683865357440485,0.5374830885243917,0.3031674634634229,0.3560404414054403,0.2008246953548313,1
0.38328611898017,0.2734875444839857,0.6505699322242755,0.7975288959744917,0.1048239795146834,0.2493544244474348,0.2181142194150878,0.5188483198010263,3
0.7458923512747876,0.3176156583629893,0.4592575477510827,0.5530272835972316,0.2369070902180597,0.3425566921327481,0.1756501247724303,0.2539819541043071,2
0.1923512747875354,0.2010676156583629,0.9084257547751128,0.7256422334142543,0.0386756121903763,0.1747368519808219,0.1459031536936133,0.6591920935860425,5
0.5679886685552408,0.5895017793594305,0.4302988293284038,0.661292075799848,0.3348303307693082,0.2444048591511188,0.3898328553603017,0.2845532060608246,2
0.1671388101983003,0.1937722419928825,0.9552526186075204,0.8504293633827313,0.0323868619761475,0.1596597861128716,0.1647896043992516,0.8123748763120806,5
0.591784702549575,0.4053380782918149,0.528265557609366,0.4192543208087249,0.239872874093938,0.3126194758770441,0.1699397407121486,0.221477617562157,2
0.7195467422096318,0.731850533807829,0.5131700554528678,0.1296786115438963,0.5266006673858034,0.369249841600647,0.0949053610818586,0.0665471802770321,2
0.645042492917847,0.4202846975088967,0.5559919901417167,0.1099677524547989,0.2711014890163619,0.3586384593633679,0.0462177635761983,0.0611411895387552,3
0.2337110481586403,0.2535587188612099,0.732516943930996,0.5554911409833689,0.0592594739548153,0.171197302760077,0.1408496220464947,0.4069066729738794,4
0.694900849858357,0.7706405693950177,0.2965958102279735,0.5988260444218994,0.535518786607926,0.2061046805918467,0.4614796438418587,0.1776092958309257,2
0.5288951841359774,0.4638790035587188,0.3230899568699925,0.8628935831008371,0.2453433710040022,0.1708807222312396,0.4002782155060288,0.2787922505474427,2
0.1240793201133144,0.2838078291814947,0.17151879235983,0.8353563534910684,0.0352146824876755,0.0212819351426644,0.2370806732772694,0.1432793129408993,5
0.3192634560906516,0.3476868327402135,0.7257393715341998,0.8014420812348273,0.1110036998578528,0.231702059977066,0.278650858849262,0.5816380723564246,4
0.568271954674221,0.8809608540925268,0.3810073937153433,0.786079205768325,0.5006253465466314,0.2165158163719486,0.6925050084980388,0.2995019894436165,2
0.4844192634560907,0.3163701067615658,0.512861983980283,0.393891083010254,0.1532557740969624,0.2484402245343581,0.1246153639843828,0.2020117623047812,3
0.2864022662889519,0.2293594306049822,0.4996149106592753,0.779122431972173,0.0656890607200104,0.1430908426845686,0.1786990773687065,0.3892611842424145,4
0.2963172804532578,0.2813167259786476,0.692467652495381,0.3046124859596361,0.0833590071880071,0.2051901315892828,0.0856925872423815,0.2109342930732514,4
0.0951841359773371,0.1816725978647686,0.9170517560073996,0.7057864415377368,0.0172923492585162,0.0872887790420641,0.1282220563718913,0.6472426955783954,5
0.4000000000000001,0.0092526690391459,0.3862446087492337,0.6038986919815934,0.0037010676156583,0.1544978434996935,0.0055876747300787,0.2332526140086045,3
0.5779036827195468,0.6496441281138788,0.4309149722735697,0.3341787745932822,0.3754317340941396,0.2490273494158873,0.2170972786548172,0.1440026373882797,2
0.5390934844192635,0.7064056939501778,0.6151417128773886,0.5908547411138085,0.3808187069652092,0.3316188894067056,0.4173831534202525,0.3634593975104742,2
0.5869688385269123,0.591814946619217,0.5966574245224905,0.6031740280444944,0.3473769318399484,0.350219315470425,0.3569674052092505,0.3598882621118844,2
0.4096317280453258,0.5610320284697509,0.5184072704867546,0.7710061958766621,0.2298165193108385,0.2123560660407499,0.4325591700354298,0.3996952175327964,3
0.7240793201133146,0.7806049822064057,0.5033117683302528,0.2443204463929852,0.5652199247930803,0.3644376430175995,0.1907177577092573,0.1229693559132901,1
0.3220963172804533,0.3266903914590746,0.4213647566235394,0.9844921917460778,0.1052257719798775,0.1357200363402165,0.3216241395099284,0.414830312772861,3
0.73314447592068,0.8638790035587188,0.2562384473197809,0.6456393347585057,0.6333481193229361,0.1878598021709895,0.557754265169492,0.1654376206670957,2
0.3453257790368272,0.2921708185053381,0.4327634011090602,0.2493930939526792,0.1008941155121833,0.1494443586266131,0.0728653843897329,0.1079282035520728,4
0.4835694050991502,0.7220640569395017,0.4164356130622302,0.7881082647922026,0.3491680864577137,0.2013755216706025,0.5690646509834089,0.3281963484081514,2
0.6337110481586402,0.6149466192170819,0.3994916820702414,0.7011485923403022,0.3896984666256692,0.2531622925753909,0.4311689564284848,0.2801030305352093,2
0.4923512747875355,0.4412811387900355,0.4376925446703659,0.9963766803145042,0.2172653312229693,0.2154984823334549,0.4396822361530195,0.436106644657067,2
0.7524079320113315,0.7421708185053378,0.2691774491682075,0.3618609369904706,0.5584152107507585,0.2025312478727363,0.268562627791326,0.0974048039727123,2
0.7291784702549576,0.7158362989323844,0.4524799753542829,0.4757781079024602,0.5219724174084867,0.3299386562498369,0.3405792398739498,0.2152800665378125,2
0.1175637393767705,0.1937722419928825,1.0,0.8328924961049313,0.0227805893561037,0.1175637393767705,0.1613914463093007,0.8328924961049313,5
0.7566572237960341,0.7946619217081848,0.4136629698089997,0.3340338418058625,0.6012866835361366,0.3130010743229003,0.2654439746450145,0.1381774310181226,2
0.6991501416430596,0.6064056939501777,0.4675754775107847,0.3866444436392623,0.4239686268184245,0.3269054613304863,0.2344633921570472,0.1807854603615197,2
0.5903682719546742,0.6329181494661921,0.2932070240295736,0.7821660205079892,0.373654794189106,0.173100124101312,0.4950470702752522,0.2293365711702019,2
0.1481586402266289,0.2492882562277579,0.6918515095502187,0.5499836950614152,0.036934209067172,0.1025037788937009,0.1371044762955591,0.3805070496562472,5
0.8022662889518414,0.9375444839857652,0.4336876155268037,0.4396898438349215,0.7521603338945289,0.3479329538730618,0.4122287877519931,0.1906880399441197,1
0.7793201133144476,0.8172597864768684,0.3520486752926715,0.2949019892025072,0.6369069894044943,0.2743586135212859,0.2410115367272448,0.1038198546399163,1
0.245042492917847,0.2829181494661921,0.7312846580406678,0.8852132323634914,0.0693269686368997,0.1791958156388605,0.2504428895832652,0.64734285592201,4
0.5045325779036828,0.4749110320284696,0.4675754775107847,0.273307003876952,0.2396080872642222,0.2359070610330616,0.1297965112718122,0.1277916528448077,3
0.2521246458923513,0.2948398576512455,0.656731361675913,0.8655023732743938,0.0743363947052715,0.1655781620089412,0.2551845965330374,0.568402552134227,4
0.6869688385269122,0.6884341637010675,0.4648028342575507,0.7665132794666474,0.4729328178399684,0.3193050631939265,0.527693928515384,0.3562775447921477,2
0.1810198300283286,0.2807829181494662,0.8726894639556413,0.9434762129062648,0.0508272761182744,0.1579740984327634,0.2649120042644281,0.8233617504960667,4
0.6660056657223796,0.6229537366548042,0.2858133086876187,0.6199862313851949,0.4148907180950268,0.1903532829248134,0.3862227395159373,0.1772003161329701,2
0.394900849858357,0.2455516014234874,0.597581638940234,0.6786840102902278,0.0969685360862157,0.2359854970772482,0.16665194558728,0.405569103191765,4
0.8059490084985836,0.904626334519573,0.3551293900184866,0.4483858110801115,0.7290826973677579,0.286216179774106,0.4056216127279869,0.1592349795818243,2
0.2280453257790368,0.3048042704626335,0.3773105360443622,0.728251023587811,0.0695091891564929,0.0860439041120995,0.2219740219583488,0.2747767840847724,4
0.5311614730878187,0.3279359430604982,0.5834103512014828,0.2106960397115836,0.1741869385944572,0.3098851015588612,0.0690948044819303,0.1229222505248965,3
0.721529745042493,0.347508896797153,0.3729975354282189,0.2715678104279139,0.2507380057060478,0.269128816639001,0.0943722302074227,0.1012941239912496,2
0.5971671388101983,0.658896797153025,0.3366451016635885,0.826080655096199,0.3934715151270755,0.2010333921549135,0.5443018978329582,0.2780960061171837,2
0.7303116147308782,0.43932384341637,0.271025878003698,0.3749048878582557,0.3208433054751847,0.1979333465987346,0.1647046562494721,0.1016089263996616,2
0.8300283286118981,0.8343416370106761,0.4752772643253244,0.1925794412841044,0.6925271944592865,0.3944935933351843,0.160677046295581,0.0915286300188085,1
0.3396600566572239,0.2640569395017794,0.4993068391866941,0.8612993224392189,0.0896895950319075,0.1695945892874918,0.2274320630782564,0.4300526422807676,4
0.5662889518413599,0.658896797153025,0.3366451016635885,0.8388347403891445,0.3731259766314156,0.1906384017636015,0.5527055237830966,0.2823896064572534,3
0.353257790368272,0.249644128113879,0.5208718422674075,0.6718721692814955,0.0881887330759227,0.1840020360644354,0.1677289419042594,0.349959294581852,4
0.231728045325779,0.29288256227758,1.0,0.5391137360049276,0.0678691036665893,0.231728045325779,0.157897012360162,0.5391137360049276,4
0.4487252124645892,0.6140569395017793,0.6675138632162678,0.9201420341316716,0.2755428306432913,0.2995303000947785,0.5650196013858361,0.6142075639109071,3
0.5002832861189802,0.4544483985765124,0.4885243376463357,0.6691184463205189,0.2273529382113657,0.244400560986807,0.3040798063883639,0.3268806457956767,3
0.4201133144475921,0.2540925266903915,0.363139248305611,0.733758469509765,0.1067476535642636,0.1525596332116773,0.1864425434982107,0.2664564990556516,3
0.4288951841359774,0.2626334519572952,0.4829790511398677,0.8218776042610241,0.1126422227374915,0.2071473890724532,0.2158525522934645,0.3969496654590971,3
0.6838526912181303,0.7855871886120996,0.3834719654959961,0.5167940867422731,0.5372259131188692,0.2622383356111429,0.4059868136952199,0.1981760441997677,1
0.3478753541076488,0.2818505338078292,0.6018946395563809,0.5233160621761657,0.0980488542538284,0.2093843108711716,0.1474969114745634,0.3149811326175878,4
0.2662889518413598,0.2578291814946619,0.4959180529882943,0.6433204101597882,0.0686570624943292,0.1320574985294608,0.1658667747903083,0.319034205254073,5
0.5223796033994335,0.5362989323843416,0.7121842267406038,0.5531722163846515,0.2801516236024719,0.3720305139120888,0.2966656690717686,0.393960527180289,3
0.4507082152974505,0.4053380782918149,0.503619839802834,0.4917207145186419,0.1826892018590021,0.2269855991859232,0.1993131294792644,0.2476403074736134,3
0.3390934844192635,0.2298932384341637,0.5510628465804075,0.7250625022645747,0.0779552992650691,0.1868618207809484,0.1666869667127812,0.3995550064466296,4
0.1065155807365439,0.3112099644128113,0.5125539125077019,0.8837639044892931,0.0331487100904297,0.0545949776495455,0.2750361332654401,0.4529766469790701,5
0.4651558073654392,0.6332740213523133,0.6108287122612452,0.6911482300083336,0.2945710886856936,0.2841305228138711,0.4376862189679109,0.4221731833176293,3
0.6254957507082154,0.708540925266904,0.4789741219963055,0.6830319939128229,0.4431893379573157,0.2995962780078874,0.4839561209538899,0.3271546495797802,2
0.8597733711048159,0.7275800711743771,0.346811460258781,0.3727308960469582,0.625553970542276,0.298179258324476,0.2711915718747352,0.1292673463416094,1
0.6745042492917848,0.6720640569395017,0.5214879852125733,0.7583970433711364,0.4533100622019698,0.3517458619804921,0.5096913937389291,0.3954949461387865,2
0.563172804532578,0.3001779359430604,0.4971503388786189,0.527374180223921,0.1690520500438538,0.2799815506205934,0.1583060928892801,0.2621842524141561,3
0.3424929178470255,0.3508896797153024,0.8126155268022188,0.7575274466466178,0.1201772302481021,0.2783150628622897,0.2658085631293825,0.615578565123881,4
0.6818696883852692,0.8774021352313167,0.6083641404805924,0.7236131743903764,0.5982739205387477,0.4148250668942737,0.6348997442916274,0.4402203068784344,1
0.6577903682719548,0.6494661921708184,0.4906808379544074,0.7201347874923003,0.4272126057282268,0.322765129102021,0.4677031982823657,0.353356340966841,2
0.4501416430594901,0.4540925266903914,0.5707794208256338,0.8465161781223955,0.2044059560654481,0.2569315863149949,0.384396670207892,0.48317401386823,3
0.3447592067988669,0.2647686832740213,0.6246919285274224,0.815790427189391,0.091281441230732,0.2153682937727686,0.2159957572344864,0.5096176952351504,4
0.6104815864022664,0.8341637010676154,0.4336876155268037,0.9166636472335954,0.5092415795469437,0.2647583035298192,0.7646475406105149,0.3975456714088411,1
0.7008498583569406,0.8596085409252668,0.2719500924214415,0.6992644661038443,0.6024565241498896,0.1905961837537242,0.6010937074284113,0.1901650361839704,1
0.661473087818697,0.3852313167259785,0.5569162045594602,0.47592304068988,0.2548201485991954,0.3683850814862152,0.1833404596251939,0.2650492534834055,3
0.6235127478753542,0.6832740213523131,0.3970271102895886,0.547519837675278,0.4260300626052241,0.2475514645176726,0.3741060812585529,0.2173802189784402,2
0.7946175637393769,0.8085409252669037,0.4099661121380187,0.5681002934888946,0.6424808202191686,0.3257662732428166,0.4593323369419103,0.2329018686261094,2
0.6688385269121814,0.7240213523131672,0.6108287122612452,0.5472299721004384,0.4842533747341042,0.4085457761044759,0.3962061844264562,0.3342637791688679,2
0.1847025495750708,0.2555160142348753,0.7186537276648188,0.7489764121888474,0.0471944592864415,0.1327371757613206,0.1913754675984313,0.538254690552537,4
0.6909348441926346,0.708540925266904,0.4469346888478114,0.2414217906445884,0.4895556138033935,0.3088027496033462,0.1710572189229094,0.1078997728828205,2
0.8407932011331445,0.8565836298932384,0.4250616142945205,0.1304032754809955,0.7202096922161846,0.3573889153615118,0.111701311061479,0.055429426785245,1
0.743342776203966,0.8007117437722419,0.3024491682070263,0.4820102177615131,0.5952032905547769,0.2248234043555912,0.3859512419798592,0.1457835894292572,1
0.2235127478753541,0.2096085409252669,0.489140480591498,0.6382477626000942,0.04685018096035,0.109329132914077,0.1337821822674219,0.3121928173346584,4
0.4002832861189802,0.346797153024911,0.5353512014787434,0.5276640457987607,0.1388171040295182,0.2142921381556556,0.1829923888366164,0.2824855808955012,3
0.4733711048158641,0.5880782918149464,0.5193314849044981,0.9960868147396644,0.2783792707146673,0.2458365187749055,0.5857770325114928,0.5172992445925416,2
0.3594900849858357,0.2722419928825622,0.6129852125693169,0.750280807275626,0.0978682971580655,0.2203621061616043,0.2042579421942539,0.4599110401345282,3
0.6756373937677055,0.8258007117437721,0.3033733826247697,0.7768035073734556,0.5579418406540784,0.2049704015750923,0.6414848892740582,0.2356615076666704,1
0.6368271954674222,0.6681494661921706,0.4968422674060377,0.5027356063625492,0.4254957507082152,0.316402667741862,0.3359025270269344,0.2497802985709181,2
0.341643059490085,0.435409252669039,0.3033733826247697,0.8402840682633428,0.1487545492121419,0.1036454106077825,0.3658674581922418,0.2549198201547532,3
0.1215297450424929,0.3254448398576511,0.6518022181146073,0.6476683937823833,0.0395512284132952,0.0792133573855995,0.2107803366953698,0.4221516956700823,5
0.5694050991501417,0.7999999999999997,0.3776186075169434,0.8610094568643791,0.4555240793201132,0.2150179606541236,0.688807565491503,0.3251331921600466,2
0.779886685552408,0.8110320284697509,0.3360289587184262,0.453168593064966,0.6325130805601202,0.2620645108645403,0.3675342432722624,0.1522777704515147,1
0.626628895184136,0.7158362989323844,0.4367683302526224,0.8130367042284141,0.448563709132701,0.2736916562376206,0.5820011852510517,0.3551086837399396,2
0.1688385269121813,0.2653024911032029,0.4108903265557622,0.7607159679698541,0.0447932817839968,0.06937411745814,0.2018198413243866,0.3125708324953161,5
0.7439093484419265,0.8713523131672597,0.4648028342575507,0.5873763542157324,0.6482071315516216,0.3457711735864953,0.5118117449456301,0.2730141942153394,1
0.751558073654391,0.8597864768683275,0.5587646333949472,0.6604224790753288,0.6461794683092559,0.4199440715005085,0.5678223165288238,0.3690207244063083,1
0.4753541076487252,0.7064056939501778,0.580329636475664,0.7182506612558426,0.3357928482856652,0.2758620764889983,0.5073763567946076,0.4168221451450084,3
0.7611898016997167,0.6494661921708184,0.458025261860751,0.4566469799630421,0.4943670420291753,0.3486441582492459,0.2965767752429009,0.2091558525754934,2
0.4872521246458924,0.588967971530249,0.623151571164513,0.867096633936012,0.2869758954764953,0.303631927026335,0.5106921456099999,0.5403326297886865,2
0.5518413597733711,0.4638790035587188,0.443545902649415,0.8544874814304866,0.2559876200941599,0.2447669740399604,0.3963788014393734,0.3790044212537104,3
0.2257790368271954,0.4873665480427046,0.8027572396796074,0.6833218594876627,0.1100371497988769,0.1812457563809198,0.3330282158606241,0.5485415697350526,4
0.5053824362606232,0.3001779359430604,0.4968422674060377,0.6483930577194825,0.1517046565785891,0.2510953555389154,0.1946332897460439,0.3221490769676816,3
0.1906515580736544,0.2263345195729537,0.7035582255083206,0.5808543787818399,0.0431510288024356,0.1341344718886968,0.1314673967634342,0.4086648760144891,4
0.5546742209631729,0.5816725978647687,0.4965341959334566,0.8011522156599877,0.3226387950762654,0.2754147183109655,0.4660082905680605,0.3977994712230392,2
0.3240793201133145,0.3263345195729538,0.5144023413431924,0.65056704953078,0.1057582692327079,0.1667071610471989,0.2123024855586211,0.3346532134793659,4
0.3320113314447592,0.2966192170818506,0.6348582871226149,0.7660784811043877,0.0984809411954472,0.2107801451863186,0.2272335992884367,0.4863512723154261,4
0.1002832861189801,0.1855871886120996,0.5026956253850905,0.90390956194065,0.0186112931356043,0.0504119692312526,0.1677540343601597,0.4543913825313182,5
0.8552407932011332,0.7185053380782916,0.440773259396181,0.217362947932896,0.6144950752573265,0.3769672719878387,0.1561764383902195,0.0958077750323449,2
0.711331444759207,0.7635231316725978,0.3449630314232905,0.4430232979455776,0.5431180123597432,0.2453830515308449,0.3382585358513297,0.15282665985045,2
0.6801699716713882,0.6062277580071175,0.344038817005547,0.4940396391173592,0.4123379169901102,0.2340048724165208,0.2995005427887621,0.1699688129957836,2
0.6968838526912182,0.7158362989323844,0.4244454713493546,0.6176673067864777,0.4988547578962226,0.2957891953312783,0.4421486788615659,0.262166091166073,2
0.0696883852691218,0.2540925266903915,0.4336876155268037,0.778107902460234,0.0177072978940046,0.0302229896372786,0.1977114029738815,0.3374557608405416,5
0.4526912181303117,0.3476868327402135,0.7266635859519432,0.5588245950940252,0.1573947758410372,0.3289542238955256,0.1942959535255738,0.406077484189167,3
0.4436260623229462,0.583629893238434,0.5991219963031433,0.7405703105184971,0.2589134313913279,0.2657861320710262,0.4322189712634643,0.4436919628406807,3
0.7569405099150143,0.9163701067615658,0.0667744916820716,0.6465089314830246,0.6936376558829757,0.0505443177831431,0.5924414585654051,0.0431703052676982,1
0.7524079320113315,0.7608540925266903,0.4774337646333961,0.2131598970977207,0.5724726543203653,0.3592249515201983,0.1621835800693689,0.1017697321402321,2
0.5968838526912181,0.8250889679715302,0.4065773259396188,0.8086887206058189,0.492482282015868,0.2426794407237328,0.6672401418948722,0.3287944975414453,2
0.236543909348442,0.2893238434163701,0.5002310536044376,0.9150693865719772,0.0684377929894246,0.1183266089970837,0.2647513919156645,0.4577461233660666,4
0.0787535410764872,0.2485765124555159,0.4293746149106603,0.588680749302511,0.0195762805843154,0.0338147713725675,0.146332207611318,0.2527645700370846,5
0.2101983002832861,0.2544483985765123,0.6940080098582904,0.651436646255299,0.053484620890587,0.1458793040551987,0.1657570114137147,0.4521022504163991,5
0.623229461756374,0.7322064056939502,0.617606284658045,0.5652016377404978,0.4563326041152097,0.3849104323647873,0.413844259662304,0.3490720835675511,2
0.4580736543909349,0.6181494661921708,0.3911737523105394,0.7673828761911663,0.2831579849384533,0.1791863902227032,0.4743573152825821,0.3001800391385526,3
0.2994334277620397,0.351067615658363,0.503619839802834,0.8607195912895393,0.1051213795328299,0.1508006149211319,0.3021707746644592,0.4334754626803985,4
0.3135977337110482,0.3377224199288257,0.5889556377079508,0.8311533026558935,0.1059089855130906,0.1846951532415585,0.280699104704784,0.4895124233987711,4
0.6076487252124647,0.6797153024911032,0.5153265557609394,0.5817239755063588,0.4130281370661237,0.313137524676265,0.3954066879776318,0.299777812701253,2
0.6847025495750709,0.7608540925266903,0.4450862600123244,0.5173738178919526,0.5209587370076518,0.3047516970112714,0.3936459867092507,0.2302759776338265,2
0.2322946175637394,0.2813167259786476,0.6736752926679017,0.806949527156781,0.0653483612754932,0.1564911444724304,0.2270083990097634,0.5436219588755694,4
0.1909348441926346,0.1937722419928825,1.0,0.7836153483821877,0.0369978728337685,0.1909348441926346,0.1518429029160502,0.7836153483821877,5
0.4260623229461757,0.4544483985765124,0.503619839802834,0.7649190188050292,0.1936233403566784,0.2145734388281763,0.3476162231366627,0.3852283937127297,3
0.6138810198300284,0.731850533807829,0.5390480591497244,0.455777383238523,0.4492691520571008,0.3309113722882303,0.3335609212206485,0.2456859138390659,3
0.5050991501416431,0.3731316725978647,0.5057763401109092,0.9830428638718792,0.1884684907201113,0.2554671995517709,0.3668044280319093,0.4971998218612658,3
0.5719546742209632,0.6081850533807828,0.2352895871842264,0.9288380013768616,0.3478542840724647,0.1345749791855391,0.5649053894494861,0.2185459099049836,2
0.5872521246458924,0.6859430604982205,0.4694239063462717,0.7789774991847529,0.4028215196636859,0.2756701863614224,0.5343342098500394,0.3656706606231563,2
0.7470254957507083,0.9284697508896796,0.4644947627849696,0.6312909888039422,0.6935905759478996,0.3469894304430496,0.5861345871136957,0.293231358092776,1
0.8280453257790369,0.8774021352313167,0.5834103512014828,0.1762020363056631,0.7265287369068383,0.4830902143234941,0.1546000428866948,0.1027980918835033,2
0.254957507082153,0.3494661921708185,0.8175446703635281,0.7931809123518967,0.0890990291653644,0.2084391510841856,0.277189913142193,0.6484608275273739,5
0.5674220963172805,0.5362989323843416,0.6890788662969811,0.4494003405920503,0.3043078644662425,0.390998574842168,0.241012922872676,0.3096722772086472,3
0.6558073654390936,0.7886120996441283,0.4453943314849056,0.4631689553969346,0.5171776234210077,0.2920928831126222,0.3652606424055541,0.2062928272535797,2
0.5773371104815864,0.7946619217081848,0.4349199014171283,0.7439037646291531,0.4587878176887481,0.2510953991751012,0.591151995166156,0.3235385519763418,2
0.8271954674220965,0.8683274021352311,0.4306069008009885,0.3675133156998441,0.7182764912846672,0.356196076583254,0.3191218826717506,0.1582537698766051,1
0.4883852691218132,0.5362989323843416,0.7189617991374035,0.6463639986956049,0.2619204984222677,0.3511303517600238,0.3466443224321268,0.4647110233998384,3
0.4407932011331446,0.5895017793594305,0.4709642637091846,0.8692706257473097,0.259848376397528,0.2075978454196859,0.5124365806229246,0.4093954002191038,3
0.6305949008498584,0.8558718861209963,0.2987523105360452,0.6130294575890429,0.539708447168651,0.1883916836411435,0.5246746781144654,0.1831439668813851,2
0.6002832861189802,0.7240213523131672,0.7300523721503431,0.7120185513967898,0.4346179165868559,0.4382382369933646,0.5155166344543661,0.5198108324622774,1
0.5167138810198301,0.3046263345195729,0.4737369069624151,0.7815862893583101,0.1574046555704535,0.2447864357788796,0.2380917664379762,0.370266271244837,3
0.6294617563739378,0.3649466192170818,0.327711028958717,0.3089604695822311,0.229719939915115,0.2062815598714643,0.1127540788457572,0.1012497533943613,2
0.8393767705382438,0.9676156583629892,0.3092267406038225,0.3743251567085763,0.8121941064389625,0.2595577428921037,0.3622028829503981,0.1157513481350081,1
0.1572237960339944,0.2784697508896796,0.880391250770181,0.9466647342295011,0.0437820713155162,0.1384184544412041,0.2636174927169339,0.8334353494283315,4
0.5303116147308783,0.7064056939501778,0.6092883548983394,0.6131743903764628,0.3746151442138054,0.3231126913228588,0.4331498807463624,0.3736000155782672,2
0.7762039660056658,0.8343416370106761,0.4869839802834264,0.5896952788144496,0.6476192876513464,0.3779988968772205,0.4920073242635149,0.2871721540314055,1
0.5345609065155807,0.6850533807829181,0.5797134935305017,0.626073408456828,0.36620275624288,0.3098921706209792,0.4288937050816348,0.3629432028230565,2
0.8824362606232296,0.7898576512455516,0.3680683918669132,0.1314178049929344,0.6969990321897716,0.3247968953726444,0.1038013587835651,0.0483707401464289,2
0.6934844192634562,0.5603202846975089,0.4857516943930982,0.4227327077068008,0.3885733872349864,0.3368612316924375,0.2368657111332234,0.2053431290439608,2
0.7773371104815865,0.952135231316726,0.4663431916204565,0.7698467335773036,0.7401300494994607,0.3625058690670064,0.7329981977530519,0.359012782795023,1
0.8526912181303117,0.7923487544483986,0.544593345656196,0.3383818254284574,0.6756288246146402,0.4643699632932436,0.2681164179062136,0.1842804904193344,1
0.1376770538243626,0.2485765124555159,0.4361521873074565,0.8811551143157359,0.0342232818848104,0.0600481481675421,0.219034465248947,0.3843177304659601,5
0.3611898016997168,0.2763345195729537,0.4321472581638979,0.7015833907025615,0.0998092103273416,0.1560871824812946,0.1938717092101562,0.3031873386654427,4
0.5237960339943343,0.5880782918149464,0.5279574861367848,0.8002826189354686,0.3080330769308317,0.2765420373560666,0.4706288355127621,0.4225151996921325,3
0.5362606232294618,0.5843416370106761,0.6354744300677773,0.5724482771114894,0.3133594104422691,0.3407799139145333,0.3345053633512688,0.3637762426407047,3
0.6147308781869689,0.5948398576512456,0.6015865680837997,0.495923765353817,0.3656664280745618,0.369813839303639,0.2949952219889342,0.2983410760303983,2
0.8643059490084987,0.9026690391459076,0.2993684534812075,0.4608500307982173,0.7801822205195933,0.2587459352892816,0.4159950544909887,0.1379639610068291,1
0.5793201133144477,0.8026690391459074,0.3514325323475091,0.7689771368527845,0.4650023187120058,0.2035919344619422,0.6172341395627954,0.2702435825215111,2
0.1053824362606232,0.1855871886120996,0.5103974121996337,0.9134751259103592,0.0195576300747028,0.0537869227587149,0.1695292804847872,0.4662353403733819,5
0.4033994334277621,0.7135231316725977,0.5239525569932226,0.8236167977100619,0.2878348270543284,0.2113621646340932,0.5876696368002398,0.4315361271427567,3
0.2314447592067989,0.2893238434163701,0.512861983980283,0.9363745063226928,0.0669624872722873,0.1186992183886377,0.2709154710463876,0.4802308870612143,3
0.4719546742209632,0.6537366548042703,0.7069470117067169,0.7450632269285118,0.3085340699444517,0.333646946601527,0.4870751415899202,0.5267202218096749,3
0.7008498583569406,0.7845195729537365,0.5239525569932226,0.3051922171093154,0.5498304315828738,0.3672120753544569,0.2394292678354041,0.1599062425288565,1
0.7325779036827197,0.8234875444839856,0.230976586568083,0.6808580021015254,0.6032687790469086,0.1692083435878364,0.5606780842928575,0.157262257262975,1
0.7881019830028329,0.736476868327402,0.6521102895871884,0.3956302764592919,0.5804188803645417,0.5139294123602147,0.2913725470222436,0.2579945741513282,1
0.2127478753541077,0.2852313167259787,0.7121842267406038,0.5659263016775968,0.0606823566179065,0.1515156810997715,0.1614199041973643,0.403043785552429,5
0.7713881019830029,0.9026690391459076,0.3267868145409736,0.6417261494981701,0.6963081568255826,0.2520794606218332,0.5792663267623163,0.2097076442021516,1
0.4946175637393769,0.7074733096085409,0.576632778804683,0.6133193231638827,0.3499287248092104,0.2852127002246393,0.4339070514056223,0.353660025610597,2
0.5592067988668555,0.332562277580071,0.2704097350585357,0.7665132794666474,0.1859710866694221,0.1512149623245182,0.2549134020147977,0.2072726528194254,2
0.1852691218130311,0.2686832740213523,0.6875385089340753,0.6101308018406464,0.0497787142237859,0.1273796557628569,0.1639319414198178,0.4194884217522698,4
0.6487252124645893,0.6501779359430605,0.5196395563770793,0.7921663828399579,0.42178681963445,0.3371032816157256,0.5150491037183641,0.4116409877557912,2
0.5677053824362607,0.5866548042704626,0.4965341959334566,0.5105619768832204,0.3330470900164326,0.2818851355950841,0.299523636616366,0.2535114806659059,2
0.2660056657223796,0.2879003558718861,0.7094115834873733,0.5220116670893873,0.076583125825411,0.1887075005367262,0.1502873447243111,0.3703211233487658,4
0.6628895184135978,0.7850533807829182,0.4336876155268037,0.639262292112033,0.5204036575161555,0.2874869745985044,0.5018550236295889,0.2772401391622666,2
0.5648725212464589,0.4405693950177934,0.3834719654959961,0.9166636472335954,0.248865544947728,0.2166127759770584,0.4038539484965091,0.3515148105033952,2
0.6169971671388103,0.8250889679715302,0.3936383240911922,0.8101380484800174,0.5090775558759186,0.2428737308415344,0.668435966334847,0.318901383686183,2
0.7297450424929179,0.7642348754448399,0.4179759704251395,0.3580926845175548,0.5576966116560645,0.305015892298912,0.2736669181499819,0.1496741373133683,2
0.3745042492917848,0.2722419928825622,0.6058995686999431,0.7669480778289068,0.1019557831701833,0.2269119631221883,0.208795473145592,0.464693509571785,3
0.0507082152974504,0.1749110320284697,0.6721349353049924,0.9846371245334976,0.0088694262699988,0.0340827630083834,0.1722238956256989,0.6618090099972161,5
0.7365439093484419,0.7322064056939502,0.5914202094886036,0.2509873546142974,0.5393021684997934,0.4356069531644106,0.1837745487967675,0.1484389938449782,2
0.5552407932011332,0.4441281138790035,0.3603666050523735,0.7726004565382802,0.2465980462331011,0.2000902396324793,0.3431335835444034,0.2784194035846139,2
0.130028328611898,0.2813167259786476,0.6970887245841055,0.7856444074060656,0.0365791436895748,0.0906412817518709,0.2210149124749091,0.5476638579353297,5
0.8277620396600568,0.7939501779359431,0.4441620455945809,0.3043226203847964,0.6572018186767213,0.3676604808009534,0.2416169986044415,0.1351685575908142,2
0.3478753541076488,0.3466192170818506,0.8237060998151584,0.9149244537845576,0.1205802828828647,0.2865470511538285,0.3171303978598431,0.7536288534523921,4
0.8376770538243626,0.8177935943060496,0.3776186075169434,0.4240371027935794,0.6850469287147277,0.3163224426140515,0.3467748264126851,0.1601243002924304,1
0.8045325779036828,0.8177935943060496,0.2858133086876187,0.5276640457987607,0.6579415886201646,0.2299461180376309,0.4315202765998405,0.1508134068052389,1
0.623229461756374,0.8507117437722419,0.4688077634011094,0.7966592992499728,0.5301886221810006,0.2921748100516829,0.6777274216573167,0.3734800642740749,2
0.554957507082153,0.6023131672597865,0.6447165742452263,0.6789738758650676,0.3342582137852469,0.3577903028176766,0.408954905658942,0.4377457112497299,2
0.3776203966005667,0.2222419928825623,0.413354898336415,0.7701365991521432,0.0839231094936134,0.1560912406465839,0.1711566925873713,0.3183397356476865,4
0.411614730878187,0.286832740213523,0.5855668515095509,0.2475089677162215,0.1180645811700422,0.2410279419952911,0.0709936754374642,0.1449330469459669,3
0.6750708215297451,0.6781138790035587,0.4749691928527433,0.5389688032175077,0.4577748933896545,0.3206378432204213,0.3654822258117298,0.2559935774370286,2
0.3509915014164306,0.2768683274021353,0.780884165126313,0.587666219790572,0.0971784299295313,0.2740837055500005,0.1627061633441512,0.4588992454140971,3
0.7960339943342777,0.8713523131672597,0.5023875539125093,0.1246059639842022,0.6936260623229462,0.3999175712448021,0.1085756949520708,0.0626004854489335,1
0.5900849858356941,0.8117437722419928,0.271025878003698,0.9346353128736548,0.4789978123456292,0.1599283013829187,0.7586843945426357,0.2533103562848433,2
0.8694050991501417,0.8597864768683275,0.546441774491683,0.3559186927062574,0.7475027471696594,0.475079265131721,0.3060140788534939,0.1944888420171673,1
0.6776203966005666,0.6637010676156582,0.4078096118299434,0.3405558172397549,0.4497373806619417,0.2763401109057293,0.2260272594847483,0.1388819356349736,2
0.8651558073654392,0.93576512455516,0.5498305606900828,0.4307040110148918,0.8095826318389402,0.4756891026480207,0.4030377925137572,0.2368142278677855,1
0.4614730878186969,0.3494661921708185,0.8052218114602603,0.2499728251023586,0.1612692427893097,0.3715881957135309,0.0873570513347032,0.20128357104476,4
0.3827195467422097,0.3496441281138789,0.5048521256931622,0.7617304974817927,0.1338156422328188,0.1932167767171281,0.2663345956497726,0.3845612608589929,3
0.5552407932011332,0.5131672597864769,0.4453943314849056,0.7408601760933367,0.2849313963686954,0.2473011019009674,0.3801851864507443,0.3299749228548811,2
0.4832861189801701,0.4749110320284696,0.4654189772027131,0.3231638827493749,0.2295179095299063,0.2249305311920194,0.1534740930708329,0.1504066037780715,3
0.7220963172804533,0.5663701067615657,0.344038817005547,0.4683865357440485,0.4089737683102638,0.2484291627612292,0.2652801322550366,0.1611431496587088,2
0.3509915014164306,0.3585409252669038,0.568314849044981,0.6331751150403999,0.1258448176786668,0.19947368214355,0.2270191916025632,0.3598428199232233,4
0.1926345609065156,0.3281138790035586,0.7697935921133734,0.6259284756694081,0.0632060730091841,0.148288850605409,0.205375820130674,0.4818357296916019,4
0.7413597733711049,0.8793594306049822,0.3865526802218149,0.4630240226095148,0.6519217081850535,0.2865746074052379,0.4071645408783313,0.1789831769467941,2
0.6277620396600566,0.6850533807829181,0.6524183610597696,0.3834559223160259,0.4300505075963021,0.4095634810505522,0.2626877759638255,0.2501736843760839,2
0.5331444759206799,0.3275800711743772,0.4250616142945205,0.4518641979781875,0.1746475053683223,0.2266192515870503,0.1480217061348475,0.1920701254345072,2
0.6181303116147309,0.8508896797153026,0.4737369069624151,0.8355012862784883,0.5259607028721786,0.2928311419240764,0.7109194218832262,0.3958077951246903,2
0.6524079320113315,0.8250889679715302,0.3982593961799168,0.7427443023297944,0.5382945873196697,0.2598275890658211,0.6128301298760243,0.2958048973619375,2
0.6784702549575071,0.8131672597864769,0.339417744916819,0.858545599478242,0.5517097980704284,0.2302848439308162,0.6981411725294602,0.2914056112831634,1
0.1405099150141643,0.2281138790035587,0.6434842883548981,0.7241929055400558,0.0320522617523413,0.0904159226696967,0.1651984528295999,0.4660067564531087,5
0.5648725212464589,0.748932384341637,0.5538354898336415,0.5207072720026088,0.4230513241861824,0.3128464494980966,0.3899745387649431,0.288386167049504,2
0.4645892351274789,0.2934163701067616,0.5470579174368453,0.3724410304721185,0.1363180869617816,0.2541572194324155,0.1092802952399508,0.2037468144981098,4
0.6028328611898017,0.8565836298932384,0.4463185459026491,0.8492699010833726,0.5163767604568871,0.2690554860285658,0.7274706946290669,0.3790449073304175,2
0.551558073654391,0.7999999999999997,0.4509396179913736,0.8244863944345808,0.4412464589235126,0.248719387033769,0.6595891155476644,0.3717935797454149,2
0.7713881019830029,0.8071174377224198,0.3893253234750453,0.5133156998441972,0.622600788362082,0.3003209223293338,0.4143060524009392,0.1998468008866613,2
0.2881019830028329,0.248932384341637,0.5563000616142979,0.9694191818544148,0.0717179135624489,0.1602711508956773,0.2413198283655384,0.5392879505956932,4
0.271671388101983,0.4873665480427046,0.8132316697473811,0.645494401971086,0.1324035466212333,0.2209317765687644,0.3145923784695381,0.5249364903275335,4
0.0711048158640226,0.1798932384341637,0.6434842883548981,0.8311533026558935,0.0127912755940439,0.0457548318348666,0.1495188592500192,0.5348340914733509,5
0.3954674220963173,0.2572953736654804,0.4959180529882943,0.6947715496938294,0.1017519381407962,0.1961194339863056,0.1787615054906187,0.3445497541958238,4
0.451558073654391,0.300355871886121,0.6145255699322263,0.4399797094097611,0.1356281189196818,0.2774939825699628,0.1321504892319709,0.2703787816836487,4
0.4943342776203968,0.588967971530249,0.5800215650030829,0.7750643139244175,0.2911470567479561,0.286724541340051,0.4564880567775484,0.4495540163404813,3
0.6243626062322947,0.7845195729537365,0.5261090573012943,0.4266458929671364,0.4898246852096418,0.3284828221790518,0.3347120537530434,0.224462268550409,2
0.7070821529745043,0.6955516014234876,0.503619839802834,0.1941737019457226,0.4918121238393839,0.3561006006084627,0.1350578293426743,0.097789728667828,2
0.6626062322946176,0.6355871886120995,0.4968422674060377,0.6249139461574695,0.4211440323409917,0.3292107828506295,0.3971872981627189,0.3104836619425317,2
0.5674220963172805,0.5998220640569395,0.3674522489217509,0.9469545998043408,0.3403522930045467,0.208500525379679,0.5680042626228529,0.3479605973249016,2
0.5201133144475921,0.582918149466192,0.5698552064078868,0.7001340628283632,0.303183490770518,0.2963892801600227,0.4081208522821561,0.3989750408862493,3
0.5645892351274787,0.6211743772241992,0.5824861367837357,0.8376752780897858,0.3507083665177986,0.3288654024390893,0.5203424191835306,0.4879342366137608,2
0.7286118980169972,0.7999999999999997,0.3338724584103509,0.2630167759701438,0.5828895184135976,0.2432634456179667,0.2104134207761149,0.0878140575963164,1
0.5705382436260623,0.4501779359430604,0.5239525569932226,0.5765063951592448,0.2568437288921597,0.2989349716102975,0.2595304590307631,0.3020619998666315,3
0.1762039660056657,0.2213523131672596,0.7257393715341998,0.4276604224790753,0.0390031554645992,0.1278781555507853,0.0946636237658308,0.3103700062400145,5
0.3807365439093485,0.2455516014234874,0.5935767097966718,0.6989746005290047,0.0934904680773844,0.2259963450330671,0.1716343325142394,0.4148950436134496,4
0.8597733711048159,0.8177935943060496,0.264556377079483,0.4212833798326025,0.7031171554444364,0.2274585281689039,0.3445228494147047,0.111453204692313,1
0.651558073654391,0.7439501779359431,0.3326401725200263,0.771151128664082,0.4847267448307845,0.2167343900272126,0.5736980193851471,0.2565158444778332,2
0.3694050991501417,0.3161921708185053,0.5886475662353661,0.3496865828472045,0.1168030002117084,0.217449412569665,0.1105681597365627,0.2058421559381686,4
0.7509915014164307,0.8402135231316724,0.3344886013555168,0.6839015906373418,0.6309932152470435,0.2511980969386615,0.5746233649447557,0.2287572865170976,1
0.5779036827195468,0.6430604982206406,0.3520486752926715,0.6530309069169171,0.3716270301331748,0.2034502259481727,0.4199383803554695,0.2298986657052725,2
0.1053824362606232,0.2718861209964412,0.7352895871842264,0.9578245588608284,0.0286520218160555,0.0774866080545416,0.2604192039037981,0.7042784244796924,4
0.6657223796033994,0.6297153024911032,0.3615988909426981,0.6983948693793252,0.4192155696470517,0.240724474140323,0.4397899364294362,0.2525388102076344,2
0.3980169971671388,0.3227758007117437,0.7488447319778224,0.6408565527736512,0.128470254957507,0.2980529315662437,0.2068529869628831,0.479902053498016,3
0.6135977337110482,0.6300711743772242,0.6246919285274224,0.6405666871988116,0.3866102446745234,0.3833095516120104,0.4036026048702832,0.4001568391766477,2
0.3475920679886686,0.3211743772241991,0.5754004929143584,0.3331642450813434,0.1116376659643321,0.200004647253801,0.1070038189273709,0.191702870841245,4
0.5195467422096317,0.4295373665480426,0.5100893407270526,0.5150548932932353,0.2231647394473399,0.265015255210599,0.2212353224928593,0.2627240109581888,3
0.3189801699716714,0.3161921708185053,0.6166820702402944,0.56317257871662,0.1008590323913985,0.1967093515837313,0.1780707602098636,0.3472984317455304,4
0.706515580736544,0.7845195729537365,0.522720271102898,0.3259176057103518,0.5542753016845946,0.3693100159010277,0.2556887408499894,0.1703637392141224,1
0.8640226628895186,0.6526690391459075,0.4158194701170679,0.1192434508496683,0.5639208411883904,0.3592774458518575,0.0778265084904952,0.0495837485472396,3
0.8036827195467423,0.6430604982206406,0.3970271102895886,0.0818507916953512,0.5168166100430475,0.3190838277313209,0.0526350108873664,0.0324969833017203,2
0.2079320113314448,0.29288256227758,1.0,0.6369433675133156,0.0608996602582843,0.2079320113314448,0.1865496055030102,0.6369433675133156,4
0.1915014164305949,0.2645907473309608,0.6351663585951961,0.859415196202761,0.0506695028883086,0.1216352573400432,0.2273933090308728,0.5458716206934837,5
0.6478753541076487,0.4039145907473309,0.5211799137399922,0.3450487336497698,0.261686308509673,0.3376596211680912,0.1393702180400315,0.1798324692396805,2
0.1178470254957507,0.2667259786476869,0.4740449784349962,0.9121707308235804,0.031432863206073,0.0558647906597615,0.2432996308726952,0.4324099544222989,5
0.4456090651558074,0.30355871886121,0.3714571780653131,0.5291133736729592,0.1352685169316383,0.1655246858630984,0.1606169778444961,0.1965429606611749,4
0.6563739376770539,0.6220640569395018,0.6000462107208904,0.4631689553969346,0.4083066345407439,0.393854694119066,0.2881207594426483,0.2779227766094836,2
0.6722379603399433,0.6229537366548042,0.2950554528650677,0.5852023624044349,0.4187731493149718,0.1983474758211914,0.3645539983590616,0.172667148056948,2
0.7263456090651559,0.6935943060498221,0.3144639556377093,0.503025471937389,0.5037891786718821,0.2284095133867101,0.3488956031337976,0.1581833796919568,2
0.6070821529745043,0.3496441281138789,0.4712723351817658,0.2038841987028514,0.212262710070267,0.2861010238794686,0.0712869128916553,0.0960849824293559,3
0.2614730878186969,0.3585409252669038,0.6351663585951961,0.7573825138591979,0.0937488028389099,0.1660789090604436,0.2715526273000503,0.4810638933916223,4
0.4320113314447592,0.597864768683274,0.5211799137399922,0.620131164172615,0.2582843547427741,0.2251556284570787,0.3707545750213499,0.3231999066509644,3
0.0569405099150141,0.1798932384341637,0.6071318545902677,0.7707163303018225,0.0102432127267044,0.034570397386018,0.1386466565720894,0.4679264349791509,5
0.2915014164305949,0.345373665480427,0.6835335797905131,0.6476683937823833,0.1006769126853709,0.1992510066868096,0.2236876071764423,0.4427030957192441,3
0.2807365439093485,0.2702846975088967,0.7587030191004338,0.7821660205079892,0.0758787918502313,0.2129956634358442,0.2114075062547393,0.5934317211971832,4
0.3640226628895184,0.2973309608540925,0.6539587184226754,0.7756440450740969,0.1082352081296059,0.238055794100039,0.2306229892026362,0.5072391856688363,3
0.5847025495750708,0.6834519572953736,0.5439772027110337,0.8156454944019711,0.3996161019426774,0.3180648573358565,0.5574545096081798,0.4436925544486423,2
0.6133144475920681,0.8375444839857652,0.3415742452248942,0.8607195912895393,0.5136781325295133,0.2094924195217836,0.7208909459430359,0.2939996447450038,2
0.8028328611898017,0.7999999999999997,0.3286352433764641,0.3330193122939237,0.6422662889518411,0.2638391727277335,0.2664154498351388,0.1094418827447763,1
0.8478753541076488,0.9676156583629892,0.3129235982748035,0.4392550454726619,0.8204174689746252,0.2653202066958886,0.4250300600142945,0.1374532693896678,1
0.554957507082153,0.8820284697508897,0.5442852741836148,0.7201347874923003,0.4894883207484399,0.302055198902465,0.6351793846262158,0.3919587602594058,1
0.4178470254957507,0.3137010676156584,0.3255545286506489,0.6273778035436066,0.1310790579980442,0.1360319914333448,0.1968090867699962,0.2042456851185182,3
0.7263456090651559,0.6117437722419928,0.4444701170671621,0.3973694699083299,0.4443374028409262,0.322838917892409,0.2430882984955227,0.1766188548090715,3
0.3365439093484419,0.2752669039145907,0.3579020332717206,0.7775281713105548,0.0926393999576582,0.1204497494410209,0.2140277724230299,0.2782789134380903,4
0.3076487252124646,0.3113879003558718,0.528265557609366,0.8512989601072503,0.0957980905910699,0.1625202253721732,0.2650841957629337,0.44971191985333,4
0.5087818696883852,0.7064056939501778,0.5948089956870035,0.6346244429145984,0.3594064097264927,0.3026280329331043,0.4483023199948319,0.3774803275284564,2
0.7430594900849858,0.7999999999999997,0.4426216882316716,0.6811478676763649,0.5944475920679885,0.3288942459579814,0.5449182941410917,0.3014908191263158,2
0.3269121813031162,0.281138790035587,0.4438539741219998,0.8399942026885032,0.0919076950994525,0.1451012708602798,0.2361549537807534,0.3728347651027327,4
0.5305949008498584,0.7608540925266903,0.4718884781269281,0.723178376028117,0.4037053017854082,0.2503816202639479,0.5502332270277985,0.3412595432782114,2
0.5626062322946176,0.576512455516014,0.659504004929147,0.5369397441936301,0.3243495004687829,0.3710410633963982,0.3095524503892101,0.3541139117013307,3
0.6742209631728046,0.4804270462633451,0.5294978434996942,0.4599804340736982,0.323913985865938,0.3569985460422867,0.2209870412809581,0.2435586478940764,3
0.4594900849858358,0.4946619217081849,0.4986906962415318,0.7283959563752309,0.2272922484449507,0.229143430397667,0.3603097435450429,0.3632442866242803,3
0.1144475920679886,0.2741992882562277,0.786429451632781,0.7769484401608753,0.0313814482876815,0.0900049570707205,0.2130387093038983,0.6110151357426618,5
0.2427762039660057,0.2768683274021353,0.7583949476278526,0.9278234718649228,0.0672170415251076,0.1841202464920877,0.2568849327796833,0.7036566333528905,4
0.6104815864022664,0.8508896797153026,0.4635705483672225,0.8404290010507627,0.5194524815259143,0.2830012837765905,0.7151123635275352,0.389598132880819,2
0.3144475920679887,0.281138790035587,0.461722119531732,0.841008732200442,0.0884034155635982,0.1451874086912812,0.2364401773801953,0.3883123343762829,4
0.3835694050991502,0.2923487544483986,0.3532809611829961,0.7241929055400558,0.1121360378252497,0.1355077681138178,0.211716893915002,0.2558435657510976,3
0.8181303116147309,0.8683274021352311,0.4866759088108452,0.4308489438023116,0.7104049680925064,0.3981643129307992,0.3741179440845694,0.2096838012851827,2
0.8150141643059491,0.708540925266904,0.4527880468268641,0.0908366245153808,0.5774708900829697,0.3690286715923195,0.0643614659822502,0.0411297377946645,2
0.4628895184135977,0.588967971530249,0.6317775723967962,0.8272401173955577,0.2726271007026705,0.2924432162312648,0.4872179339109067,0.5226317531574062,2
0.2994334277620397,0.2711743772241993,0.5221041281577357,0.7853545418312258,0.0811986732934783,0.156335428742982,0.212968028781279,0.4100368483575101,4
0.9303116147308782,0.8774021352313167,0.5889556377079508,0.0,0.8162573971953666,0.5479122703209378,0.0,0.0,1
0.260056657223796,0.3227758007117437,0.7451478743068414,0.9055038226022682,0.0839399957658302,0.1937806653296545,0.2922747213879919,0.6747342485887994,4
0.9039660056657224,0.8713523131672597,0.4463185459026491,0.0919960868147394,0.7876728700613954,0.403456793194151,0.0801610030483592,0.0410595596958883,1
0.4895184135977338,0.34288256227758,0.7084873690696263,0.1182289213377295,0.1678473279364471,0.3468176129609956,0.0405386354835951,0.0837636974265077,3
0.5558073654390935,0.686476868327402,0.4857516943930982,0.993043226203848,0.3815488996199327,0.2699843695182036,0.6817012040381574,0.4823724297341078,2
0.9212464589235128,0.8715302491103202,0.1487215033887885,0.1679408674227326,0.8028941558376094,0.1370091583627026,0.1463655460207374,0.024976418283526,2
0.8152974504249293,0.795017793594306,0.4118145409735056,0.2811333743976231,0.6481759801598904,0.3357513453036117,0.2235060350193202,0.1157748115298898,1
0.8552407932011332,0.8507117437722419,0.4007239679605661,0.1638827493749772,0.7275633865292914,0.3427154842133,0.1394169794949761,0.0656717456098278,1
0.0609065155807365,0.1798932384341637,0.6123690696241546,0.7630348925685713,0.0109566703295595,0.0372972662802246,0.1372648178624244,0.4672589672529827,5
0.8679886685552409,0.7309608540925266,0.4404651879235999,0.2756259284756693,0.634465738509774,0.3823187920107395,0.2014717640886208,0.1214036263826523,1
0.7677053824362607,0.5866548042704626,0.5214879852125733,0.1240262328345228,0.4503780508705252,0.4003491331235337,0.0727605853479397,0.0646781902743808,2
0.8626062322946176,0.8172597864768684,0.3542051756007396,0.2524366824884958,0.7049733852187151,0.3055395919842074,0.2063063492294771,0.0894143794489058,1
0.6113314447592069,0.8693950177935942,0.3979513247073356,0.7954998369506141,0.5314885122942143,0.2432801582771757,0.6916035949004804,0.3165702139189663,2
0.7779036827195468,0.7923487544483986,0.5636937769562564,0.5217218015145475,0.6163710140836551,0.4384994650203627,0.4133856195986263,0.2940913328161576,1
0.4124645892351276,0.3227758007117437,0.7500770178681471,0.5976665821225406,0.1331335880556087,0.3093802090696947,0.1929123096032542,0.4482959675979233,3
0.4779036827195468,0.3261565836298932,0.6089802834257547,0.2567846661110909,0.1558714324599518,0.2910339201527616,0.0837520094273362,0.1563767987477199,3
0.6529745042492918,0.711387900355872,0.4953019100431319,0.4227327077068008,0.4645181615638201,0.3234195191641414,0.3007269333472935,0.2093803175648834,2
0.0937677053824362,0.2743772241992882,0.8791589648798563,0.9524620457262944,0.0257277227223695,0.0824367188031819,0.2613338922615562,0.8373655462080795,5
0.8708215297450425,0.848220640569395,0.5375077017868151,0.198086887206058,0.7386487957819603,0.4680732791197364,0.1680213863543199,0.1064732274962323,2
0.509915014164306,0.3238434163701068,0.5076247689463962,0.1009819196347693,0.1651326202453802,0.2588454912474541,0.0327023298461352,0.0512609236223633,3
0.188385269121813,0.2501779359430605,0.8668361059765886,0.553607014746911,0.0471298377909731,0.163299153108904,0.1385002602729816,0.4798865489045361,4
0.6203966005665723,0.7699288256227758,0.5430529882932831,0.2156237544838579,0.4776612260945833,0.3369082278646714,0.1660149440661304,0.1170951242194762,2
0.8133144475920681,0.8258007117437721,0.2867375231053621,0.3657741222508061,0.6716356496930227,0.2332077702083554,0.3020565304921692,0.104881165830234,1
0.5943342776203966,0.7699288256227758,0.4953019100431319,0.3567882894307764,0.4575950923956327,0.2943749029094875,0.2747015886773967,0.1767179212360853,2
0.4883852691218132,0.4946619217081849,0.5023875539125093,0.748396681039168,0.2415855957577651,0.2453586807210103,0.3702033404428623,0.375985177943508,3
0.6773371104815864,0.7384341637010675,0.3252464571780677,0.5504184934236747,0.5001688627221679,0.2203014954993654,0.4064478198769127,0.1790216649513397,2
0.2218130311614731,0.2704626334519573,0.7885859519408527,0.6878147758976776,0.059992136541893,0.1749186403313563,0.1860281956164537,0.5424010698102544,5
0.7841359773371105,0.8117437722419928,0.3363370301910073,0.6944816841189898,0.6365174961942879,0.2637339658834867,0.5637411820197208,0.2335799071586302,1
0.611614730878187,0.4234875444839856,0.1829174368453507,0.5602739229682234,0.2590112205498371,0.1118749989090969,0.2372690278762226,0.1024838699206368,2
0.2422096317280453,0.3258007117437722,0.4632624768946414,0.6810029348889453,0.0789120704081941,0.1122066339220731,0.2218712408864161,0.315483106389173,4
0.4229461756373938,0.2455516014234874,0.270101663585951,0.5798398492699011,0.1038551107437016,0.1142384656469758,0.1423806035573777,0.1566157079012273,3
0.4322946175637394,0.2845195729537366,0.2762630930375849,0.7575274466466178,0.122996279979434,0.1194270481516585,0.2155313856206301,0.2092768754714586,3
0.7257790368271955,0.7046263345195728,0.0864910659272979,0.5330265589332946,0.5114030223906928,0.0627734025228717,0.3755845504227484,0.0461020352497003,1
0.6031161473087819,0.6177935943060496,0.6400955021565053,0.4967933620783361,0.3726012924299093,0.3860519331703116,0.306915756785762,0.3179951965675511,3
0.7490084985835694,0.8258007117437721,0.2910505237215055,0.5198376752780898,0.6185317512324457,0.2179993157846064,0.4292823222358744,0.1512990276398579,1
0.824645892351275,0.9375444839857652,0.4339956869993848,0.4124424797999926,0.7731422076154569,0.3578927605822123,0.3866831718978934,0.1789982573685276,1
0.706515580736544,0.5866548042704626,0.5125539125077019,0.2073625856009274,0.4144807597310294,0.3621273251541667,0.1216502570687291,0.1062845045574685,2
0.1362606232294617,0.2807829181494662,0.9370764017252,0.798253559911591,0.0382596554192332,0.1276866145126971,0.2241359639751762,0.748024573586285,4
0.308215297450425,0.2738434163701068,0.5895717806531131,0.7501358744882061,0.084402730031353,0.1817150417423759,0.2054197706116279,0.4422589432537918,4
0.4597733711048159,0.3473309608540925,0.6484134319162074,0.5092575817964418,0.1596935267609609,0.2981232294617577,0.1768809252075897,0.3302094563419795,3
0.4912181303116148,0.5546263345195729,0.7097196549599545,0.7672379434037464,0.2724425110642888,0.3486271619548332,0.4255303682543553,0.5445238484646919,3
0.2909348441926346,0.2647686832740213,0.6074399260628489,0.8863726946628501,0.0770304356154164,0.1767254402454804,0.2346837312559289,0.5384181641101298,4
0.3926345609065156,0.4167259786476868,0.5190234134319169,0.8370955469401065,0.1636210216446725,0.2037865300330416,0.3488394610202365,0.4344721881415115,3
0.929745042492918,0.8713523131672597,0.4555606900801017,0.0041668176383201,0.8101354934319963,0.4235552931566272,0.0036307661876963,0.001898238318751,1
0.160056657223796,0.2829181494661921,0.3917898952557017,0.9470995325917606,0.0452829332715009,0.0627085809686887,0.2679516471211564,0.3710640266708499,5
0.5042492917847026,0.5546263345195729,0.7017097966728301,0.6662197905721221,0.2796699363866401,0.3538366680106622,0.3695030404294135,0.4674929537817792,3
0.2592067988668556,0.2948398576512455,0.6890788662969811,0.814775897677452,0.0764244956801387,0.1786139270996424,0.2402284096888857,0.5614448518576837,4
0.6328611898016997,0.6720640569395017,0.5202556993222416,0.8831841733396137,0.4253232586976903,0.3292496408741891,0.5935563385593808,0.4594815997311365,2
0.1779036827195467,0.2338078291814946,0.4953019100431319,0.5238957933258451,0.0415952738600505,0.0881160338546988,0.1224909381548327,0.2594865870978529,5
0.5603399433427763,0.4039145907473309,0.4869839802834264,0.6662197905721221,0.22632947889468,0.2728765759208548,0.2690958940567112,0.3244383653564027,2
0.6577903682719548,0.6023131672597865,0.6274645717806528,0.3738903583463168,0.3961958001068624,0.4127401517492,0.2251990859434666,0.2346029535926865,2
0.2388101983002833,0.288612099644128,0.7473043746149131,0.9156491177216566,0.0689235127478753,0.1784639058924566,0.2642674144029406,0.6842685912856795,4
0.6342776203966006,0.5781138790035586,0.4971503388786189,0.5670857639769558,0.3666846954926254,0.315331333923294,0.3278401507404144,0.2819268797343841,2
0.5220963172804532,0.5880782918149464,0.5180991990141735,0.9917388311170696,0.3070335104291632,0.2704976837912526,0.5832200777298779,0.5138190940330064,2
0.8501416430594901,0.8597864768683275,0.5510628465804075,0.1364904525526286,0.7309402881251703,0.4684814738209074,0.1173526453263881,0.0752148173146995,1
0.3501416430594901,0.253202846975089,0.4336876155268037,0.9118808652487408,0.0886568608671983,0.1518520942751074,0.2308908311830886,0.3954714380942449,3
0.2339943342776204,0.1660142348754447,0.9604898336414038,0.5704192180876118,0.0388463903702881,0.2247491792033426,0.0946977100490642,0.5478818598868299,4
0.7926345609065156,0.7629893238434161,0.3782347504621093,0.4975180260154351,0.6047717076809854,0.2998019353521195,0.3796009422694279,0.1881786064203493,1
0.3031161473087819,0.3258007117437722,0.5030036968576717,0.8752128700315229,0.0987554565342312,0.1524685426735718,0.2851449759835797,0.4402353091632689,4
0.4844192634560907,0.6023131672597865,0.6422520024645735,0.8598499945650204,0.2917721008538909,0.311119241987088,0.5178989735947677,0.552240380828537,3
0.1747875354107649,0.2535587188612099,0.6672057917436867,0.6649153954853437,0.0443189035516619,0.116619255950667,0.1685950958303584,0.4436354028873653,4
0.8458923512747877,0.7886120996441283,0.4765095502156526,0.22258052828001,0.6670809432117188,0.4030757838368099,0.1755296977467979,0.1060617474174699,2
0.4470254957507082,0.7138790035587189,0.6792205791743733,0.7272364940758724,0.3191221154718579,0.3036289161295074,0.51915886374242,0.4939539927029547,3
0.6841359773371105,0.6220640569395018,0.5932686383240906,0.3528751041704409,0.425576401560594,0.4058764197033084,0.2195109188932137,0.2093497325496691,2
0.3835694050991502,0.1786476868327401,0.5972735674676528,0.3762092829450341,0.0685237869607734,0.2290958669550147,0.0672089181631341,0.2246998605390281,4
0.5830028328611898,0.4053380782918149,0.543669131238449,0.4804159570998949,0.2363132479106388,0.3169606436511977,0.1947308808315943,0.2611873260295878,2
0.8226628895184137,0.748932384341637,0.5427449168207019,0.0264864669009745,0.6161188793564063,0.4464961015431497,0.0198365728089326,0.0143753952750436,1
0.6291784702549575,0.6987544483985765,0.7263555144793621,0.3479473893981665,0.439641254927263,0.4570072514613777,0.2431297861506405,0.2527335050380561,2
0.4090651558073655,0.2763345195729537,0.4367683302526224,0.4570817783253016,0.1130388233040638,0.1786667050665118,0.1263074736190735,0.1996388451080412,3
0.6379603399433428,0.3838078291814946,0.5113216266173772,0.3111344613935287,0.2448541731775427,0.3262029187372049,0.1194158422110037,0.1590897788964606,2
0.7640226628895185,0.7046263345195728,0.0874152803450414,0.3662089206130656,0.5383504884417246,0.0667872552664523,0.2580404493999536,0.0320122554602461,1
0.6572237960339944,0.6081850533807828,0.3388016019716566,0.7212942497916592,0.3997136894740555,0.2226684749502105,0.4386803818127919,0.2443756473223584,2
0.5997167138810199,0.588967971530249,0.5898798521256943,0.6018696329577158,0.353213936467291,0.3537608065014433,0.3544819368487614,0.3550307700880433,2
0.4543909348441927,0.3758007117437721,0.3351047443006791,0.7598463712453349,0.1707604367243655,0.1522685580335097,0.2855508071299193,0.2546281239439668,3
0.6354107648725212,0.8224199288256228,0.4078096118299434,0.8692706257473097,0.5225744760214934,0.2591266173752303,0.714905486157307,0.3544969164611823,2
0.0929178470254957,0.3112099644128113,0.5196395563770793,0.8721692814957065,0.0289169598661195,0.0482837888078419,0.271427771056226,0.4532136585221449,5
0.3079320113314448,0.2727758007117437,0.5405884165126338,0.7044820464509582,0.0839964009557125,0.1664644783992161,0.1921656543077079,0.3808348339525032,4
0.7861189801699717,0.4889679715302492,0.2827325939617999,0.1595347657523822,0.3843870031151392,0.2222614584260608,0.0780073907984958,0.0451056781482591,2
0.4716713881019831,0.299288256227758,0.1404035736290829,0.9630421392079422,0.1411657072575686,0.0662243484681085,0.2882272025173948,0.1352145579001918,3
0.2339943342776204,0.2686832740213523,0.6696703635243395,0.5512880901481938,0.0628703638361577,0.1566990708983298,0.1481218889899951,0.3691812957361798,4
0.5575070821529745,0.5612099644128113,0.3252464571780677,0.5144751621435558,0.3128785297349611,0.1813272033219369,0.2887285874378603,0.1673312237933034,3
0.421529745042493,0.5064056939501779,0.5692390634627245,0.4704155947679262,0.2134650630588852,0.2399511972896697,0.2382211357134373,0.2677789326039548,3
0.7637393767705383,0.5866548042704626,0.5180991990141735,0.0788072031595347,0.4480513745929652,0.3956927593603999,0.0462326243446594,0.0408299488335021,2
0.3745042492917848,0.3039145907473308,0.5341189155884187,0.9182579078952136,0.1138173056566491,0.2000298035149829,0.279071976278474,0.4904589179954815,3
0.7594900849858358,0.7999999999999997,0.3683764633394979,0.2247545200913075,0.6075920679886684,0.2797782714484969,0.1798036160730459,0.0827942752308019,1
0.3691218130311615,0.8145907473309607,0.6992452248921772,0.5162143555925939,0.300683213533213,0.2581066651655827,0.4205034377051413,0.3609604231689136,3
0.6096317280453257,0.5976868327402135,0.6474892174984603,0.5102721113083808,0.3643688566733539,0.3947299705543021,0.3049829220435678,0.3303956900623507,2
0.688101983002833,0.7275800711743771,0.3800831792975998,0.7733251204753795,0.5006492897684313,0.2615359893806998,0.5626559461964104,0.2939278704209817,2
0.3090651558073655,0.2450177935943061,0.3526648182378338,0.8902858799231856,0.0757264625528011,0.1089964069964523,0.2181358819669442,0.3139725080228202,4
0.694900849858357,0.7845195729537365,0.5224121996303168,0.3331642450813434,0.5451633179760668,0.3630246814994808,0.2613738712746695,0.1740490661111185,2
0.8138810198300284,0.7973309608540925,0.0772489217498453,0.4805608898873146,0.6489325355619853,0.0628714312145341,0.3831660760827503,0.0371228105789411,1
0.1495750708215297,0.3254448398576511,0.6989371534195961,0.5933185984999456,0.0486784349702095,0.1045435742225344,0.1930924762733808,0.4146924123064562,5
0.6135977337110482,0.6024911032028469,0.5091651263093055,0.7560781187724193,0.3696871755063361,0.3124225675880895,0.455530339886728,0.384968610844461,2
0.2257790368271954,0.2948398576512455,0.8092267406038225,0.6360737707887967,0.0665686590787656,0.1827064340683417,0.1875399000350597,0.5147279043190008,5
0.3342776203966006,0.291459074733096,0.7623998767714113,0.4589659045617593,0.0974282459447743,0.2548532165978089,0.1337697778776088,0.3499155490801646,4
0.6558073654390936,0.8830960854092526,0.3492760320394339,0.7153520055074458,0.5791409172018187,0.2290577943828016,0.6317245557532835,0.2498553099950919,2
0.6762039660056658,0.6064056939501777,0.4749691928527433,0.5236059277510055,0.4100539352575281,0.3211760519375349,0.3175176159742751,0.2486966848768068,2
0.6005665722379604,0.6064056939501777,0.4900646950092451,0.745787890865611,0.3641869890012399,0.2943164740565438,0.4522500235000002,0.3654843152786438,2
0.8065155807365441,0.5967971530249109,0.250077017868147,0.3395412877278162,0.4813262024538021,0.2016910112947917,0.2026372738503728,0.0849114726780827,2
0.1147308781869688,0.2715302491103202,0.6197627849661131,0.7811514909960506,0.0311529039347534,0.0711059285867636,0.2121062589430556,0.484128623540144,5
0.2229461756373938,0.2535587188612099,0.576632778804683,0.6281024674807059,0.0565299466696238,0.1285580727816673,0.1592608569679725,0.3621844711974775,4
0.6864022662889518,0.8145907473309607,0.4543284041897735,0.5476647704626979,0.5591369350659824,0.3118520462753034,0.4461226546580481,0.2488196611952761,1
0.2886685552407932,0.248932384341637,0.572011706715962,0.7441936302039929,0.0718589517405462,0.1651217929585171,0.1852538947785384,0.4256874685401334,4
0.3864022662889519,0.3784697508896797,0.4832871226124489,0.7870937352802638,0.1462415694655873,0.1867432394457168,0.2978911699183489,0.3803922665498832,3
0.8011331444759208,0.7850533807829182,0.3880930375847207,0.3199753614261386,0.6289322835280716,0.310914195549459,0.2511977392548262,0.1241802099681389,2
0.2668555240793201,0.2813167259786476,0.6915434380776375,0.3722960976846986,0.0750709223433104,0.1845421865918228,0.1047331192952861,0.2574589233757645,4
0.2487252124645892,0.2948398576512455,0.6404035736290865,0.8949237291206202,0.0733341062373352,0.1592845149139767,0.2638591849026454,0.5731123542543138,4
0.5121813031161474,0.4638790035587188,0.3209334565619244,0.882894307764774,0.2375901525309245,0.1643761159954559,0.4095561317335882,0.2833503219697963,2
0.3552407932011332,0.2731316725978647,0.8064540973505885,0.5556360737707888,0.0970275120220176,0.2864853932231269,0.1517618101847261,0.4480949883282465,4
0.1036827195467422,0.2715302491103202,0.6699784349969207,0.7601362368201745,0.0281529946669623,0.0694651861781509,0.2063999817415633,0.5092748863292291,5
0.4050991501416431,0.3480427046263346,0.8766943930991964,0.705641508750317,0.140991803857127,0.355148153578428,0.2455933792020676,0.6186319542594604,3
0.6861189801699717,0.5998220640569395,0.3200092421441773,0.7443385629914125,0.4115493028741948,0.2195644148649284,0.4464706932106853,0.2381952194415679,2
0.8158640226628896,0.7736654804270463,0.4395409735058528,0.3092503351570708,0.6312058310566271,0.3586056667696476,0.2392563091215202,0.1359281933719501,2
0.5872521246458924,0.6709964412811388,0.4558687615526828,0.7315844776984672,0.3940440857721815,0.2677098987815047,0.4908905810321921,0.3335065098195665,2
0.2793201133144476,0.2645907473309608,0.6388632162661736,0.7437588318417334,0.0739055175264383,0.1784473459599,0.1967917051510066,0.4751601594367819,4
0.2804532577903683,0.2861209964412811,0.5686229205175621,0.7070908366245154,0.0802435655741836,0.1594721505134239,0.2023135347495054,0.4020680565926383,4
0.2577903682719547,0.2535587188612099,0.663200862600128,0.4814304866118336,0.0653649955137963,0.170966794607965,0.1220708974060253,0.3192851140029674,4
0.7852691218130312,0.8110320284697509,0.317544670363528,0.5727381426863292,0.6368784087586826,0.2493580244327761,0.4645089776448911,0.1818699447239496,1
0.8138810198300284,0.7790035587188612,0.3184688847812715,0.5695496213630926,0.6340162108213281,0.259195780729913,0.443681181908829,0.1813838327430995,2
0.2524079320113315,0.3494661921708185,0.8104590264941507,0.8085437878183992,0.0882080388737108,0.2045662868573055,0.2825587187322662,0.6552916111531929,5
0.6722379603399433,0.4101423487544483,0.418900184842883,0.3504112467843038,0.275713255975724,0.2816006058448049,0.1437184917860889,0.1467873360489699,2
0.6538243626062323,0.6923487544483985,0.5116296980899584,0.4853436718721693,0.452674483078443,0.3345159612440861,0.3360270867001086,0.2483162363098298,2
0.7796033994334278,0.4889679715302492,0.2811922365988906,0.1904054494728068,0.3812010928190498,0.2192184235467838,0.0931021663970236,0.0535405341978756,2
0.2130311614730878,0.2597864768683274,0.8514325323475056,0.977100619587666,0.0553426149022612,0.1813816612819615,0.2538375275085395,0.8319352548938432,4
0.5368271954674222,0.5839857651245551,0.3354128157732603,0.9863763179825356,0.3134994404847117,0.1800587212153905,0.5760297287577725,0.330843258226583,2
0.7640226628895185,0.6176156583629894,0.5430529882932831,0.2589586579223883,0.4718723599447542,0.4149047902059446,0.159936922001532,0.140628273029171,2
0.5045325779036828,0.3238434163701068,0.4922211953173132,0.093300481901518,0.1633895536983456,0.2483416285722761,0.0302147468079649,0.0459244747252465,3
0.6546742209631728,0.6332740213523133,0.5535274183610603,0.4263560273922967,0.4145881765850414,0.3623801313972834,0.2700001959945167,0.2359997511451355,2
0.2696883852691218,0.281138790035587,0.6819932224276037,0.8111525779919562,0.0758198663212121,0.1839256509209854,0.2280464543109056,0.5532005605451924,4
0.5753541076487253,0.6859430604982205,0.3911737523105394,0.8647777093372948,0.3946601574707892,0.2250634251962339,0.5931882685934645,0.3382783414759826,2
0.4662889518413598,0.4638790035587188,0.4148952556993244,0.8294141092068552,0.2163016543506094,0.1934610739039909,0.3847477905164184,0.3441199789200055,3
0.3991501416430595,0.2845195729537366,0.2599353049907584,0.8946338635457807,0.1135660278447067,0.103753213805093,0.254540844805997,0.232546926175833,3
0.3643059490084986,0.8145907473309607,0.7063308687615546,0.6747708250298923,0.2967602552599477,0.2573205374581754,0.5496620706382289,0.4766114630583147,3
0.4569405099150143,0.2106761565836299,0.4845194085027735,0.5354904163194318,0.0962664704162592,0.2213965455849784,0.1128150627975457,0.259455499773995,4
0.4847025495750709,0.34288256227758,0.7211182994454752,0.2412768578571686,0.166196052140776,0.3495278782864613,0.0827296272403494,0.173989157433509,3
0.3813031161473088,0.5610320284697509,0.5042359827479999,0.8081089894561397,0.2139232607139616,0.1922667514954129,0.4533750255792186,0.4074776304659097,3
0.4107648725212465,0.7637010676156583,0.2177295132470753,0.9776803507373456,0.3137015716834857,0.0894356357530479,0.746655527644962,0.2128698668772721,3
0.090084985835694,0.2788256227758007,0.7830406654343847,0.7528895974491829,0.0251180022783865,0.0705402072544289,0.2099249108901903,0.5895431713852342,5
0.6305949008498584,0.8293594306049822,0.3671441774491697,0.9233305554549078,0.5229898279112437,0.2315192461761619,0.7657729037322643,0.3389954372961771,2
0.5161473087818698,0.6565836298932383,0.4694239063462717,0.7446284285662526,0.3388938735596261,0.2422918859385006,0.4889108365497279,0.349546385714056,2
0.3971671388101984,0.2902135231316726,0.5076247689463962,0.6225950215587521,0.1152632746262337,0.2016118770716282,0.1806854946908051,0.3160446539659381,3
0.6694050991501417,0.7973309608540925,0.1151417128773886,0.8801405848037973,0.5337374109060116,0.0770764497250054,0.7017633381682946,0.1013408945072157,1
0.6110481586402267,0.4889679715302492,0.2574707332101056,0.7510054712127252,0.2987829786376055,0.1573270174317841,0.3672176218670052,0.1933619293179412,2
0.8033994334277622,0.7016014234875446,0.6206869993838566,0.183303742889235,0.5636661861220048,0.4986595836409682,0.1286061669416821,0.1137742501497492,2
0.7977337110481587,0.8487544483985764,0.3850123228589019,0.6825971955505634,0.6770800358896293,0.3071373091135037,0.5793574061879336,0.2628083318358945,1
0.1430594900849858,0.3048042704626335,0.3400338878619848,0.9101416717997028,0.0436051435081104,0.0486450746091507,0.27741506829055,0.3094790111672595,5
0.568271954674221,0.4275800711743772,0.7109519408502791,0.5201275408529293,0.2429817628260058,0.4040140491064192,0.2223961709376493,0.3697856846590729,3
0.528328611898017,0.4638790035587188,0.3203173136167585,0.8998514438928946,0.2450805500388132,0.1692328016700438,0.4174221911439103,0.2882379971619333,2
0.2895184135977337,0.2622775800711744,0.5670825631546563,0.7859342729809051,0.075934188904459,0.1641808440634727,0.2061329392124296,0.445689621993103,4
0.8611898016997168,0.7640569395017792,0.5553758471965544,0.2640313054820826,0.6579980442168297,0.4782840157160129,0.2017349511992993,0.1466366099685238,1
0.8858356940509915,0.7898576512455516,0.3733056069008,0.1815645494401969,0.6996841006925892,0.3306874313820968,0.1434101485702907,0.067779064320443,1
0.1090651558073654,0.1855871886120996,0.5221041281577357,0.9168085800210152,0.0202410956418295,0.0569433680851921,0.1701479268615513,0.4786695443594037,5
0.4968838526912182,0.4405693950177934,0.2623998767714113,0.9991304032754807,0.2189118183742804,0.1303822617158797,0.4401862773149625,0.2621716946980566,2
0.6124645892351275,0.4638790035587188,0.443545902649415,0.6143338526758215,0.2841094633693909,0.2716561590730978,0.2849765754316488,0.27248526321319,2
0.2654390934844193,0.2160142348754448,0.505468268638328,0.6254936773071487,0.0573386226850685,0.1341710390124967,0.1351155381229321,0.3161672061126655,4
0.7524079320113315,0.8451957295373665,0.2432994454713473,0.3240334794738939,0.6359319710060186,0.1830604326266001,0.273871713078469,0.0788371658701495,2
0.2742209631728046,0.2466192170818505,0.5988139248305622,0.3180912351896807,0.067628159245108,0.1642073312283241,0.0784474113830778,0.1904774609981341,4
0.4832861189801701,0.3215302491103202,0.3773105360443622,0.5556360737707888,0.1553911062272539,0.1823489446152074,0.178653805214202,0.2096473448400411,3
0.5237960339943343,0.6128113879003557,0.5646179913739999,0.6896989021341353,0.3209881745687699,0.2957446646035484,0.4226553414501711,0.3894164087758284,3
0.2997167138810199,0.435409252669039,0.32925138632163,0.8879669553244685,0.130499430403355,0.0986821435490891,0.3866290284126287,0.2923643510483781,4
0.8872521246458925,0.8715302491103202,0.0818699938385734,0.2489582955904199,0.7732670652162956,0.0726393259780203,0.2169746853739994,0.0203822141260494,1
0.4660056657223797,0.6012455516014233,0.4765095502156526,0.7910069205405992,0.2801838335366406,0.2220561501713169,0.4755893922609758,0.3769223519242693,3
0.2662889518413598,0.2793594306049822,0.7651725200246489,0.6643356643356644,0.0743903299627998,0.2037569883351756,0.1855884329193937,0.5083313944219695,4
0.4640226628895185,0.3327402135231316,0.6262322858903282,0.6894090365592958,0.1543989999294304,0.2905859728862203,0.2293941100295165,0.4317301968779766,3
0.3056657223796034,0.291459074733096,0.7768792359827508,0.5323018949961955,0.0890890486223826,0.2374653528683818,0.1551442177942647,0.4135342894968148,4
0.5203966005665722,0.3215302491103202,0.443545902649415,0.4920105800934815,0.1673232486163337,0.2308197799339873,0.1581962843823702,0.2182292768606255,3
0.5971671388101983,0.711387900355872,0.5735520640788678,0.4324432044639298,0.4248174770397105,0.342506445064661,0.30763486324676,0.2480286925171668,3
0.2940509915014164,0.34288256227758,0.6792205791743733,0.7210043842168194,0.1008249574062685,0.1997254847543907,0.2472198306736318,0.4897210154350104,4
0.6813031161473088,0.5998220640569395,0.3597504621072112,0.7263668973513533,0.4086606413759035,0.2450991108690773,0.4356908916319238,0.2613108269815306,2
0.3830028328611898,0.4749110320284696,0.5310382008626,0.7159317366571252,0.1818922706239351,0.2033891352878853,0.3400038799177698,0.3801871013748364,3
0.4388101983002834,0.6537366548042703,0.719886013555147,0.8246313272220007,0.2868663111308258,0.3158933243617345,0.5390917253049163,0.5936405588065361,3
0.2750708215297451,0.2738434163701068,0.5951170671595847,0.7828906844450887,0.0753263335114373,0.1636993405699594,0.2143894596727743,0.465911608033521,4
0.8577903682719549,0.9676156583629892,0.3083025261860754,0.4396898438349215,0.8300113919328986,0.2644589374763276,0.4254507777178475,0.1355574895926672,1
0.6518413597733712,0.8475088967971528,0.3357208872458415,0.7762237762237763,0.5524413517082858,0.2188367596466519,0.6578565562551326,0.2605945348551636,2
0.7376770538243627,0.7309608540925266,0.3563616759088113,0.6665096561469619,0.5392130493079149,0.2628798311803242,0.4871924675180995,0.2375184980739368,1
0.6773371104815864,0.8774021352313167,0.6077479975354301,0.6488278560817422,0.5942970270079542,0.4116502725516185,0.569282946323678,0.394323830278885,1
0.6742209631728046,0.8693950177935942,0.4111983980283433,0.6375230986629952,0.5861643462744346,0.2772385799737838,0.554259405705942,0.262148476876289,2
0.5770538243626062,0.351067615658363,0.5276494146642037,0.1734483133446863,0.2025849102255199,0.3044821126546693,0.0608920858058836,0.0915199010108171,3
0.3430594900849859,0.281138790035587,0.2131084411583508,0.8337620928294502,0.0964473299527183,0.07310887315659,0.2344028659556104,0.1776817398998083,4
0.3526912181303117,0.3352313167259787,0.7054066543438076,0.6565092938149932,0.1182331414515137,0.2487907321977452,0.2200824750084426,0.4631060244956501,3
0.7141643059490086,0.8165480427046262,0.1099044978435017,0.8217326714736042,0.5831494661921708,0.0784898694230787,0.6709842045182152,0.0903121166199056,2
0.3535410764872521,0.2222419928825623,0.4025723967960601,0.893474401246422,0.0785716734043733,0.1423258785273322,0.1985675315225589,0.3596881311856968,4
0.4464589235127479,0.3263345195729538,0.5735520640788678,0.5225913982390665,0.1456949583135907,0.2560674371071659,0.1705396128773039,0.2997333751298782,3
0.3076487252124646,0.281138790035587,0.6163739987677133,0.8933294684590021,0.086491990362223,0.1896266749749962,0.2511495658656979,0.5506250566911108,3
0.7254957507082154,0.7185053380782916,0.5088570548367208,0.5544766114714301,0.5212725696369703,0.3691736310019383,0.3983944051817855,0.2821493354891967,2
0.391501416430595,0.3142348754448398,0.4823629081947054,0.1327222000797129,0.1230233988285463,0.1888457617918082,0.0417059440108136,0.0640202664124498,4
0.3379603399433428,0.3354092526690391,0.8116913123844753,0.7686872712779449,0.113355025052171,0.2743194718625153,0.2578248231955384,0.6239367800368363,4
0.7875354107648725,0.7421708185053378,0.2771873074553284,0.1176491901880502,0.5844858004093029,0.218294820035641,0.0873157957783553,0.0326108622525254,1
0.8096317280453259,0.7327402135231317,0.1782963647566262,0.4056306387912605,0.5932497252830342,0.144354393902107,0.2972218808794325,0.0723224683303898,1
0.3804532577903683,0.3396797153024911,0.7285120147874302,0.5067937244103046,0.1292322542921375,0.2771647693653028,0.1721475480247813,0.3692053172517766,3
0.3033994334277621,0.302135231316726,0.6702865064695018,0.9294177325265408,0.0916676580000605,0.2033645462971208,0.2808098416067733,0.6229761649860209,3
0.6444759206798867,0.4715302491103202,0.5396642020948867,0.5462154425884994,0.3038898914237899,0.3478005835030786,0.2575571037116589,0.2947729209964279,2
0.4130311614730879,0.5912811387900355,0.5442852741836148,0.8576760027537229,0.2442175355115784,0.2248067789687565,0.507127643621107,0.4668204183195168,3
0.2501416430594901,0.2790035587188612,0.8652957486136792,0.904779158665169,0.0697904085973808,0.2164465002906172,0.2524366051222393,0.7829015594272323,4
0.4603399433427762,0.7138790035587189,0.6739833641404829,0.6781042791405485,0.3286270200518182,0.3102614636624036,0.4840844071017581,0.4570310032932039,3
0.311614730878187,0.3419928825622775,0.6031269254467055,0.7188303924055219,0.1065700200618995,0.1879432345584634,0.2458348779721375,0.4335459644891913,4
0.2328611898016997,0.299288256227758,0.6280807147258152,0.794630240226095,0.0696926194388716,0.1462556225225552,0.2378234989431124,0.4990919292239519,4
0.5929178470254958,0.582918149466192,0.5621534195933471,0.7017283234899814,0.3456225741735807,0.3333107952433075,0.4090501757567933,0.3944789766753995,2
0.5337110481586402,0.2902135231316726,0.4882162661737546,0.2044639298525308,0.1548901636204167,0.2605664151476922,0.0593381974358501,0.099822616399815,3
0.1807365439093484,0.290035587188612,0.6055914972273584,0.6408565527736512,0.0524200296391882,0.1094525142297605,0.1858712065873756,0.388097279302159,5
0.3475920679886686,0.248220640569395,0.4546364756623546,0.5918692706257473,0.086279525772988,0.1580280327585578,0.1469141694880636,0.2690853592501381,3
0.1963172804532578,0.2610320284697509,0.6129852125693169,0.9015906373419328,0.0512450979403788,0.1203395898896704,0.2353440329147002,0.5526617284815506,5
0.7674220963172804,0.7736654804270463,0.4537122612446111,0.4823000833363526,0.5937279848376398,0.348188814649193,0.3731389256844237,0.2188254614090009,2
0.3439093484419264,0.2640569395017794,0.5011552680221811,0.8639081126127757,0.0908116500156261,0.1723519816937473,0.2281209322272881,0.4329521017229922,3
0.1722379603399433,0.2686832740213523,0.6992452248921772,0.6285372658429653,0.0462774590948957,0.1204365713128735,0.168877450431117,0.4395016818074784,4
0.6617563739376772,0.7016014234875446,0.6456407886629734,0.4651980144208122,0.4642892139566302,0.4272569071718714,0.3263835891212212,0.3003508129151024,2
0.7118980169971673,0.7629893238434161,0.4182840418977207,0.6582484872640313,0.5431705866341374,0.2977755799685474,0.5022365682185347,0.2753348378258594,1
0.3475920679886686,0.2734875444839857,0.6348582871226149,0.8743432733070038,0.0950621011563315,0.2206717049006936,0.2391219948528228,0.5550840728488649,3
0.3543909348441927,0.2743772241992882,0.8495841035120186,0.6185369035109969,0.0972368009839404,0.3010849046723897,0.1697124386501703,0.5254991206584902,3
0.7019830028328612,0.7788256227758005,0.3806993222427621,0.6202760969600347,0.5467223493593296,0.2672444534044092,0.4830869175078418,0.236138689716071,1
0.2779036827195468,0.2555160142348753,0.6619685767097963,0.5347657523823327,0.0710088413496919,0.1839635053122691,0.1366412135980479,0.3539981239776761,4
0.4393767705382437,0.3263345195729538,0.5612292051756036,0.4420087684336388,0.1433838073251137,0.246591075701802,0.1442427190938245,0.2480682297886585,3
0.5263456090651558,0.6902135231316727,0.7516173752310529,0.4520091307656074,0.3632908572177473,0.3956105051499423,0.3119828146334148,0.3397379164465156,3
0.2784702549575071,0.2852313167259787,0.6299291435613092,0.7570926482843583,0.0794284374905487,0.1754165292126819,0.2159465329537057,0.4769147235303293,4
0.5742209631728045,0.5362989323843416,0.6625847196549621,0.3956302764592919,0.3079540895022833,0.380470035903855,0.2121760948840401,0.262138575814795,3
0.4521246458923513,0.490035587188612,0.7146487985212602,0.7297003514620095,0.2215571663323016,0.3231103349688191,0.3575791402004223,0.5214794794528663,3
0.5841359773371105,0.7914590747330962,0.3089186691312413,0.6431754773723686,0.4623197201415423,0.1804505087106571,0.5090470682121523,0.1986889124877228,2
0.568271954674221,0.7384341637010675,0.4959180529882943,0.3801224682053696,0.4196314256046293,0.2818163213298919,0.2806954169132177,0.1885095943295117,3
0.6736543909348442,0.8375444839857652,0.3378773875539131,0.7510054712127252,0.564215519240269,0.2276125857232876,0.6290004898573484,0.253747766652051,1
0.3804532577903683,0.2604982206405694,0.6293130006161469,0.4927352440305806,0.0991073966912987,0.2394241812542451,0.128356654316863,0.310084694930214,3
0.1793201133144476,0.2158362989323843,0.3736136783733812,0.712598282546469,0.0387037895819261,0.0669964471417423,0.1538045759304033,0.2662364655447403,5
0.5492917847025496,0.6055160142348753,0.5276494146642037,0.7811514909960506,0.3326049721250491,0.289833488678156,0.4729997373415587,0.4121741269881361,2
0.2575070821529746,0.2540925266903915,0.4210566851509583,0.4886771259828253,0.0654306251449195,0.1084250784142269,0.1241692056767748,0.2057607707754256,4
0.4368271954674221,0.2800711743772242,0.1705945779420865,0.546650240950759,0.1223427056344701,0.0745203510443901,0.1531009749566716,0.0932555671369346,3
0.3461756373937677,0.435409252669039,0.2996765249537887,0.8528932207688684,0.1507280755698486,0.1037407120378271,0.3713575998614627,0.255592076556659,3
0.1872521246458923,0.301067615658363,0.3538971041281584,0.8205732091742455,0.0563755506941013,0.0662679846540262,0.2470480195592212,0.2903984824519151,5
0.7728045325779037,0.4016014234875444,0.1890788662969811,0.2459147070546034,0.3103594003609125,0.1461210048889984,0.0987596964096512,0.0464972740156386,2
0.0643059490084985,0.1749110320284697,0.6764479359211357,0.9552157686872712,0.0112478199066466,0.0434996264742486,0.1670777759109586,0.6461537350878256,5
0.7906515580736544,0.7601423487544482,0.4253696857671016,0.3231638827493749,0.6010077324004717,0.3363192048090596,0.2456505528657169,0.137464119256378,1
0.1181303116147309,0.2838078291814947,0.1462569316081321,0.845501648610457,0.0335263072999102,0.017277376906683,0.2399599874615087,0.1236604767953825,5
0.7654390934844193,0.7046263345195728,0.0966574245224869,0.4696909308308271,0.539348542739911,0.073985371405031,0.3309565989484119,0.0453991156956772,1
0.3141643059490085,0.3211743772241991,0.5855668515095509,0.4056306387912605,0.1009015253092455,0.1839642034912441,0.1302781677968371,0.2375238560328063,3
0.9291784702549576,0.848220640569395,0.5144023413431924,0.0833001195695494,0.7881483572429506,0.477971580624836,0.0706568807807903,0.042849776540744,2
0.4677053824362607,0.3998220640569394,0.2510012322858905,0.8123120402913149,0.1869989313762059,0.1173946273382451,0.3247802766075772,0.2038913231137859,3
0.7240793201133146,0.8402135231316724,0.3465033887861999,0.7069459038370955,0.6083812365791941,0.2508959381692711,0.5939855085264706,0.2449591513680766,1
0.4025495750708215,0.3354092526690391,0.7411429451632792,0.7895575926664009,0.1350188521367435,0.2983467776422152,0.2648249220954031,0.5851750396048051,3
0.574787535410765,0.8809608540925268,0.3847042513863208,0.7915866516902785,0.506365318117206,0.2211232085163867,0.6973568527613113,0.3045267502459128,2
0.145042492917847,0.2571174377224199,0.6265403573629094,0.8134715025906736,0.037292954139909,0.0908749753455551,0.2091577084063208,0.5096727259377035,5
0.1399433427762039,0.2492882562277579,0.7192698706099847,0.5772310590963439,0.0348862318913632,0.1006570300513689,0.1438969241626294,0.4151849091882917,5
0.6688385269121814,0.7453736654804269,0.6471811460258792,0.5427370556904235,0.4985346244190618,0.4328596843532863,0.4045419085920256,0.3512491896924397,2
0.6016997167138811,0.596085409252669,0.5214879852125733,0.4499800717417297,0.3586644218846088,0.313779172972098,0.2682265552197143,0.2346592009984038,2
0.1535410764872521,0.2822064056939501,0.5643099199014188,0.9692742490669952,0.0433302753218472,0.0866447525740988,0.2735354019608993,0.5469710738535039,5
0.5886685552407932,0.6062277580071175,0.2753388786198414,0.7660784811043877,0.356867218452915,0.1620833398787621,0.4644180400574109,0.2109311899220734,2
0.2053824362606233,0.2544483985765123,0.7001694393099207,0.6640457987608246,0.0522592320022582,0.1438025052407061,0.1689653900761527,0.4649445745944749,4
0.2835694050991502,0.2813167259786476,0.6958564386937773,0.3562085582810971,0.0797728166302057,0.1973235963548077,0.1002074253812125,0.247870018797729,4
0.6609065155807367,0.6329181494661921,0.3243222427603243,0.660132613500489,0.4182997288115089,0.2143466833880557,0.4178099121390105,0.2140956897297129,2
0.6628895184135978,0.795017793594306,0.3880930375847207,0.6517265118301387,0.5270089623259706,0.2572628067842058,0.5181341734621103,0.2529305216506529,1
0.2473087818696884,0.2948398576512455,0.6077479975354301,0.9037646291532302,0.0729164860423618,0.1503014169542296,0.2664658346097691,0.5492611436112262,4
0.8671388101983004,0.8846975088967971,0.243607516943932,0.1515634624442913,0.7671555452501689,0.2112415323981235,0.1340878176642377,0.0369219987454787,2
0.5118980169971672,0.3423487544483986,0.5732439926062867,0.0969238015870139,0.1752476485235853,0.2934424630706969,0.0331817427497179,0.0555609870003193,4
0.6492917847025497,0.8071174377224198,0.3976432532347544,0.8352114207036487,0.524054721603339,0.2581864975677216,0.674113701834831,0.3321161864674199,2
0.3076487252124646,0.4053380782918149,0.631469500924215,0.7604261023950143,0.124701743066547,0.194270786969886,0.30822965502773,0.4801858913691257,3
0.2609065155807366,0.2749110320284698,0.597581638940234,0.6807130693141055,0.0717260794612523,0.1559129431909222,0.187135532400408,0.4067816316087602,4
0.4611898016997167,0.4192170818505338,0.4216728280961206,0.3035979564476972,0.1933386428477815,0.1944712079718085,0.1272734493577891,0.1280190088995033,3
0.5059490084985836,0.344306049822064,0.5713955637707961,0.0043117504257399,0.1742013045275371,0.2890970189503235,0.0014845617569051,0.0024637150653546,3
0.5141643059490085,0.5457295373665481,0.7294362292051773,0.4896916554947642,0.2805946488159447,0.3750500725233419,0.2672392006054166,0.3571988346573415,3
0.2971671388101983,0.2727758007117437,0.5800215650030829,0.7452081597159317,0.0810600042341697,0.1723633489201795,0.2032747524634382,0.432236803051502,4
0.571671388101983,0.4596085409252668,0.3782347504621093,0.7452081597159317,0.2627450525742744,0.2162259848250812,0.3425040349726425,0.2818636223324831,2
0.6668555240793202,0.8295373665480427,0.3055298829328414,0.8301387731439545,0.5531815753127741,0.2037442902050733,0.688631131743259,0.253632202176685,2
0.1249291784702549,0.2370106761565835,0.6456407886629734,0.5543316786840102,0.0296095490609216,0.0806593733145527,0.1313825259799112,0.3578991422064143,5
0.3932011331444759,0.2225978647686832,0.7476124460874942,0.7712960614515019,0.087525732662587,0.2939620609545161,0.1716888563835993,0.5766305351594075,4
0.5560906515580737,0.6220640569395018,0.5633857054836753,0.7237581071777961,0.3459240067343462,0.313293524040922,0.4502239043938746,0.4077549718118921,2
0.6362606232294618,0.68576512455516,0.5110135551447961,0.4337475995507083,0.4363253455384956,0.3251378030751308,0.2974489766313931,0.2216509028819288,3
0.5592067988668555,0.6211743772241992,0.6317775723967962,0.8902858799231856,0.347364935025657,0.3532943138558855,0.553022777012783,0.5624626519570158,2
0.6212464589235127,0.4295373665480426,0.501771410967347,0.2659154317185404,0.2668485679433023,0.3117237122525189,0.1142206142648676,0.1334287613714032,3
0.2869688385269122,0.3352313167259787,0.6487215033887885,0.750280807275626,0.0962009415987015,0.1861628563549129,0.2515176229372384,0.486723293259598,4
0.6130311614730879,0.795017793594306,0.4336876155268037,0.6962208775680279,0.487370681398889,0.2658640226628904,0.553507985938425,0.3019423722724567,2
0.4405099150141643,0.34288256227758,0.7263555144793621,0.3340338418058625,0.1510431683687357,0.3199668059533734,0.1145343795658179,0.242627323018415,3
0.444759206798867,0.7637010676156583,0.2294362292051772,0.9233305554549078,0.3396630810641881,0.1020438753122176,0.7051485309630718,0.2118454809534958,2
0.5784702549575071,0.3838078291814946,0.4983826247689507,0.3892532338128193,0.2220214128013065,0.2882995240164865,0.1493984386715749,0.1939970483674349,2
0.7138810198300284,0.4793594306049821,0.334796672828098,0.4234573716439,0.3422055991854263,0.2390049902342229,0.2029882845567022,0.1417721191109091,2
0.5141643059490085,0.252135231316726,0.2848890942698716,0.4580963078372404,0.1296389362152571,0.1464798034277102,0.1155022185418807,0.1305066422281237,3
0.6407932011331445,0.7101423487544484,0.5033117683302528,0.3512808435088227,0.4550543889185729,0.3225187591963263,0.2494594032817992,0.1768037825269683,2
0.6359773371104817,0.6345195729537366,0.3964109673444227,0.6596978151382298,0.4035400683515974,0.252108391413096,0.4185911759400226,0.2615114490539478,2
0.6130311614730879,0.7316725978647688,0.2078712261244604,0.6473785282075437,0.4485381024870707,0.1274315391879128,0.473669129535484,0.1345713684251507,2
0.4005665722379604,0.300355871886121,0.6407116451016677,0.5530272835972316,0.1203125220529674,0.2566476674713196,0.1661049919416596,0.3543310206596888,4
0.6011331444759207,0.5170818505338078,0.5393561306223056,0.6350592412768579,0.3108350387628159,0.324224846793352,0.3283776076780336,0.3425230950910232,3
0.3869688385269123,0.4202846975088967,0.6009704251386339,0.850574296170151,0.1626370812456524,0.2325568274049218,0.3574833607747146,0.51116999638137,3
0.1671388101983003,0.2731316725978647,0.7583949476278526,0.9321714554875178,0.0456509027854788,0.1267572292069215,0.2546055487852917,0.7069541221646353,4
0.3529745042492918,0.286832740213523,0.5519870609981545,0.4570817783253016,0.1012446442793341,0.1948373592078471,0.1311060189787163,0.2523032274535932,3
0.2609065155807366,0.2813167259786476,0.655191004313,0.8072393927316206,0.0733973667496698,0.1709436019751481,0.2270899430442512,0.5288959884448468,4
0.6073654390934845,0.8475088967971528,0.3776186075169434,0.850574296170151,0.5147476132388373,0.2293524913643985,0.7208692833911794,0.3211926813094766,2
0.3297450424929178,0.3649466192170818,0.3545132470733207,0.8199934780245661,0.1203393384613833,0.1168989857204944,0.2992538475851219,0.2906985504734345,3
0.313314447592068,0.2480427046263345,0.7309765865680866,0.6263632740316678,0.0777153629792424,0.2290255254233155,0.1553648405694208,0.4578568880032795,4
0.1798866855524079,0.2480427046263345,0.692467652495381,0.7857893401934852,0.0446195800106862,0.1245657108596506,0.1949093132081349,0.5441336997596771,5
0.739943342776204,0.8597864768683275,0.5698552064078868,0.2722924743650131,0.6361932797677257,0.4216605663278754,0.234113387212054,0.1551672841825887,2
0.5186968838526913,0.582918149466192,0.5717036352433773,0.6988296677415848,0.3023578276692911,0.2965408940879955,0.4073604967119985,0.3995234614637856,3
0.4161473087818698,0.2555160142348753,0.1890788662969811,0.504764665386427,0.1063323016745132,0.0786846613570156,0.1289754554261403,0.0954403306780406,3
0.4847025495750709,0.7535587188612097,0.3474276032039469,0.4836044784231312,0.3652518322865524,0.1683990450657091,0.3644243711960783,0.1680175448372433,2
0.6864022662889518,0.8774021352313167,0.6089802834257547,0.7252074350519946,0.6022508140695412,0.4180054466687262,0.6362985520002465,0.4416370293404282,1
0.4934844192634561,0.3496441281138789,0.4721965495995093,0.6050581542809521,0.1725439295111549,0.2330216400573216,0.2115550308117563,0.2857063727585131,3
0.8300283286118981,0.8809608540925268,0.3757701786814564,0.3434544729881517,0.7312224652949303,0.3118998933531636,0.3025699458655407,0.1290599486837031,1
0.6696883852691219,0.8713523131672597,0.5735520640788678,0.7215841153664988,0.5835345236054964,0.3841011556607489,0.6287539880693496,0.4138660587749793,2
0.3611898016997168,0.0092526690391459,0.3865526802218149,0.6820174644008841,0.0033419696954422,0.1396188859158113,0.0063104818770188,0.263635678822248,4
0.7470254957507083,0.4259786476868327,0.2174214417744941,0.3535997681075401,0.3182169104674725,0.1624193603284252,0.1506259510408275,0.0768801713930681,2
0.5691218130311615,0.576512455516014,0.6327017868145433,0.517808616254212,0.3281058139183208,0.3600843880199483,0.2985231168440652,0.3276184367320061,2
0.5730878186968839,0.6010676156583629,0.6293130006161469,0.7766585745860357,0.3444645287469881,0.3606516148006983,0.4668243176070513,0.4887613380269976,2
0.7937677053824362,0.8295373665480427,0.2282039433148526,0.527374180223921,0.6584599719738288,0.1811409204442541,0.4374765886483843,0.1203488675295365,1
0.8300283286118981,0.8263345195729536,0.4281423290203321,0.3611362730533713,0.6858810601554545,0.3553702617647516,0.2984193686939245,0.154617725038793,2
0.4852691218130312,0.4153024911032028,0.3569778188539736,0.9227508243052284,0.2015334751444154,0.1732303126619991,0.3832207160014951,0.3294015766061866,3
0.6099150141643059,0.6064056939501777,0.485443622920517,0.7188303924055219,0.3698559374149384,0.2960793541495391,0.4359028429391491,0.3489516299547134,2
0.5861189801699717,0.6081850533807828,0.341266173752313,0.9053588898148484,0.3564688032421642,0.200022581726214,0.5506257447308097,0.3089683641997552,2
0.8660056657223798,0.9231316725978644,0.3323321010474451,0.4346171962752273,0.7994372586775276,0.2878014824085099,0.4012088993373449,0.1444372459894961,1
0.1580736543909348,0.2571174377224199,0.6943160813308715,0.7805717598463711,0.0406434929884165,0.1097530802783643,0.200698610850179,0.5419635254940744,5
0.5674220963172805,0.6055160142348753,0.5809457794208264,0.8255009239465199,0.3435831661508372,0.3296414720056417,0.4998540292153036,0.4795712776747233,2
0.3657223796033995,0.3199288256227758,0.4977664818237848,0.7891227943041415,0.1170051314104826,0.1820443422194068,0.2524631288538873,0.3927988770477267,3
0.6475920679886686,0.4295373665480426,0.5147104128157736,0.409543824051596,0.2781649914812537,0.3333223806506681,0.1759143756691374,0.2107964707437475,3
0.6050991501416432,0.4596085409252668,0.3877849661121395,0.6520163774049785,0.2781087375117195,0.2346483534321615,0.2996722958784802,0.2528421488165495,2
0.5056657223796034,0.6140569395017793,0.6727510782501547,0.8179644190006883,0.3105075458953756,0.3401871599650215,0.5022767277529137,0.5502864448529744,2
0.6271954674220963,0.6149466192170819,0.4078096118299434,0.8001376861480489,0.3856917322794956,0.255776340110905,0.4920419650049212,0.3263038391985449,2
0.8288951841359774,0.7046263345195728,0.2553142329020339,0.4024421174680241,0.5840613752986601,0.2116287380938672,0.2835713140877892,0.1027492005088188,1
0.7144475920679888,0.8145907473309607,0.413354898336415,0.5085329178593426,0.5819823979514683,0.2953204117859599,0.414246209601436,0.210204572562469,1
0.2592067988668556,0.2160142348754448,0.5097812692544714,0.7011485923403022,0.0559923583317371,0.1321387709257341,0.1514580767083855,0.3574324193392252,4
0.1708215297450425,0.2852313167259787,0.6561152187307471,0.8805753831660568,0.0487236498543244,0.1120786053525893,0.2511676760169375,0.5777589101349088,5
0.8354107648725213,0.7439501779359431,0.3190850277264339,0.4612848291604767,0.6215039871765146,0.2665670670723098,0.3431729307330877,0.147189082502454,1
0.3951841359773371,0.347508896797153,0.413354898336415,0.7811514909960506,0.1373300031252205,0.1633512983510761,0.2714570928674887,0.3228927951460115,3
0.6028328611898017,0.3496441281138789,0.4725046210720904,0.1853328019131127,0.2107769701491032,0.2848413126462913,0.0648005259358125,0.0875706053401841,3
0.4274787535410765,0.2352313167259786,0.529189772027113,0.5644769738033986,0.1005563900678475,0.2262173841328367,0.1327826618092691,0.2987154410815751,3
0.4580736543909349,0.6012455516014233,0.4675754775107847,0.7517301351498242,0.2754147470083574,0.2141840076869515,0.4519743997635685,0.3514905769019258,3
0.3413597733711048,0.2722419928825622,0.6234596426370942,0.7631798253559909,0.0929324649924893,0.2128240423166284,0.2077695965826807,0.475811821184286,3
0.3869688385269123,0.3758007117437721,0.332024029574864,0.8682560962353707,0.1454231649410744,0.1284829530876103,0.3262912589411214,0.2882818877750087,3
0.1501416430594901,0.2741992882562277,0.7851971657424528,0.8665169027863329,0.0411687316645327,0.1178907925902266,0.2375983180060033,0.680386616135757,4
0.784985835694051,0.9231316725978644,0.358518176216883,0.6533207724917569,0.7246452874698817,0.2814316901691169,0.6031010974532444,0.2342273718383498,1
0.1736543909348442,0.2711743772241993,0.5664664202094905,0.8837639044892931,0.047090621314004,0.0983693811865205,0.2396541264131108,0.5006225752864119,5
0.7900849858356941,0.5692170818505339,0.2685613062230452,0.3795427370556904,0.4497298700513142,0.2121862558232501,0.2160422092244046,0.101930493231146,1
0.6144475920679887,0.442526690391459,0.6345502156500338,0.6375230986629952,0.2719094593368483,0.3898978520523862,0.2821209868994428,0.4045404197384813,3
0.5161473087818698,0.6300711743772242,0.625924214417747,0.8211529403239246,0.3252095409958364,0.3230690987731261,0.5173847974532059,0.5139795090890756,2
0.1892351274787536,0.1937722419928825,1.0,0.7717308598137613,0.036668514915367,0.1892351274787536,0.1495400189212074,0.7717308598137613,5
0.3022662889518414,0.2724199288256228,0.4413894023413434,0.4338925323381282,0.0823433609226457,0.133417136628389,0.1182009727775221,0.1915155655290984,4
0.2308781869688386,0.2966192170818506,0.6428681454097358,0.7424544367549548,0.068482907059974,0.1484242318722195,0.220226253749201,0.4773003068078877,4
0.4201133144475921,0.3476868327402135,0.7426833025261885,0.5678104279140548,0.1460678676922766,0.3120111438091608,0.197420209278303,0.4217033238120185,3
0.3552407932011332,0.1841637010676157,0.5911121380160225,0.4304141454400521,0.0654224592461161,0.2099871447796295,0.079266662016095,0.2544230257434084,4
0.2056657223796034,0.2724199288256228,0.5390480591497244,0.568535091851154,0.0560274414525218,0.1108637084823512,0.1548802892569603,0.3064677378208749,5
0.304815864022663,0.290035587188612,0.3757701786814564,0.5736077394108481,0.0884074481062171,0.1145407116887385,0.1663666575159576,0.2155446827314806,4
0.2127478753541077,0.2201067615658362,0.7771873074553319,0.700423928403203,0.0468272458742048,0.1653449484133015,0.1541680426040501,0.5443605869929715,4
0.7184135977337112,0.7439501779359431,0.3033733826247697,0.7308598137613682,0.5344639238655955,0.2179475632681065,0.5437232884940001,0.2217234139252955,1
0.6422096317280453,0.442526690391459,0.6197627849661131,0.517808616254212,0.2841949028661296,0.3980176298918352,0.2291441332071574,0.3209185100891598,3
0.138243626062323,0.193594306049822,0.5063924830560715,0.8685459618102105,0.0267631788533465,0.0700055330683747,0.1681455527490229,0.4398251462493964,5
0.3705382436260624,0.2530249110320284,0.4728126925446716,0.6727417660060147,0.0937554061274485,0.175195184659612,0.1702204254912015,0.3180808457725612,4
0.5810198300283287,0.4016014234875444,0.2205021565003093,0.8085437878183992,0.2333383908138679,0.1281161254906896,0.3247123361398802,0.1782856488388855,2
0.1651558073654391,0.2578291814946619,0.4888324091189169,0.8250661255842604,0.0425819866321212,0.0807335111944273,0.2127261238383617,0.4033190618517648,5
0.66657223796034,0.6055160142348753,0.5270332717190414,0.614768651038081,0.4036201647293659,0.3513057474093213,0.3722522632531297,0.3240035335069014,2
0.120113314447592,0.3112099644128113,0.4983826247689507,0.8799956520163774,0.0373804603147399,0.0598623889240892,0.2738634155474455,0.4385745428371863,5
0.4223796033994335,0.5064056939501779,0.5713955637707961,0.5179535490416319,0.213895436169891,0.2413458316097045,0.2622946264363851,0.295956360161728,3
0.5385269121813031,0.4889679715302492,0.2223505853357998,0.6994093988912642,0.2633224118637404,0.1197417741425936,0.3419887950450523,0.1555140892328324,2
0.4852691218130312,0.3838078291814946,0.4099661121380187,0.64187108228559,0.1862500882118697,0.198943895210319,0.2463551467064087,0.2631453920984456,2
0.5923512747875355,0.7914590747330962,0.2787276648182413,0.7643392876553499,0.4688217918603128,0.1651046875736381,0.6049432653898571,0.2130425047770136,2
0.5725212464589235,0.7845195729537365,0.5214879852125733,0.646219065908185,0.4491541237788956,0.2985629513072552,0.5069715056208518,0.3369954786864105,2
0.3926345609065156,0.2359430604982205,0.5806377079482452,0.5091126490090221,0.0926393999576582,0.2279784315060249,0.120121596545545,0.295610001608058,3
0.1235127478753541,0.2617437722419928,0.51717498459643,0.4033117141925432,0.0323286925488693,0.0638777034798989,0.1055643294621407,0.2085827295750882,5
0.5192634560906516,0.3731316725978647,0.5030036968576717,0.7569477154969382,0.1937536418900527,0.261191438056689,0.2824411671525051,0.380747499222929,3
0.743342776203966,0.6626334519572953,0.6191466420209508,0.221710931555491,0.4925637897835532,0.4602381837572167,0.1469130799132826,0.1372715787719191,2
0.2254957507082153,0.2861209964412811,0.6400955021565053,0.6825971955505634,0.0645190688859092,0.1443388157837332,0.1953053897589512,0.4369273946565601,5
0.4844192634560907,0.5612099644128113,0.310150955021566,0.7668031450414869,0.2718609176050729,0.1502430971917501,0.4303375657403647,0.2378247277481575,2
0.3892351274787536,0.3142348754448398,0.4638786198398037,0.1956230298199208,0.1223112518020424,0.1805578537280142,0.0614715784096049,0.0907453410817456,4
0.2872521246458924,0.288612099644128,0.5827942082563169,0.8433276567991592,0.0829044388212877,0.1674088745529477,0.2433945657167679,0.4914864740449209,3
0.3830028328611898,0.2106761565836299,0.5079328404189773,0.6931772890322112,0.0806895647878378,0.1945397167836989,0.1460359270843662,0.3520875093320574,4
0.6745042492917848,0.6215302491103202,0.6437923598274793,0.2909888039421717,0.4192247940882925,0.4342406823652205,0.180858343802492,0.1873363687733064,2
0.706515580736544,0.5553380782918148,0.5190234134319169,0.3879488387260407,0.3923550048894578,0.3666981283567141,0.2154427625736606,0.2013545305125378,2
0.4974504249291786,0.6713523131672597,0.6739833641404829,0.7298452842494292,0.3339644934622404,0.3352733108868805,0.4899833198350705,0.4919035799804973,3
0.2410764872521247,0.2864768683274021,0.6490295748613697,0.8188340157252074,0.0690628370953595,0.1564657700303189,0.2345770045049081,0.5314474931081595,4
0.4260623229461757,0.2845195729537366,0.2842729513247093,0.6963658103554475,0.1212230701763229,0.1211179939921707,0.1981297029819146,0.1979579641113659,3
0.3005665722379604,0.3281138790035586,0.8076863832409131,0.7049168448132177,0.0986200639158005,0.2427635276539969,0.2312930003266144,0.5693517368727838,4
0.5237960339943343,0.4101423487544483,0.3255545286506489,0.8478205732091741,0.2148309356507011,0.1705241709561047,0.3477271212183534,0.2760118270914356,2
0.3481586402266289,0.3092526690391459,0.9244454713493582,0.5230261966013261,0.1076689887391247,0.3218536782686576,0.1617472472763531,0.4835091988451749,4
0.2821529745042493,0.2966192170818506,0.6382470733210113,0.6983948693793252,0.0836919943947657,0.180083310206155,0.2071573393692767,0.4457484814037642,4
0.6898016997167139,0.6140569395017793,0.5030036968576717,0.5907098083263886,0.4235775205911707,0.3469728050562126,0.3627294570345848,0.2971292173582601,2
0.7093484419263457,0.7914590747330962,0.1826093653727696,0.7268016957136127,0.561420261510389,0.1295336688083329,0.5752337976039412,0.1327207964061156,1
0.3130311614730878,0.2711743772241993,0.5140942698706112,0.778107902460234,0.0848860302642323,0.1609275264042564,0.2110029258628819,0.4000208139958467,4
0.3487252124645892,0.2768683274021353,0.7870455945779469,0.610420667415486,0.096550966298025,0.2744626421885134,0.1690061491990207,0.4804288971286883,3
0.313314447592068,0.2480427046263345,0.6884627233518188,0.5853472951918546,0.0777153629792424,0.2157053178547058,0.145191126245097,0.4029897929544052,4
0.6917847025495751,0.6010676156583629,0.6182224276032073,0.6431754773723686,0.4158093817104029,0.427676818188961,0.3865919506341388,0.3976255049959974,2
0.24985835694051,0.2724199288256228,0.6228434996919319,0.5066487916228849,0.0680663958142208,0.1556226534641031,0.1380212277534941,0.3155629064890859,5
0.3912181303116148,0.291814946619217,0.8289433148490488,0.507373455559984,0.1141632978133537,0.3242976537695571,0.1480591578502444,0.4205838341183097,3
0.6838526912181303,0.8613879003558716,0.1367067159581054,0.8914453422225443,0.5890624338410975,0.0934872556155429,0.7678802316190989,0.1218665651913934,1
0.4804532577903683,0.2523131672597865,0.3843961799137396,0.4665024095075908,0.1212246831933705,0.1846843969217287,0.1177047004771821,0.1793217441352729,3
0.238243626062323,0.3496441281138789,0.6579636475662376,0.9052139570274288,0.0833004849132499,0.1567556452133728,0.3165027447613696,0.5955978769936345,4
0.4492917847025496,0.4540925266903914,0.5769408502772642,0.8607195912895393,0.2040200417368161,0.2592147842888784,0.3908463339805879,0.4965842928488861,3
0.5405099150141643,0.7999999999999997,0.440773259396181,0.8481104387840139,0.4324079320113313,0.238242316976746,0.678488351027211,0.373824402430755,2
0.5861189801699717,0.5948398576512456,0.6336260012322867,0.6066524149425703,0.3486469307309991,0.3713802256514451,0.3608610361482228,0.3843907438179708,2
0.8679886685552409,0.7640569395017792,0.5652341343191623,0.1877966592992498,0.6631927656185416,0.4906168236696638,0.1434873407528431,0.1061490821470421,1
0.2407932011331445,0.34288256227758,0.7282039433148491,0.8327475633175117,0.0825637897835532,0.1753465585885614,0.2855346182407197,0.6064100593936439,4
0.5175637393767705,0.6713523131672597,0.6804528650646979,0.6652052610601833,0.3474676136420916,0.352177729312522,0.4465870907437849,0.4526408257445121,2
0.7498583569405101,0.5612099644128113,0.2916666666666678,0.4902713866444435,0.4208279818132328,0.2187086874409829,0.2751451874513478,0.1429958211046299,2
0.186685552407932,0.2338078291814946,0.5162507701786829,0.5502735606362548,0.0436485437480467,0.0963765602118277,0.1286582666683342,0.2840791494874327,5
0.6373937677053825,0.754982206405694,0.4229051139864452,0.6520163774049785,0.4812209530914481,0.2695570839856945,0.4922607632258584,0.2757410604074815,2
0.1620396600566572,0.281138790035587,0.8095348120764072,0.8712996847711874,0.0455556339661064,0.1311767457528909,0.2449561391349599,0.705347426573476,4
0.6617563739376772,0.836832740213523,0.1471811460258791,0.8601398601398602,0.5537793997560312,0.0973980615060775,0.7197931961277156,0.1265963703579239,1
0.1441926345609065,0.2715302491103202,0.6644331484904527,0.6910032972209139,0.0391526619821963,0.0958063661704363,0.1876282974304473,0.4591254963897759,4
0.6011331444759207,0.347508896797153,0.4111983980283433,0.4157759339106489,0.2088991158650308,0.2471849860102392,0.1444858361080956,0.1709663979627971,2
0.3218130311614731,0.241103202846975,0.6049753542821925,0.6276676691184462,0.0775901525309245,0.1946889525395384,0.1513326853479527,0.37972347049641,4
0.6594900849858357,0.7886120996441283,0.4703481207640188,0.8720243487082866,0.5200818606151645,0.3101899221355909,0.6876889525756453,0.41015501367541,2
0.4906515580736544,0.2745551601423487,0.2328250154035771,0.8773868618428204,0.134710917101005,0.1142359565662877,0.2408910903600483,0.2042776096234508,3
0.7861189801699717,0.8633451957295372,0.2728743068391885,0.5114315736077394,0.6786920448015484,0.2145116718070108,0.441541992018639,0.1395565361438873,2
0.853257790368272,0.801423487544484,0.2574707332101056,0.6166527772745387,0.6838208341314408,0.2196889089033535,0.4942000193673527,0.1587700427009234,1
0.3396600566572239,0.3137010676156584,0.315696241528034,0.5234609949635856,0.1065517223997661,0.1072294032838846,0.1642102729752315,0.1652546686965291,4
0.7308781869688386,0.4234875444839856,0.2494608749229812,0.0647487227798108,0.3095178087163407,0.1823255119833687,0.0274202776184963,0.0161522730347971,2
0.4121813031161473,0.3314946619217082,0.7525415896487999,0.7821660205079892,0.1366359017269363,0.3101835730705393,0.2592838605349437,0.588612460442358,4
0.7212464589235128,0.8341637010676154,0.4244454713493546,0.6801333381644263,0.6016376155575492,0.3061297932168433,0.5673425425827099,0.2886795152976099,1
0.5229461756373938,0.5567615658362989,0.734365372766483,0.5211420703648683,0.2911563315959795,0.3840335632087613,0.2901518751195147,0.3827086907677932,3
0.579886685552408,0.6211743772241992,0.6798367221195356,0.7675278089785862,0.3602107507586221,0.3942282635067109,0.4767686087445274,0.5217935897915911,2
0.713314447592068,0.6565836298932383,0.438000616142947,0.5812891771440993,0.46835058925529,0.3124321675489916,0.3816649579469263,0.2546050177463421,2
0.6793201133144476,0.7439501779359431,0.3381854590264943,0.7278162252255516,0.5053803191757483,0.2297361843471765,0.5414590102612156,0.2461368642148335,2
0.7841359773371105,0.7891459074733095,0.3828558225508338,0.3650494583137069,0.6187976974181645,0.3002110245951014,0.2880772860536102,0.1397613106344305,2
0.6810198300283287,0.7532028469750888,0.3323321010474451,0.5649117721656582,0.5129460748238281,0.2263247509682884,0.4254931550849165,0.1877383161502488,1
0.6801699716713882,0.7886120996441283,0.4860597658656829,0.8518786912569296,0.5363902694746606,0.3306032571794631,0.6718018433542193,0.4140639572183076,2
0.6475920679886686,0.7612099644128113,0.2479205175600753,0.391137360049277,0.4929535350276733,0.1605513606635502,0.2977376559236311,0.0969709767404982,2
0.8011331444759208,0.7046263345195728,0.1348582871226114,0.360556541903692,0.5644995110542074,0.1080394436211742,0.2540576345086512,0.0486240376519839,1
0.2679886685552408,0.2715302491103202,0.6197627849661131,0.4460668864813941,0.0727670299315475,0.1660894035631566,0.1211206528061578,0.2764556558468719,4
0.523229461756374,0.7699288256227758,0.4777418361059773,0.5673756295517953,0.4028494450213221,0.2499686037642323,0.4368388521477968,0.2710590750238595,3
0.4971671388101984,0.2523131672597865,0.3714571780653131,0.4022971846806042,0.125441815450687,0.1846763024092421,0.1015048768464585,0.1494361769650773,3
0.3841359773371105,0.2953736654804271,0.4518638324091206,0.9507228522772564,0.1134636516689686,0.1735771548857698,0.2808184937331398,0.4295972715889313,4
0.3393767705382436,0.3508896797153024,0.8129235982748,0.7598463712453349,0.1190838063169779,0.2758873854768301,0.2666222498391103,0.6176970462488072,4
0.6385269121813032,0.8507117437722419,0.4709642637091846,0.7930359795644768,0.5432023429072617,0.3007233570539666,0.674645021049424,0.3734916062104758,2
0.5297450424929179,0.6713523131672597,0.6000462107208904,0.8960831914199789,0.3556455596665087,0.3178715053960524,0.6015875233501032,0.5376913235022406,2
0.569971671388102,0.642170818505338,0.3699168207024037,0.976520888437987,0.366019174740153,0.2108421085703219,0.6270932182157819,0.3612315024004668,2
0.7487252124645892,0.8224199288256228,0.4062692544670376,0.532736693358455,0.6157665359450768,0.304184033868663,0.4381332734346581,0.2164345392379743,1
0.6623229461756375,0.6953736654804269,0.5495224892175017,0.4814304866118336,0.4605619348139485,0.3639613540483057,0.3347740821492963,0.2645568793881279,2
0.8470254957507083,0.8565836298932384,0.4225970425138641,0.1305482082684154,0.7255481737622616,0.3579504694380889,0.1118254581146177,0.0551692867197163,1
0.6535410764872521,0.6752669039145908,0.5335027726432564,0.3564984238559366,0.4413146593005555,0.3486659763422075,0.2407315869276298,0.190192897570093,2
0.8169971671388102,0.8295373665480427,0.2466882316697471,0.4670821406572701,0.6777296785055397,0.2015435864406659,0.3874620889224543,0.115223667323262,1
0.7705382436260624,0.7601423487544482,0.425985828712264,0.3093952679444907,0.5857187503150423,0.3282383722655405,0.2351844456688369,0.1317979996149868,1
0.2337110481586403,0.2964412811387901,0.0757085643869395,0.9781151490996052,0.0692816025324368,0.0176939279374575,0.2899537079003456,0.0740516937434483,4
0.3640226628895184,0.294661921708185,1.0,0.546650240950759,0.1072636173923562,0.3640226628895184,0.161077010500793,0.546650240950759,3
0.6886685552407933,0.7677935943060498,0.4974584103512001,0.5478097032501176,0.528755305313883,0.3425839647489426,0.4206047810541383,0.2725125441537661,1
0.6263456090651559,0.6496441281138788,0.3917898952557017,0.3333091778687632,0.4069017470990896,0.2453958805695061,0.2165323502489064,0.1305871678849667,2
0.5685552407932012,0.6055160142348753,0.5750924214417772,0.8120221747164751,0.344269303277449,0.3269718101511747,0.4916924307046555,0.4669877987221155,2
0.4019830028328612,0.3113879003558718,0.522720271102898,0.7330338055726655,0.1251726432308731,0.2101246642195502,0.2282578576071467,0.3831716295765327,4
0.6495750708215298,0.6023131672597865,0.4703481207640188,0.6237544838581108,0.3912476182795157,0.3055264138560609,0.375695538765072,0.2933817493007929,2
0.145042492917847,0.2724199288256228,0.7164972273567471,0.5796949164824812,0.0395124655973707,0.103922544024548,0.1579204478887328,0.4153498003724988,5
0.2960339943342777,0.2597864768683274,0.4583333333333321,0.6941918185441502,0.0769056284213604,0.1356822474032102,0.180341646810402,0.318171250166068,4
0.3577903682719547,0.2747330960854092,0.8668361059765886,0.368527845211783,0.0982968556248928,0.3101456095887908,0.1012467959087175,0.3194532422873249,4
0.2844192634560907,0.2973309608540925,0.6471811460258792,0.9027500996412914,0.0845666528888127,0.1840707848753492,0.2684155545374729,0.5842428440608276,4
0.5535410764872521,0.576512455516014,0.6299291435613092,0.607811877241929,0.3191233252346435,0.3486916562376199,0.3504111178405426,0.3828784152773999,3
0.7223796033994334,0.7074733096085409,0.5895717806531131,0.2147541577593389,0.5110642888107023,0.4258946290836936,0.1519328347421942,0.126612991192833,2
0.6169971671388103,0.3275800711743772,0.4293746149106603,0.359686945179173,0.2021159759257206,0.2649229210411949,0.1178262751022878,0.1544404435746992,2
0.2869688385269122,0.2722419928825622,0.6068237831176866,0.9413022210949672,0.0781249684957607,0.1741395162317894,0.256261992575676,0.571204574861929,4
0.6560906515580737,0.442526690391459,0.5757085643869395,0.3714265009601796,0.2903376246307702,0.3777170071161903,0.1643661401935883,0.2138334176430492,3
0.6507082152974505,0.5663701067615657,0.344038817005547,0.4962136309286569,0.3685416813686449,0.2238688846067256,0.2810405671256076,0.1707167505667222,2
0.1804532577903683,0.3261565836298932,0.6237677141096754,0.826080655096199,0.0588560180657909,0.112560916115542,0.2694316442689203,0.5152824418995792,5
0.338243626062323,0.2722419928825622,0.6006623536660527,0.9007210406174138,0.0920841188390309,0.2031702125431351,0.2452140911289399,0.541029220253792,3
0.3883852691218131,0.3263345195729538,0.5818699938385699,0.6537555708540164,0.1267435202080792,0.2259897341509006,0.2133430101327875,0.3804007499847572,4
0.3730878186968839,0.3314946619217082,0.7932070240295772,0.7562230515598392,0.123676620326031,0.2959358783702417,0.2506839048142313,0.5998414362303456,3
0.3288951841359774,0.2743772241992882,0.8662199630314262,0.6717272364940758,0.0902413476757432,0.2848955742434804,0.1843066545683033,0.5818635419631005,3
0.6300283286118981,0.8341637010676154,0.4438539741219998,0.8373854125149462,0.5255467623723447,0.2796405774638322,0.6985165149234994,0.3716768432165491,2
0.791501416430595,0.8809608540925268,0.3754621072088753,0.3672234501250044,0.6972817638341416,0.2971787896718407,0.3235094842649283,0.1378784904004474,2
0.4555240793201133,0.30355871886121,0.3699168207024037,0.4915757817312221,0.1382783059288458,0.1685060191754858,0.1492221145255275,0.1818421503123124,4
0.7373937677053825,0.836832740213523,0.131469500924215,0.757962245008877,0.6170752472452693,0.0969447906248531,0.6342876224691723,0.0996489180707146,1
0.4654390934844193,0.588967971530249,0.6305452865064716,0.8081089894561397,0.2741287187603964,0.2934804265524455,0.475950312295342,0.5095493142850769,2
0.2886685552407932,0.2813167259786476,0.695240295748615,0.3992535961447878,0.0812072928533263,0.2006940117189344,0.1123167145026529,0.2775771882624003,4
0.2951841359773371,0.3261565836298932,0.6022027110289621,0.7715859270263417,0.0962762493321101,0.1777606869382942,0.2516578299358156,0.4646511370470578,4
0.5909348441926346,0.6902135231316727,0.7426833025261885,0.5699844197253523,0.4078712207514644,0.4388774416627846,0.3934109544687975,0.4233179112300978,3
0.4226628895184137,0.2106761565836299,0.4937615526802261,0.6214355592593934,0.0890449930942707,0.2086946845889228,0.1309216551891676,0.3068409866306227,3
0.5620396600566572,0.5610320284697509,0.4996149106592753,0.5059241276857855,0.3153222505620356,0.2808033945461762,0.2838396396073455,0.2527672378541055,2
0.5487252124645893,0.3496441281138789,0.4823629081947054,0.2447552447552445,0.1918585484862842,0.2646846892841769,0.0855772341537464,0.1180608516560466,3
0.5453257790368272,0.7421708185053378,0.2460720887245848,0.7670930106163267,0.4047248797798231,0.1341894534829534,0.5693140475588431,0.1887601793683896,2
0.3419263456090652,0.4169039145907472,0.6274645717806528,0.6991195333164246,0.142550431986128,0.2145466680281156,0.2914656702064737,0.4386727385958802,3
0.4892351274787536,0.3838078291814946,0.4216728280961206,0.6383926953875139,0.1877722722369521,0.2062971598079321,0.2450201145820048,0.2691928532999582,3
0.4439093484419264,0.2763345195729537,0.4460104744300679,0.4534584586398057,0.1226674765356426,0.1979882191025259,0.1253062253145228,0.202247222272267,3
0.4084985835694051,0.3261565836298932,0.6003542821934715,0.5469401065255988,0.1332345024346476,0.24524387391586,0.1783881165945591,0.3283578350559967,4
0.656657223796034,0.6229537366548042,0.2694855206407887,0.6334649806152397,0.4090670712651094,0.1769596138372091,0.3946193767142267,0.170709640108805,2
0.3036827195467422,0.3322064056939502,0.3172365988909433,0.7686872712779449,0.1008853447319871,0.0963392730909606,0.2553628354939365,0.2438557355509751,4
0.4671388101983003,0.2106761565836299,0.4718884781269281,0.5352005507445922,0.0984150091236276,0.2204374222184998,0.1127539950323126,0.2525549733835593,4
0.1614730878186969,0.290035587188612,0.5849507085643886,0.6833218594876627,0.046832941840654,0.0944537971336264,0.1981876567553184,0.3997096058848438,5
0.7606232294617564,0.93576512455516,0.3896333949476265,0.5494039639117358,0.7117646910568286,0.2963642111712117,0.5141130687209642,0.2140661316566129,1
0.6739376770538245,0.68576512455516,0.5005391250770188,0.3192506974890393,0.4621629550472311,0.3373321752289597,0.2189309943278927,0.1597974648013917,3
0.309915014164306,0.2578291814946619,0.4805144793592113,0.452298996340447,0.0799051344348895,0.1489186516767641,0.1166158800173145,0.2173362167412237,4
0.4356940509915015,0.596085409252669,0.6108287122612452,0.7943403746512554,0.2597108666942224,0.2661344361070242,0.4734947073099119,0.4852059081453414,3
0.813031161473088,0.6297153024911032,0.3988755391250791,0.2875104170440957,0.5119781637817186,0.3242982428580672,0.1810497092382659,0.11468087260254,2
0.1818696883852691,0.2741992882562277,0.4623382624768943,0.8612993224392189,0.0498685391106227,0.0840853157252595,0.236167661188405,0.3982116322090748,4
0.2368271954674221,0.2622775800711744,0.5279574861367848,0.8802855175912172,0.0621144637222384,0.1250346907678051,0.2308791553255257,0.4647533289500775,4
0.7147308781869689,0.8596085409252668,0.3052218114602603,0.6708576397695569,0.614388767352535,0.2181514533468092,0.5766749568908771,0.2047603840424189,1
0.2529745042492918,0.2768683274021353,0.7648644485520677,0.924779883329106,0.0700406278668858,0.1934912046903673,0.2560422595124714,0.7073312554945621,4
0.5708215297450425,0.5948398576512456,0.418900184842883,0.813906300952933,0.3395473974978073,0.2391172443224955,0.4841439082002945,0.3409454999139708,2
0.6042492917847027,0.6565836298932383,0.4607979051139885,0.5112866408203195,0.3967401933604185,0.2784368078210021,0.3357024385457257,0.2355998130027715,2
0.7252124645892352,0.7939501779359431,0.3572858903265583,0.4975180260154351,0.5757825653019871,0.2591081810866825,0.3950045252812939,0.1777561708784365,1
0.6742209631728046,0.7532028469750888,0.3791589648798528,0.5449110475017211,0.5078251489520429,0.2556369224968979,0.4104285523264742,0.2066079087223488,2
0.4742209631728046,0.6496441281138788,0.3554374614910678,0.4947643030544584,0.3080748641537205,0.1685558953359908,0.3214207242796845,0.175857767914074,3
0.8141643059490086,0.7275800711743771,0.3770024645717811,0.468966266893728,0.592369723670017,0.3069419499091498,0.3412105098449205,0.1768014384199631,2
0.639943342776204,0.2800711743772242,0.1610443622920527,0.1099677524547989,0.179229683546218,0.1030592675404382,0.0307987975736394,0.0177096865667734,3
0.6617563739376772,0.7601423487544482,0.4903727664818262,0.4305590782274718,0.5030290443882128,0.3245073038248006,0.3272861890013806,0.2111344463242703,2
0.574787535410765,0.7064056939501778,0.543669131238449,0.5846226312547556,0.4060331878257538,0.3124942400234598,0.4129807555304945,0.317841278036609,2
0.2739376770538244,0.2964412811387901,0.104051139864449,0.9217362947932896,0.0812064359380198,0.0285035275492697,0.2732406881006442,0.0959077121276755,4
0.6297450424929179,0.6062277580071175,0.32925138632163,0.6640457987608246,0.3817689252265785,0.207344428269967,0.4025629957968202,0.2186379998230556,2
0.3096317280453258,0.2850533807829182,0.7704097350585357,0.3696873075111416,0.0882615708769772,0.238543297569116,0.1053806168385852,0.284810700634162,4
0.5337110481586402,0.5718861209964413,0.589263709180532,0.815790427189391,0.3052219410643896,0.3144965518685899,0.4665392229513706,0.4807156930395912,2
0.2206798866855524,0.2788256227758007,0.7423752310536074,0.5488242327620565,0.0615312068391922,0.1638272818670708,0.1530262584943314,0.4074335166045504,5
0.7592067988668556,0.7914590747330962,0.2257393715341962,0.5301279031848979,0.6008811105622374,0.1713828656406928,0.4195745397449156,0.1196707396977,1
0.418413597733711,0.2185053380782918,0.5643099199014188,0.7308598137613682,0.0914256046293589,0.2361149438227749,0.1596967706937651,0.4124314429628435,3
0.424929178470255,0.2341637010676157,0.6576555760936564,0.6383926953875139,0.0995029891222163,0.2794570436658597,0.1494883962864712,0.4198425158590576,3
0.103399433427762,0.2749110320284698,0.8877849661121395,0.9037646291532302,0.0284256449547851,0.0917964625016801,0.2484548669113417,0.8023486506661508,4
0.6056657223796035,0.4352313167259786,0.544593345656196,0.5704192180876118,0.2636046898470658,0.329841522099985,0.2482643073740744,0.3106465104049238,3
0.2847025495750708,0.2653024911032029,0.3434226740603812,0.6050581542809521,0.0755322956256994,0.097773310886879,0.1605234355930427,0.2077906893052032,4
0.5254957507082153,0.7240213523131672,0.5837184226740639,0.8120221747164751,0.380470144062585,0.3067415507253225,0.5879213930465013,0.473992303001864,3
0.6609065155807367,0.6781138790035587,0.4826709796672865,0.566795898402116,0.4481698809391792,0.3190003953438469,0.3843521652687658,0.2735759315531491,2
0.7538243626062324,0.8873665480427045,0.4108903265557622,0.3715714337475995,0.6689185224763845,0.3097391385169641,0.3297200605158858,0.1526751077513439,2
0.2592067988668556,0.3496441281138789,0.6487215033887885,0.937099170259792,0.0906301351909913,0.1681530242495019,0.3276512223417243,0.6079163825553185,4
0.4722379603399434,0.4749110320284696,0.4774337646333961,0.5367948114062103,0.224271017108062,0.2254623472078956,0.2549297778724511,0.2562839676453409,3
0.4155807365439094,0.2845195729537366,0.2679451632778828,0.839269538751404,0.1182408536892724,0.1113528483084006,0.2387886107586289,0.2248782135948983,4
0.3464589235127479,0.2640569395017794,0.504544054220581,0.8460813797601363,0.0914848830058572,0.17480378989002,0.2234136597089043,0.4268853295447222,4
0.5787535410764872,0.2800711743772242,0.1554990757855847,0.1657668756114351,0.1620921839242688,0.0899956407450282,0.0464265235253378,0.0257765959534421,3
0.2821529745042493,0.2731316725978647,0.8514325323475056,0.598970977209319,0.0770649138548082,0.2402342215915341,0.1635979448427588,0.5099833759279906,4
0.8668555240793201,0.5967971530249109,0.1955483672211961,0.2053335265770497,0.5173369088544553,0.1695121823503853,0.1225424640817481,0.0401526358579121,2
0.4529745042492919,0.6565836298932383,0.458949476278498,0.8499945650204719,0.2974156442490901,0.2078924114927248,0.5580925168906655,0.3901045604557153,3
0.4892351274787536,0.6012455516014233,0.4986906962415318,0.7341932678720242,0.2941504440837558,0.2439770063481942,0.4414304363237668,0.3661353519309452,3
0.2807365439093485,0.2667259786476869,0.4672674060382036,0.7654987499547086,0.0748797294163902,0.1311790366526515,0.2041784032352506,0.3576926152168241,4
0.7396600566572239,0.7608540925266903,0.4506315465187924,0.2701184825537156,0.5627733811861725,0.3333141552296224,0.2055207529180939,0.1217239095364903,2
0.5926345609065157,0.736476868327402,0.6536506469500942,0.7666582122540673,0.4364616454790156,0.387375964141529,0.5646260392383601,0.5011266364294737,2
0.8175637393767706,0.8451957295373665,0.2260474430067773,0.3124388564803071,0.6910013811458471,0.1848081927811782,0.2640719872386937,0.0706260046033348,1
0.708215297450425,0.6425266903914589,0.3933302526186075,0.5388238704300881,0.4550472311554242,0.2785625018545379,0.3462087181713608,0.2119357290732023,2
0.3847025495750709,0.248220640569395,0.3656038200862603,0.5146200949309757,0.0954911132842035,0.1406487217215698,0.1277393296136496,0.1881470725999186,3
0.5980169971671389,0.6501779359430605,0.5039279112754187,0.6834667922750823,0.3888174568769974,0.3013574562896343,0.4443750282870375,0.3444179930572927,2
0.7852691218130312,0.8197508896797153,0.4583333333333321,0.3804123337802093,0.6437250612442411,0.359915014164305,0.3118433490614634,0.1743556529825954,2
0.8790368271954676,0.7612099644128113,0.2057147258163922,0.1843182724011739,0.6691315919470124,0.1808308198890269,0.1403049055751284,0.0379169828699585,1
0.3957507082152975,0.286832740213523,0.5741682070240302,0.3044675531722163,0.1135142600788361,0.2272274745644674,0.0873312625824933,0.174815589101885,3
0.1371104815864022,0.2727758007117437,0.7146487985212602,0.8504293633827313,0.0374004214007036,0.0979858409303937,0.2319765505455029,0.6077583227686691,4
0.3634560906515581,0.5064056939501779,0.5981977818853998,0.4265009601797166,0.184056233806821,0.2174186272405008,0.2159825147102265,0.2551319283514997,3
0.3770538243626062,0.2923487544483986,0.315696241528034,0.7418747056052755,0.1102312159124131,0.1190344752050462,0.2168861461404746,0.2342070562443021,3
0.7521246458923513,0.7921708185053379,0.3338724584103509,0.7682524729156854,0.5958111963545814,0.2511137045550939,0.6085871902883685,0.2564983418121914,1
0.6362606232294618,0.8820284697508897,0.4872920517560111,0.6181021051487372,0.5611999838698295,0.3100447445450427,0.5451836539541441,0.3011962430126378,2
0.7354107648725213,0.4638790035587188,0.2978280961183017,0.5485343671872169,0.3411416128154204,0.219025987966887,0.2544535756685185,0.1633689462348262,2
0.2651558073654391,0.2555160142348753,0.1690542205791736,0.7281060908003913,0.0677515550492473,0.0448257083462058,0.1860427662614522,0.1230894076792091,4
0.6203966005665723,0.7439501779359431,0.3190850277264339,0.8556469437298453,0.4615441613823556,0.19795926649317,0.6365586960381643,0.2730241287640761,2
0.7453257790368273,0.8551601423487544,0.4490911891558866,0.7101344251603319,0.6373728992973294,0.3347192404161863,0.6072786561068603,0.3189151134557854,2
0.4917847025495752,0.490035587188612,0.6052834257547737,0.4937497735425197,0.2409920054842579,0.2976691294929992,0.2419549602021528,0.29885855439546,3
0.5059490084985836,0.347508896797153,0.3856284658040678,0.619116634660676,0.1758217817789562,0.195108339922398,0.2151485386996975,0.238748997977974,3
0.4728045325779037,0.3838078291814946,0.5572242760320414,0.5166491539548534,0.1814660812758964,0.2634581633703901,0.1982939902278681,0.2878894507750599,3
0.4121813031161473,0.2603202846975089,0.3696087492298225,0.5988260444218994,0.1072991541741856,0.1523458159006775,0.1558865663681919,0.2213313452850203,3
0.5841359773371105,0.6832740213523131,0.3982593961799168,0.639262292112033,0.3991249382516911,0.2326376416212432,0.4367913170302858,0.2545922144571279,2
0.8212464589235129,0.8576512455516013,0.3227818853974113,0.6466538642704445,0.7043430484005928,0.2650834803872792,0.5546034921323029,0.2087281535087357,1
0.5739376770538244,0.6177935943060496,0.6397874306839206,0.5807094459944202,0.3545750204147469,0.3671981117749641,0.3587585758883677,0.3715306044266531,3
0.3881019830028329,0.291814946619217,0.7978280961183017,0.5563607377078879,0.1132539594527839,0.3096386661988877,0.1623543789752554,0.443880228120458,3
0.7923512747875355,0.7891459074733095,0.3711491065927319,0.5260697851371425,0.6252807657798434,0.294080467745006,0.4151458179863392,0.1952503307590808,1
0.2209631728045326,0.2434163701067615,0.8175446703635281,0.6449146708214064,0.0537860534513524,0.1806472642729608,0.1569827881999437,0.5272465519692899,5
0.854957507082153,0.5012455516014235,0.2485366605052377,0.3241784122613137,0.4285436472331717,0.2124882836840814,0.1624929870711958,0.0805702199913171,1
0.7906515580736544,0.8793594306049822,0.3822396796056715,0.3491068516975252,0.6952669039145908,0.3022183982377986,0.3069904023290337,0.1334424911410067,2
0.3869688385269123,0.3161921708185053,0.5606130622304413,0.280263777673104,0.12235651709294,0.2169397855543294,0.0886172122642537,0.1571195346335904,4
0.0796033994334277,0.2327402135231315,0.5908040665434413,0.6083916083916083,0.018526912181303,0.0470300120959509,0.1415971928427443,0.359440236288667,5
0.3909348441926346,0.2818505338078292,0.5917282809611848,0.6394072248994529,0.1101851945197746,0.2313272033219362,0.1802172676584935,0.3783553380239149,4
0.1569405099150141,0.290035587188612,0.5741682070240302,0.70303271857676,0.0455183329468813,0.0901102511873406,0.2039045073452167,0.4036590355044478,5
0.6220963172804533,0.6496441281138788,0.3970271102895886,0.3430196746258921,0.404141219642515,0.2469891031716534,0.2228407174482441,0.1361881101891928,2
0.2569405099150142,0.34288256227758,0.7272797288971056,0.8065147287945216,0.088100420392568,0.1868676243936756,0.2765398367236731,0.5865618133092023,4
0.3167138810198301,0.3281138790035586,0.8086105976586566,0.4853436718721693,0.1039182200356879,0.2560982006182375,0.1592479948278078,0.3924540365824017,4
0.6,0.3838078291814946,0.5310382008626,0.264611036631762,0.2302846975088967,0.3186229205175599,0.1015597875471015,0.1405185688213184,3
0.6393767705382436,0.5843416370106761,0.6166820702402944,0.2963513170767056,0.3736144687629167,0.3942921905190777,0.173170413750872,0.1827545437333007,2
0.6609065155807367,0.7788256227758005,0.4386167590881094,0.7899923910286604,0.5147309285937515,0.2898846739242378,0.6152663159310401,0.3465039022572574,1
0.3229461756373938,0.2610320284697509,0.6533425754775131,0.7510054712127252,0.0842992953131773,0.2109944861315481,0.1960364815425387,0.4906638487598251,4
0.3328611898016997,0.2459074733096085,0.8160043130006187,0.473314250516323,0.081853054146966,0.2716161665087045,0.1163915114259,0.3862264698259748,4
0.2490084985835694,0.2864768683274021,0.7491528034504036,0.8385448748143047,0.0713351748611293,0.1865454147968568,0.2402237096887954,0.6281982437861041,5
0.3107648725212465,0.2790035587188612,0.8702248921749884,0.7823109532954093,0.086704505358241,0.2704353276815758,0.218267539994164,0.68078646497881,3
0.7260623229461758,0.7330960854092526,0.2648644485520641,0.5524475524475525,0.5322734467149901,0.1923080967815695,0.4049971380932235,0.1463237163329585,1
0.6028328611898017,0.4596085409252668,0.3847042513863208,0.7311496793362078,0.2770671317532486,0.2319123645750965,0.3360426373176912,0.2812763900403843,2
0.539943342776204,0.5663701067615657,0.2953635243376489,0.6643356643356644,0.3058077686933553,0.1594795686650308,0.3762598611353059,0.1962205231613751,2
0.3617563739376771,0.2973309608540925,0.6465650030807168,0.7968042320373927,0.1075613702579819,0.2338990110294831,0.2369145679242852,0.515185730741985,3
0.5753541076487253,0.7891459074733095,0.3939463955637734,0.8559368093046849,0.4540383393989495,0.2266586768810266,0.6754590301185546,0.3371932208559375,1
0.4226628895184137,0.7220640569395017,0.5199476278496604,0.8555020109424254,0.3051896807234381,0.2197625667851823,0.6177272527409897,0.4448162412101283,3
0.3713881019830028,0.281138790035587,0.2439155884165131,0.7614406319069531,0.1044116016251146,0.0905873474260761,0.2140704979382535,0.185727239775826,4
0.5543909348441927,0.7074733096085409,0.5797134935305017,0.5341860212326532,0.392216789491194,0.3213879056201676,0.3779223523880835,0.3096748445639402,2
0.2475920679886686,0.294661921708185,1.0,0.8705750208340883,0.0729559545532446,0.2475920679886686,0.2565253086301157,0.8705750208340883,4
0.0424929178470254,0.2501779359430605,0.8360289587184226,0.7702815319395631,0.0106307904791668,0.0355253098605561,0.1927074437556985,0.6439776670674643,5
0.4084985835694051,0.3231316725978648,0.7152649414664225,0.6541903692162758,0.1319988305626405,0.292184715465887,0.2113896282022699,0.4679194361453768,3
0.7379603399433429,0.708540925266904,0.4916050523721509,0.3531649697452805,0.5228751020737352,0.3627850315664173,0.2502318344351792,0.1736176834476377,2
0.334844192634561,0.3177935943060498,0.4866759088108452,0.604188557556433,0.1064113395098444,0.1629606017604587,0.1920072533444465,0.2940440153418907,3
0.1444759206798866,0.2158362989323843,0.4355360443622906,0.73781658755752,0.0311831480043954,0.0629244709985178,0.1592476015493365,0.3213457180096859,5
0.1929178470254957,0.2523131672597865,0.4537122612446111,0.7492662777636871,0.0486757130039417,0.0875291926083796,0.1890497476635068,0.3399512971584953,5
0.1898016997167139,0.3017793594306049,0.5596888478126942,0.7786876336099133,0.0572782353593499,0.1062298946273385,0.2349918552673332,0.4358227844611257,4
0.8354107648725213,0.8083629893238434,0.2275878003696867,0.3363527664045798,0.6753151432056698,0.1901292983824946,0.2718951277181505,0.0765497862542773,1
0.4019830028328612,0.3142348754448398,0.4762014787430715,0.1164897278886915,0.1263170788261268,0.1914249003785888,0.0366051351337062,0.0554725806789729,4
0.2728045325779037,0.3352313167259787,0.6539587184226754,0.7788325663973332,0.0914526226649058,0.1784029025045429,0.2610890667424512,0.5093243469870433,4
0.0946175637393767,0.3649466192170818,0.3421903881700565,0.9739120982644298,0.0345303600052422,0.0323772208636823,0.355425927676218,0.3332633589486194,4
0.6535410764872521,0.6859430604982205,0.3850123228589019,0.675205623392152,0.4482919661669673,0.2516213679420642,0.4631526117752216,0.2599624854696053,2
0.728328611898017,0.8774021352313167,0.5809457794208264,0.5920142034131672,0.6390370792293811,0.423119433113582,0.51943452616198,0.343928152830062,1
0.8804532577903683,0.7309608540925266,0.4013401109057319,0.4259212290300372,0.6435768653029952,0.3533612081288994,0.3113317453479347,0.1709392732960207,1
0.2314447592067989,0.2544483985765123,0.6286968576709846,0.6756404217544114,0.0588907483390964,0.1455085928377321,0.1719156233289693,0.4247730100724972,5
0.6688385269121814,0.8693950177935942,0.3736136783733812,0.8317330338055726,0.5814848830058572,0.2498872222774938,0.7231045557249158,0.3107468381847518,1
0.6864022662889518,0.4889679715302492,0.270101663585951,0.4930251096054205,0.3356287238010747,0.1853983940138128,0.2410734877572412,0.1331669022940699,2
0.4019830028328612,0.4167259786476868,0.5233364140480603,0.8330374288923512,0.1675167602552599,0.2103723432108208,0.3471483378053178,0.4359588208043391,3
0.356657223796034,0.2640569395017794,0.4968422674060377,0.8599949273524403,0.0941778149667819,0.1772023837575641,0.2270876285037404,0.4272818296634771,3
0.5637393767705383,0.6300711743772242,0.6481053604436262,0.7812964237834703,0.3551959311644975,0.3653625119781349,0.4922723552699765,0.5063624003495022,2
0.7339943342776204,0.7921708185053379,0.3286352433764641,0.5954925903112431,0.5814488925629832,0.2412164066822715,0.4717318526807213,0.1956998523458164,1
0.213314447592068,0.2263345195729537,0.6977048675292679,0.5301279031848979,0.0482804230137207,0.1488305283993027,0.1199862442795711,0.3698728184651877,5
0.8303116147308783,0.7612099644128113,0.2081792975970415,0.5246204572629443,0.6320414747008358,0.1728536887413396,0.3993463196033586,0.1092151182980384,1
0.2926345609065156,0.346797153024911,0.5375077017868151,0.4185296568716257,0.1014848325990745,0.1572933302962549,0.1451448934595726,0.2249629139946918,4
0.2954674220963173,0.2775800711743772,0.8104590264941507,0.6895539693467154,0.0820158680552055,0.2394642392729176,0.1914064398898356,0.5588552387119164,4
0.6759206798866857,0.7921708185053379,0.3366451016635885,0.7559331859849994,0.5354446382305202,0.2275453859969751,0.5988282106770848,0.2544812042468005,2
0.7589235127478755,0.6494661921708184,0.4604898336414074,0.4488206094423711,0.4928951639732642,0.3494765621318217,0.2914938121823228,0.2066773277769525,2
0.901416430594901,0.801423487544484,0.2189617991374,0.3251929417732526,0.7224162995372658,0.1973757634150727,0.2606172615207704,0.0712048315974551,1
0.5218130311614732,0.576512455516014,0.613909426987064,0.7260770317765137,0.3008317119151552,0.3203459389547229,0.4185924524832569,0.4457455345263877,3
0.3254957507082153,0.448932384341637,0.6921595810227998,0.8956483930577195,0.1461255834585101,0.2252950024349,0.4020855686271577,0.6199316164825751,4
0.5371104815864023,0.3649466192170818,0.3437307455329659,0.6530309069169171,0.1960166544010162,0.1846213862692644,0.2383214217235937,0.2244668004906208,3
0.5152974504249292,0.5546263345195729,0.7245070856438716,0.6489727888691619,0.2857975361164598,0.3733366540470829,0.3599373990934479,0.470185383925772,3
0.156657223796034,0.2733096085409252,0.8039895255699356,0.7089749628609732,0.0428159245108021,0.1259507670368766,0.1937696695648495,0.5700084440315566,5
0.5637393767705383,0.7101423487544484,0.5030036968576717,0.4698358636182469,0.400335205105199,0.2835629905798206,0.3336503437189365,0.236329176316295,2
0.661473087818697,0.595373665480427,0.3917898952557017,0.600855103445777,0.393823656911274,0.2591584717909528,0.3577333053611334,0.2354089580428747,2
0.4402266288951842,0.249644128113879,0.5011552680221811,0.5291133736729592,0.1098999929430504,0.2206218941944673,0.1320900468439789,0.2651679545971923,4
0.5606232294617565,0.7384341637010675,0.4962261244608754,0.3337439762310227,0.4139833455989838,0.2781958924385475,0.2464479539784242,0.1656124798872829,3
0.2288951841359773,0.2718861209964412,0.7294362292051773,0.97376716547701,0.062233423729497,0.166964439999372,0.2647537773752439,0.7103010493093641,4
0.3260623229461757,0.3476868327402135,0.3329482439926075,0.6881046414725172,0.1133675763410724,0.1085618778570796,0.2392449233874196,0.2291032320614373,4
0.6512747875354108,0.442526690391459,0.6071318545902677,0.4633138881843545,0.288206476263446,0.3954096696042565,0.2050287615506208,0.2812926201907951,3
0.6960339943342776,0.347508896797153,0.3766943930991999,0.2989601072502625,0.2418780055044206,0.2621921030721626,0.1038912970568972,0.1126165961615093,2
0.513314447592068,0.5674377224199288,0.4216728280961206,0.8431827240117395,0.291273981026887,0.2164507548187452,0.4784536844970529,0.355547243835821,3
0.2130311614730878,0.1946619217081849,0.954020332717196,0.6966556759302873,0.0414690552760779,0.2032360595476859,0.1356123326455042,0.6646236797403358,4
0.3410764872521247,0.3508896797153024,0.8609827479975358,0.7636146237182506,0.1196802193703184,0.2936609712716808,0.2679444907424181,0.6574590171400437,4
0.643059490084986,0.6533807829181494,0.7907424522489244,0.3808471321424688,0.420162713094674,0.5084944381317447,0.2488381973713781,0.3011519952023059,2
0.7356940509915015,0.7706405693950177,0.2673290203327205,0.4059205043661001,0.5669556823566179,0.1966723699161686,0.3128188086138041,0.1085143307651533,2
0.6243626062322947,0.4793594306049821,0.2768792359827472,0.5766513279466647,0.2992941034145554,0.1728730413897946,0.27642325222212,0.1596627791103091,2
0.338243626062323,0.2763345195729537,0.4404651879235999,0.748396681039168,0.0934683899065458,0.1489845423175009,0.2068078373049515,0.3296426847553156,4
0.9175637393767708,0.7612099644128113,0.1782963647566262,0.3612812058407912,0.6984586613974778,0.1635982791633746,0.2750108538410862,0.0644151256563034,1
0.4881019830028328,0.7637010676156583,0.2343653727664829,0.7970940976122323,0.3727640055245833,0.1143942031945184,0.6087416133366015,0.1868112553168541,2
0.6526912181303117,0.7569395017793595,0.2768792359827472,0.4838943439979708,0.4940477654673214,0.1807166458085693,0.366278743659674,0.1339802962625308,2
0.586402266288952,0.731850533807829,0.544593345656196,0.4618645603101561,0.4291588116096902,0.3193507720986759,0.338015825009906,0.2515283661393358,3
0.7101983002832861,0.6334519572953737,0.4678835489833659,0.3875140403637812,0.4498765033822952,0.3322901012184981,0.2454715273478756,0.1813114444862892,2
0.3872521246458924,0.3998220640569394,0.2454559457794225,0.7321642088481468,0.1548319437863558,0.0950533365100483,0.2927354052102821,0.1797140583486645,3
0.6161473087818697,0.8596085409252668,0.3147720271102905,0.8107177796296967,0.5296454890970129,0.1939459373838192,0.6968999276496556,0.2551912789083934,2
0.4991501416430595,0.490035587188612,0.6604282193468904,0.4341823979129677,0.2446013327553355,0.3296528392320739,0.2127648263082407,0.2867463079254243,3
0.7977337110481587,0.7569395017793595,0.2827325939617999,0.4411391717091198,0.6038361577933928,0.2255453214154188,0.3339156648488605,0.1247244223154793,1
0.4861189801699717,0.448932384341637,0.5883394947627849,0.6338997789774992,0.2182345528414303,0.2860029951878013,0.2845781392100054,0.3729482756938629,3
0.5541076487252126,1.0,0.2975200246457206,0.7304250153991088,0.5541076487252126,0.1648581213051075,0.7304250153991088,0.2173160685833936,1
0.5178470254957507,0.6389679715302491,0.7128003696857661,0.5731729410485886,0.330887663443993,0.3691215512140454,0.3662391514778437,0.4085578842733118,3
0.5835694050991502,0.7330960854092526,0.1967806531115208,0.8340519584042898,0.4278124464427933,0.1148351686713124,0.6114402257341057,0.1641252891037391,2
0.643059490084986,0.7699288256227758,0.5310382008626,0.2020000724663936,0.4951100380067142,0.3414891546623519,0.155525678569766,0.1072697550566684,2
0.6855524079320114,0.8713523131672597,0.5784812076401771,0.7254973006268342,0.597357676448943,0.3965791848411413,0.6321637510977948,0.4196865546062996,2
0.7509915014164307,0.7608540925266903,0.4530961182994488,0.2259139823906661,0.5713949573054551,0.3402713341676597,0.1718875780609409,0.1023607484907808,1
0.3362606232294618,0.3508896797153024,0.8625231053604487,0.7840501467444474,0.1179903823858538,0.2900325569583152,0.275115104871895,0.6762613673283363,4
0.1988668555240793,0.2807829181494662,0.8766943930991964,0.915938983296496,0.0558384160172592,0.1743454572112282,0.2571800205768453,0.8029985710770166,4
0.64985835694051,0.5948398576512456,0.3991836105976603,0.5914344722634877,0.3865616525359653,0.2594128053005758,0.3518087972912526,0.2360909480700607,2
0.8167138810198301,0.8809608540925268,0.3859365372766525,0.4036015797673827,0.7194929581724518,0.3151997271865692,0.3555571924249665,0.1557645961348103,2
0.7045325779036827,0.4209964412811388,0.3538971041281584,0.5340410884452336,0.2966057080640771,0.2493320390840594,0.2248293977333492,0.1889955946862178,2
0.6110481586402267,0.4135231316725979,0.2322088724584112,0.5511431573607739,0.2526825481636809,0.1418908039356354,0.2279104444317506,0.127980331133914,2
0.6138810198300284,0.8083629893238434,0.3015249537892828,0.8320228993804122,0.4962386962789714,0.1851004461363671,0.6725765181290414,0.2508756662873038,1
0.3461756373937677,0.4233096085409252,0.7266635859519432,0.7607159679698541,0.146539473551561,0.2515532300377548,0.3220183786121499,0.5527845931758778,4
0.6359773371104817,0.4016014234875444,0.2143407270486754,0.569259755788253,0.2554094038893873,0.1363158448227411,0.2286155282587343,0.1220155499352055,2
0.3192634560906516,0.3017793594306049,0.6074399260628489,0.7617304974817927,0.0963471212686379,0.193933370162275,0.2298745415888114,0.4627055170701573,3
0.6223796033994335,0.7891459074733095,0.3659118915588415,0.7537591941737019,0.4911483169175244,0.2277360979475283,0.5948259833025564,0.2758094525199673,2
0.7337110481586403,0.8873665480427045,0.4096580406654375,0.4143266060364505,0.6510706400653272,0.300570630403253,0.3676595701608147,0.1697322256244529,2
0.5711048158640226,0.7161921708185052,0.5908040665434413,0.6105656002029058,0.409020797838557,0.3374110476350078,0.4372823026364227,0.3607246394914137,2
0.3889518413597734,0.2823843416370106,0.0,0.7618754302692128,0.1098339096508826,0.0,0.2151416917859858,0.0,3
0.8277620396600568,0.8713523131672597,0.4509396179913736,0.4679517373817892,0.7212723680098394,0.3732706979520662,0.40775082881826,0.2110179776933436,1
0.8303116147308783,0.7788256227758005,0.3911737523105394,0.3678031812746838,0.6466679604407568,0.3247961099213006,0.2864545417151762,0.1438749505309716,1
0.1501416430594901,0.291459074733096,0.783656808379547,0.8626037175259975,0.0437601443650257,0.1176595208048611,0.2514136813714561,0.6759852761727555,5
0.3189801699716714,0.299288256227758,0.5566081330868791,0.8204282763868256,0.0954670188420553,0.1775469568996673,0.2455445481997581,0.456657051251357,3
0.5963172804532578,0.6612099644128114,0.5951170671595847,0.5725932098989093,0.3942909277872431,0.3548785910399223,0.3786043359402752,0.3407599917505313,2
0.1226628895184136,0.2715302491103202,0.5790973505853394,0.8021667451719265,0.0333066849475265,0.0710337543352555,0.2178125361445479,0.4645326368567277,5
0.3538243626062324,0.5064056939501779,0.6077479975354301,0.4744737128156816,0.1791786718820885,0.2150360478531876,0.2402761897995426,0.2883604488469312,4
0.4566572237960341,0.34288256227758,0.2041743684534793,0.8152106960397114,0.1565797989777504,0.0932377002682744,0.2795215322541857,0.1664451290204293,3
0.6824362606232295,0.8250889679715302,0.4087338262476905,0.6328852494655604,0.5630706299839706,0.2789347839746987,0.5221866373259436,0.2586816095897826,1
0.6206798866855524,0.591814946619217,0.5978897104128187,0.5798398492699011,0.3673276340064318,0.371098117709486,0.3431578894433613,0.3466802795657935,2
0.3405099150141644,0.237900355871886,0.0834103512014792,0.8810101815283162,0.0810074299597753,0.0284020515989172,0.2095926357123413,0.0734853686533558,4
0.5637393767705383,0.9163701067615658,0.3018330252618639,0.6623066053117865,0.5165939128769168,0.1701551615498893,0.6069179746184521,0.1999060063321718,2
0.7634560906515582,0.7330960854092526,0.2821164510166376,0.4528787274901263,0.5596866714385088,0.2153835228016539,0.3320036222881353,0.1277645393404454,1
0.381586402266289,0.3265124555160142,0.8443468884781282,0.7257871662016739,0.1245927131954875,0.3221912914391044,0.236978549818518,0.6128161354797415,3
0.3439093484419264,0.237900355871886,0.2143407270486754,0.7649190188050292,0.0818161563820027,0.0737137797838787,0.1819745067868903,0.1639532986240293,4
0.5773371104815864,0.5895017793594305,0.4312230437461508,0.6647704626979238,0.3403412539191273,0.2489610660494774,0.391883370626018,0.2866643423171357,2
0.593201133144476,0.596085409252669,0.5880314232902037,0.5243305916881046,0.3535985402195719,0.3488209066203078,0.3125458153300979,0.3083228641049508,2
0.7566572237960341,0.7046263345195728,0.2768792359827472,0.5743324033479473,0.5331606060911556,0.2095026740254724,0.4046897361668809,0.1590207170391146,1
0.6257790368271955,0.6425266903914589,0.3726894639556377,0.7230334432406971,0.4020797334489328,0.2332212537898027,0.4645682853277859,0.2694669463833744,2
0.8518413597733712,0.8007117437722419,0.2861213801601998,0.3818616616544077,0.6820793806014537,0.2437300255358982,0.3057611169830666,0.1092587856628263,2
0.243342776203966,0.3039145907473308,0.5338108441158376,0.9031848980035508,0.0739554202413476,0.1298990127749304,0.2744910686459189,0.4821298927959521,5
0.5524079320113314,0.4275800711743772,0.7168052988293283,0.582448639443458,0.2361986228866956,0.3959689327810737,0.2490434307086529,0.4175022710490036,3
0.7906515580736544,0.8293594306049822,0.3600585335797923,0.6969455415051269,0.655734326010908,0.284680840572578,0.578018357465373,0.2509411896593102,1
0.5413597733711049,0.4233096085409252,0.7466882316697472,0.2695387514040362,0.2291627937455263,0.4042269718756053,0.1140983433434523,0.2012614136523514,3
0.3305949008498584,0.2667259786476869,0.4558687615526828,0.5547664770462697,0.0881782484651134,0.1507078880260569,0.1479706315110958,0.2529007068420278,4
0.5538243626062324,0.5976868327402135,0.6604282193468904,0.6914380955831734,0.3310135291804865,0.3657612376269606,0.4132634453850319,0.4566452302546002,2
0.1399433427762039,0.2587188612099643,0.3508163894023397,0.8153556288271315,0.0362059822769751,0.0490944182336418,0.2109478797712898,0.2860401177840085,5
0.4617563739376771,0.5976868327402135,0.6068237831176866,0.8407188666256025,0.2759857046364159,0.2802047497115663,0.5024865966183983,0.5101682031841619,3
0.6909348441926346,0.8250889679715302,0.4075015403573623,0.6518714446175586,0.5700827175304709,0.2815570132950727,0.5378519374896119,0.2656386177966341,1
0.5971671388101983,0.9766903914590748,0.2916666666666678,0.7114388202471105,0.5832474065710282,0.1741737488196418,0.6948554598463327,0.2075029892387413,2
0.6886685552407933,0.686476868327402,0.6487215033887885,0.1977970216312184,0.4727550331172562,0.4467541004923924,0.1357830799738862,0.1283151812384287,2
0.2274787535410765,0.2644128113879003,0.3877849661121395,0.7857893401934852,0.0601482967548113,0.088212840733158,0.2077727685992026,0.3047172926582111,4
0.3490084985835694,0.4192170818505338,0.456176833025264,0.6796985398021667,0.1463103243172401,0.159209591582755,0.2849412383939332,0.3100627272988487,3
0.2050991501416431,0.1946619217081849,0.9404651879236036,0.6331751150403999,0.0399249947072877,0.1928886107809317,0.1232550846715652,0.595479153555019,4
0.5779036827195468,0.6300711743772242,0.6561152187307471,0.7797021631218521,0.3641204520480276,0.3791714011928397,0.4912678575826473,0.5115744553015307,2
0.4793201133144477,0.2626334519572952,0.5014633394947658,0.6225950215587521,0.1258854959523352,0.2403614647096725,0.1635142796834017,0.3122085786636676,3
0.2470254957507082,0.2718861209964412,0.7303604436229243,0.9749266277763688,0.0671628038268829,0.18041765066266,0.2650690190822582,0.7120478443625503,4
0.5569405099150142,0.5948398576512456,0.6188385705483697,0.6639008659734047,0.3312904136380591,0.3446562690362875,0.3949146966101587,0.4108474628848065,2
0.1195467422096317,0.2813167259786476,0.7054066543438076,0.7686872712779449,0.0336304981198269,0.0843290674597979,0.2162445864573719,0.5422371162688459,5
0.6158640226628895,0.7074733096085409,0.5951170671595847,0.5143302293561361,0.4357073583821439,0.3665111909362428,0.3638749095943056,0.3060866976459402,2
0.2110481586402267,0.2743772241992882,0.8224738139248338,0.8307185042936338,0.0579068079400764,0.1735815839586406,0.2279302372990717,0.6832442165243184,4
0.3504249291784703,0.3137010676156584,0.316620455945781,0.6094061379035471,0.1099286744024276,0.1109517008512552,0.1911713560718779,0.1929504492391785,4
0.1376770538243626,0.2492882562277579,0.7208102279728905,0.6144787854632414,0.0343212726704505,0.0992390285537747,0.153182344917082,0.4429225934342639,5
0.631444759206799,0.8293594306049822,0.4007239679605661,0.8711547519837675,0.5236946659542508,0.2530350494572527,0.7225004090740819,0.3490925889226381,2
0.6668555240793202,0.8475088967971528,0.3307917436845358,0.7670930106163267,0.5651659895355519,0.2205903015958633,0.6501181511682497,0.2537480345499948,2
0.6062322946175638,0.5895017793594305,0.4330714725816413,0.6257835428819885,0.3573750163822043,0.2625419125565758,0.3689005120227807,0.2710090004332594,2
0.2728045325779037,0.3161921708185053,0.5535274183610603,0.474183847240842,0.086258657364935,0.1510047886350428,0.1499332200261523,0.2624737607917387,4
0.309915014164306,0.2718861209964412,0.7248151571164563,0.7537591941737019,0.0842615910396902,0.2246310996842502,0.2049366634692911,0.5463360887529852,4
0.7988668555240794,0.7635231316725978,0.3070702402957508,0.2972209138012246,0.6099533233191858,0.2453082372900899,0.2269350429041022,0.0912676974218646,1
0.7186968838526913,0.641459074733096,0.4700400492914376,0.2166382839957968,0.4610146381297067,0.3378163187117216,0.1389645932037095,0.1018286696877967,2
0.1838526912181303,0.3161921708185053,0.7118761552680226,0.7528895974491829,0.0581327815470849,0.1308803469600415,0.2380577962041277,0.5359641519734136,5
0.6909348441926346,0.8250889679715302,0.4028804682686413,0.6352041740642775,0.5700827175304709,0.2783641535714494,0.524099956429903,0.2559113550932116,1
0.58328611898017,0.7642348754448399,0.3884011090573018,0.7585419761585563,0.4457675944875143,0.2265489755096273,0.579704232669217,0.2946185448065007,2
0.3640226628895184,0.3161921708185053,0.5563000616142979,0.2195369397441935,0.1151011160061697,0.2025058297944398,0.0694158615525679,0.1221284131063092,4
0.6558073654390936,0.8026690391459074,0.3332563154651886,0.656799159389833,0.5263962678818062,0.2185519462611647,0.5271923501792769,0.2188824678588888,2
0.6994334277620398,0.7240213523131672,0.6197627849661131,0.4373709192362042,0.506404736221306,0.4334828090881965,0.3166658844078496,0.2710662189690188,2
0.6396600566572238,0.5880782918149464,0.5156346272335206,0.7212942497916592,0.376170193461232,0.3298308748706203,0.4241774903134222,0.3719242916170041,2
0.0594900849858357,0.1798932384341637,0.6163739987677133,0.7952099713757745,0.0107018640428256,0.0366681415697506,0.1430528969859267,0.4901467499168449,5
0.3679886685552408,0.3480427046263346,0.8363370301910038,0.876952063480561,0.1280757714758098,0.3077625502034317,0.3052167680014195,0.733427484391205,3
0.238243626062323,0.2540925266903915,0.4253696857671016,0.4621544258849958,0.0605359249140564,0.1013416163541452,0.1174299857942658,0.1965864829145759,4
0.3305949008498584,0.294661921708185,1.0,0.5043298670241674,0.0974137287913461,0.3305949008498584,0.1486068077921745,0.5043298670241674,3
0.4538243626062323,0.3266903914590746,0.361290819470117,0.6892641037718756,0.148260058673495,0.1639625758615092,0.2251759598799222,0.2490247928830767,3
0.8447592067988668,0.7185053380782916,0.428758471965498,0.2815681727598825,0.6069639994757693,0.3621976666858683,0.2023082351609262,0.1207247395066445,2
0.604815864022663,0.793238434163701,0.2466882316697471,0.5437515852023624,0.479763188934703,0.1492009559815609,0.4313246560199522,0.1341371170211926,2
0.5634560906515581,0.6998220640569394,0.339417744916819,0.6841914562121816,0.3943190043652273,0.1912469956485985,0.4788122770965319,0.2322267211588931,2
0.3430594900849859,0.281138790035587,0.1253080714725811,0.76419435486793,0.0964473299527183,0.0429881231029166,0.2148446762795958,0.0957597208387335,3
0.294900849858357,0.2818505338078292,0.6129852125693169,0.7254973006268342,0.0831179619529604,0.1807698601372972,0.2044818014578123,0.4447191170432055,4
0.5611898016997168,0.5912811387900355,0.4934534812076414,0.5201275408529293,0.3318209450263627,0.2769210612669512,0.3075416046715807,0.2566587457058477,2
0.2121813031161473,0.2281138790035587,0.6246919285274224,0.5847675640421754,0.0484015001058542,0.1325479474410876,0.1333935973491225,0.3652995773217896,5
0.8708215297450425,0.8110320284697509,0.3030653111521886,0.1737381789195259,0.7062641517042533,0.2639157978702061,0.1409072276717436,0.0526540152532607,1
0.3260623229461757,0.237900355871886,0.2605514479359208,0.8307185042936338,0.077570342665309,0.0849560103609758,0.1976282278008163,0.2164449091208687,4
0.5104815864022663,0.6064056939501777,0.4949938385705508,0.870719953621508,0.3095589406510539,0.2526852399728421,0.5280095377121171,0.4310010121630822,2
0.5764872521246459,0.6987544483985765,0.7362138016019735,0.5407079966665458,0.402823031867168,0.4244178714617609,0.3778221179554315,0.3980766897824648,3
0.396600566572238,0.5912811387900355,0.5390480591497244,0.8531830863437082,0.2345024346476062,0.2137867656684459,0.504471066889705,0.4599066867929476,3
0.641643059490085,0.7695729537366548,0.4346118299445471,0.65940794956339,0.4937911445364089,0.2788656642562038,0.5074625234629291,0.2865864956397265,2
0.7730878186968839,0.8548042704626334,0.4447781885397432,0.378963005906011,0.6608387688647385,0.3438525995821415,0.3239391957958143,0.1685544792904516,2
0.6390934844192635,0.7946619217081848,0.4330714725816413,0.5914344722634877,0.5078632564797918,0.2767731564147827,0.4699904542933693,0.2561333978386945,2
0.1606232294617564,0.2338078291814946,0.5267252002464602,0.6694083118953584,0.0375549685965743,0.0846043027024767,0.1565129042403026,0.3525942271297275,5
0.191784702549575,0.2733096085409252,0.7741065927295132,0.8172397550635893,0.0524166019779621,0.1484618026282947,0.2233594775405111,0.632630682235377,5
0.506515580736544,0.5567615658362989,0.7365218730745582,0.5852023624044349,0.2820084078513605,0.373059804265527,0.3258181836233944,0.4310143400857708,3
0.4626062322946176,0.3238434163701068,0.4903727664818262,0.2309866299503604,0.1498119827003922,0.2268494979220459,0.0748034993789423,0.113269552749072,3
0.4645892351274789,0.2523131672597865,0.3973351817621697,0.5762165295844053,0.1172219813898158,0.1845976481841242,0.1453870176068837,0.2289510995167863,3
0.7155807365439094,0.93576512455516,0.4752772643253244,0.6591180839885502,0.6696154970612845,0.3400992548684899,0.6167797159601042,0.3132638398254275,1
0.3912181303116148,0.2298932384341637,0.5418207024029584,0.6644805971230843,0.0899384029114957,0.2119700821582112,0.1527595963492926,0.3600293438663667,4
0.6742209631728046,0.3927046263345195,0.3606746765249546,0.3383818254284574,0.264769691409676,0.2431744277986946,0.132884108313275,0.1220457554283325,2
0.3852691218130312,0.3039145907473308,0.4832871226124489,0.8055001992825825,0.1170889074833909,0.1861956053124449,0.2448032634118594,0.3892878735750334,4
0.5152974504249292,0.6752669039145908,0.6206869993838566,0.4628790898220949,0.3479633139435243,0.3198384282944009,0.3125669298709698,0.2873030333392067,2
0.6815864022662891,0.5686832740213522,0.4666512630930377,0.1879415920866697,0.3876067867692276,0.3180631555246031,0.1068792399126327,0.0877031813349608,2
0.3575070821529745,0.241103202846975,0.5042359827479999,0.5666509656146963,0.0861961025475587,0.180267934908775,0.1366213627060344,0.2857258065218294,4
0.2076487252124646,0.241103202846975,0.668746149106596,0.8510090945324105,0.0500647727158166,0.1388642853527294,0.2051810183436682,0.5691090548232406,4
0.6637393767705383,0.7637010676156583,0.1031269254467055,0.6812928004637848,0.5068984706582117,0.068449401224258,0.5203040390730541,0.0702596318408059,2
0.7152974504249292,0.3275800711743772,0.4346118299445471,0.1659118083988549,0.2343171897210488,0.3108767338838474,0.0543494020039665,0.0721072346576354,2
0.4603399433427762,0.4754448398576512,0.2100277264325321,0.9989854704880612,0.2188662506426864,0.0966841516863639,0.4749624870363165,0.2098146471057408,3
0.6045325779036828,0.5948398576512456,0.4373844731977847,0.7439037646291531,0.3596000725857672,0.264413163117301,0.4425036094582311,0.3253719562021709,2
0.6677053824362607,0.8774021352313167,0.6068237831176866,0.7272364940758724,0.585846128255018,0.4051795061780134,0.6380788527203073,0.441304400556364,2
0.8169971671388102,0.708540925266904,0.4805144793592113,0.1617087575636797,0.5788759287449721,0.3925789684056559,0.114577272707931,0.0777033994485364,2
0.1892351274787536,0.3261565836298932,0.6166820702402944,0.789412659878981,0.0617202826812375,0.1166979101757837,0.2574721362203153,0.4868166333680674,5
0.7946175637393769,0.7825622775800712,0.3911737523105394,0.4363563897242654,0.6218377304850142,0.3108335340597912,0.3414760501792383,0.1706911663131209,2
0.7736543909348443,0.7330960854092526,0.3076863832409131,0.2699735497662957,0.567163005454014,0.2380429214251937,0.1979165524977114,0.0830671850983021,1
0.2419263456090651,0.2316725978647686,0.7349815157116453,0.6288271314178049,0.0560477049791819,0.17781139218633,0.1456820151434131,0.4621763181700642,4
0.8070821529745044,0.8637010676156583,0.3021410967344451,0.3473676582484872,0.6970777171776235,0.2438526868545139,0.3000218172843695,0.1049540452332738,2
0.5524079320113314,0.3845195729537366,0.5288817005545319,0.4551976520888438,0.2124116621132539,0.2921584464819652,0.1750324067907457,0.2407457083251778,3
0.3784702549575071,0.5149466192170817,0.6305452865064716,0.5934635312873655,0.1948919782645952,0.2386426353463586,0.3056020390650596,0.3742056323667342,3
0.284985835694051,0.2702846975088967,0.6823012939001849,0.9123156636110004,0.0770273103948867,0.1944462044372765,0.2465849631717276,0.6224741577271914,4
0.631444759206799,0.7695729537366548,0.4330714725816413,0.6334649806152397,0.485942808464307,0.2734607117236483,0.4874975162208028,0.2743356119839427,2
0.6263456090651559,0.8507117437722419,0.458949476278498,0.88651762745027,0.5328395652919057,0.2874609892497902,0.7541709567330499,0.406866800829958,1
0.3169971671388102,0.4169039145907472,0.623151571164513,0.7836153483821877,0.1321573598943473,0.1975372827572493,0.3266923062739262,0.4883111355329875,3
0.6325779036827196,0.2800711743772242,0.1598120764017281,0.1061994999818832,0.1771668363695018,0.1010935882733877,0.0297434186782,0.01697196260493,3
0.8039660056657225,0.7327402135231317,0.2303604436229207,0.4386753143229827,0.5890982226568409,0.1852019657229034,0.3214350434843492,0.1010534400138664,1
0.5742209631728045,0.793238434163701,0.3542051756007396,0.6043334903438531,0.4554941376911676,0.203392037094249,0.4793805515930421,0.2140580500686523,2
0.7096317280453258,0.8402135231316724,0.3791589648798528,0.8294141092068552,0.59624217434698,0.2690632314515669,0.6968849508318095,0.3144797951036164,1
0.3325779036827196,0.2622775800711744,0.5439772027110337,0.72926555309975,0.0872277277630478,0.1809147977288254,0.191270004496269,0.3967038356087168,4
0.3220963172804533,0.3281138790035586,0.8092267406038225,0.4354867929997463,0.1056842720756504,0.2606489529933559,0.1428892609059665,0.3524075580751962,4
0.1526912181303116,0.2667259786476869,0.4595656192236639,0.933765716149136,0.0407267145867147,0.0701716342100721,0.2490595744675365,0.4291266195519056,5
0.2708215297450425,0.2871886120996441,0.5131700554528678,0.835646219065908,0.0777768592541812,0.1389774994370939,0.2399880778598532,0.4288286165770312,4
0.3433427762039661,0.2540925266903915,0.4586414048059133,0.7460777564404508,0.0872408335265593,0.1574712132081493,0.1895727822414526,0.3421821503082924,4
0.2410764872521247,0.2667259786476869,0.4537122612446111,0.7665132794666474,0.0643013619912695,0.1093793581640691,0.2044490046121894,0.3477764733008351,5
0.4110481586402267,0.4540925266903914,0.5070086260012339,0.9569549621363092,0.1866538969483734,0.2084049621325185,0.4345460966853844,0.4851844204977928,3
0.0665722379603399,0.1798932384341637,0.6410197165742488,0.8308634370810535,0.0119758954764953,0.0426741171090505,0.1494667143930507,0.5325998449496031,5
0.7492917847025496,0.8375444839857652,0.3009088108441169,0.5962172542483422,0.62756520117347,0.2254684999101102,0.4993584725528375,0.1794070249806131,1
0.7702549575070822,0.7886120996441283,0.4888324091189169,0.5062139932606253,0.6074323793009588,0.3765255865139759,0.3992064800945003,0.2474538058552986,2
0.8447592067988668,0.7640569395017792,0.5510628465804075,0.1573607739410847,0.6454441341626929,0.4655154131735907,0.1202325913350565,0.0867156760280701,1
0.7473087818696885,0.7601423487544482,0.5082409118915585,0.185042936338273,0.5680610526952506,0.3798128967620203,0.1406589722485946,0.0940463907036554,2
0.3433427762039661,0.2640569395017794,0.5082409118915585,0.8507192289575709,0.0906620426844636,0.174500845669283,0.2246383159738497,0.4323703166890794,4
0.824645892351275,0.9754448398576512,0.4065773259396188,0.5986811116344795,0.8043965804038592,0.3352823217592721,0.5839804010640954,0.243410165458905,1
0.5121813031161474,0.7850533807829182,0.4358441158348718,0.8053552664951629,0.4020896635851321,0.2232312072038097,0.6322468746933556,0.3510093540585418,2
0.6813031161473088,0.904626334519573,0.2716420209488603,0.5534620819594911,0.6163247406571029,0.185070555349011,0.5006763744985859,0.1503435584620399,2
0.254957507082153,0.34288256227758,0.7300523721503431,0.8279647813326572,0.0874204833002328,0.1861323328428636,0.2838946856989377,0.6044576526688465,4
0.4660056657223797,0.793238434163701,0.2214263709180528,0.959853617884706,0.3696536045890335,0.1031859433881577,0.7613927808772276,0.2125369032207738,2
0.4759206798866855,0.6713523131672597,0.6918515095502187,0.7524547990869235,0.3195104493260612,0.3292664408057698,0.5051622699208118,0.5205869886165945,2
0.66657223796034,0.7161921708185052,0.5452094886013583,0.3818616616544077,0.4773938181121651,0.3634215089742199,0.2734863324126318,0.2081946012670645,2
0.551558073654391,0.8071174377224198,0.4121226124460868,0.7979636943367512,0.4451721391630458,0.2273095542301788,0.6440504123685948,0.3288588823471925,2
0.3135977337110482,0.3281138790035586,0.8095348120764072,0.4060654371535199,0.102895768854657,0.2538682824273606,0.1332357057137171,0.3287241073567988,4
0.9028328611898018,0.7612099644128113,0.179836722119532,0.3607014746911119,0.6872453701370056,0.1623625023781723,0.2745695567132699,0.0648673708721309,1
0.1940509915014164,0.3437722419928825,0.8033733826247698,0.931736657125258,0.0667093444093837,0.1558954014441833,0.3203051995669035,0.7485324299502139,4
0.1827195467422096,0.2775800711743772,0.8723813924830601,0.8414435305627015,0.0507193047896524,0.1594011326208424,0.2335679551028139,0.7340596788881519,5
0.2045325779036827,0.2731316725978647,0.8954867529266828,0.7359324613210623,0.0558643251035859,0.1831562140546926,0.2010064640796851,0.6590177701617396,5
0.3694050991501417,0.249644128113879,0.5242606284658038,0.6537555708540164,0.0922198138981581,0.1936645494389258,0.1632062394854421,0.3427383064389469,4
0.0396600566572238,0.2327402135231315,0.6157578558225509,0.7997028877857895,0.0092304900547417,0.024420991449053,0.1861230208583295,0.4924233354780797,5
0.3937677053824363,0.2480427046263345,0.6866142945163318,0.4509946012536685,0.0976712066375651,0.2703665352344763,0.1118659206668352,0.309659339970462,3
0.7000000000000001,0.3275800711743772,0.4490911891558866,0.2292474365013224,0.229306049822064,0.3143638324091206,0.0750968915656467,0.1029530038693174,2
0.3504249291784703,0.2727758007117437,0.5489063462723358,0.6336099134026594,0.0955874406460133,0.1923504675180961,0.172833451467309,0.3477925025277849,4
0.3422096317280454,0.3508896797153024,0.8542051756007432,0.7410051088807565,0.1200778280725454,0.2923172385625207,0.2600110453225714,0.6329703991525345,4
0.2354107648725212,0.2921708185053381,0.5088570548367208,0.6131743903764628,0.0687801558577722,0.1197904284898909,0.1791516635228028,0.3120181143882686,4
0.5470254957507082,0.6859430604982205,0.3825477510782527,0.9417370194572268,0.3752283427257971,0.2092633731818997,0.6459779733109624,0.3602593789004988,2
0.7045325779036827,0.6827402135231316,0.3939463955637734,0.5853472951918546,0.4810127226719627,0.2775480696224092,0.3996401373044743,0.2305954570938352,2
0.5053824362606232,0.6537366548042703,0.6946241528034527,0.6762201529040905,0.3303870232778522,0.3510508466292803,0.4420699006707523,0.4697188508196251,2
0.6135977337110482,0.7891459074733095,0.3927141096734452,0.8357911518533281,0.4842181403929712,0.240968487691978,0.6595611669874571,0.328226978073023,2
0.4220963172804533,0.2702846975088967,0.2322088724584112,0.7315844776984672,0.1140861754357666,0.0980145099045418,0.1977360892569344,0.1698804066744367,3
0.0963172804532578,0.1855871886120996,0.4783579790511432,0.9157940505090764,0.0178752532940832,0.0460741396253225,0.1699596431816666,0.4380773912285823,5
0.7456090651558074,0.7608540925266903,0.4832871226124489,0.1963476937570201,0.5672997086487958,0.3603432596929081,0.149391946353206,0.0948923119474205,2
0.2926345609065156,0.3494661921708185,0.8314078866296981,0.8411536649878619,0.1022658856975794,0.2432986818380957,0.2939547683338364,0.6993417909383833,4
0.6201133144475921,0.7806049822064057,0.4564849044978452,0.6089713395412877,0.4840635427903179,0.2830723671234513,0.4753660616668379,0.2779862237724295,2
0.784985835694051,0.8891459074733096,0.1758317929759698,0.5721584115366498,0.6979669432318812,0.138025466950825,0.5087323100442418,0.1006036393667719,1
0.3308781869688386,0.2921708185053381,0.4235212569316076,0.466357476720171,0.0966729507122478,0.1401339456362939,0.1362560456894165,0.1975123047199797,4
0.7487252124645892,0.7185053380782916,0.5079328404189773,0.4885321931954056,0.5379630619096104,0.3803021238604411,0.3510129886339941,0.2481415445258549,2
0.4155807365439094,0.7637010676156583,0.2266635859519397,0.9960868147396644,0.3173794521790852,0.0941970199975908,0.7607125638545621,0.2257766093483377,2
0.3456090651558074,0.3092526690391459,0.993453481207645,0.5383890720678285,0.1068805258435575,0.3433465289159567,0.166498257518485,0.5348644978899378,4
0.6444759206798867,0.736476868327402,0.665049291435615,0.6711475053443965,0.474641607774742,0.4286082543954742,0.4942846129217894,0.4463461728780715,2
0.7685552407932013,0.8234875444839856,0.2981361675908829,0.5518678212978729,0.6328956680410917,0.2291341140719732,0.4544562770403124,0.164531757258478,2
0.5070821529745043,0.3215302491103202,0.3902495378927924,0.5007065473386716,0.1630422509652898,0.1978885758719825,0.1609923008969714,0.1954004987188121,3
0.2620396600566573,0.2871886120996441,0.4983826247689507,0.8498496322330518,0.0752548062867339,0.1305960135726004,0.244067136374403,0.4235502903712357,4
0.6,0.6300711743772242,0.6487215033887885,0.6856407840863799,0.3780427046263345,0.3892329020332731,0.4320024940302261,0.4447899202371841,2
0.511614730878187,0.4053380782918149,0.6169901417128827,0.7304250153991088,0.2073769318399483,0.3156612453069309,0.296069072078144,0.4506650337617306,3
0.6220963172804533,0.6023131672597865,0.4638786198398037,0.7089749628609732,0.3746968032018388,0.2885771810674813,0.4270249553886822,0.3288783272729243,2
0.543342776203966,0.4405693950177934,0.3668361059765885,0.9392731620710896,0.2393801981994696,0.1993177482331718,0.4138150087701097,0.3445593092224756,2
0.2410764872521247,0.2784697508896796,0.7432994454713509,0.9295626653139606,0.0671325093504581,0.1791920192906854,0.2588550838463252,0.6909434136587378,4
0.7056657223796035,0.5612099644128113,0.3144639556377093,0.3967897387586506,0.3960266349439981,0.2219064344174317,0.222682355168111,0.1247760708064985,2
0.3609065155807366,0.3466192170818506,0.82925138632163,0.8179644190006883,0.1250971338703336,0.2992822283778348,0.2835221865148294,0.6782981284180873,4
0.0872521246458923,0.3649466192170818,0.3286352433764641,0.9882604442189932,0.0318423679090258,0.0286741232181163,0.360662308023693,0.3247772116052413,5
0.5008498583569405,0.3784697508896797,0.498998767714113,0.8239066632849017,0.1895565211254826,0.2499234621299013,0.311823749609784,0.4111284096906126,3
0.6410764872521247,0.6023131672597865,0.6299291435613092,0.4389651798978223,0.3861288094926053,0.4038327625720235,0.2643945078210193,0.2765169598262712,2
0.175070821529745,0.190747330960854,0.7137245841035167,0.7541939925359615,0.0333942919359228,0.1249523492849782,0.1438604911029449,0.5382867936560999,5
0.721529745042493,0.4638790035587188,0.4481669747381431,0.2930178629660495,0.3347024991682881,0.3233658030192778,0.1359248342975962,0.1313209291897301,3
0.6917847025495751,0.5998220640569395,0.3477356746765281,0.6923076923076923,0.4149477281663021,0.2405582202719778,0.4152614289624965,0.2407400824683656,2
0.21671388101983,0.285409252669039,0.9201324707332112,0.8176745534258487,0.0618521468248767,0.1994054787849593,0.2333718832197616,0.7523689070994013,5
0.3739376770538244,0.2519572953736655,0.6351663585951961,0.5918692706257473,0.0942163257487927,0.237512632675824,0.1491257806416474,0.3759354493877506,4
0.6529745042492918,0.6781138790035587,0.4493992606284678,0.588680749302511,0.442791073966913,0.293446259418872,0.3991925864042472,0.2645526934827608,2
0.5286118980169972,0.583629893238434,0.6179143561306262,0.5425921229030036,0.308513705604226,0.326636880606161,0.3166729827618952,0.3352754622651591,3
0.7161473087818697,0.4259786476868327,0.2161891558841659,0.4324432044639298,0.3050634621394654,0.1548232821742695,0.1842115714389053,0.0934895313409007,2
0.2739376770538244,0.1925266903914591,0.6197627849661131,0.4414290372839594,0.0527403143366971,0.1697763776380259,0.0849868715909687,0.2735812895120169,4
0.1708215297450425,0.2617437722419928,0.6089802834257547,0.2386680676836117,0.0447114715756152,0.1040269435993569,0.0624698803492157,0.145344147502643,5
0.4011331444759207,0.4868327402135231,0.856669747381396,0.5044747998115873,0.1952847479156795,0.343638629544492,0.2455948491609435,0.4321682993148728,3
0.7858356940509916,0.7532028469750888,0.2454559457794225,0.2538860103626942,0.5918936820138517,0.192888043510515,0.1912276658123281,0.0623178307937393,1
0.278186968838527,0.2702846975088967,0.8002926678989546,0.8110076452045365,0.0751896807234381,0.2226309914665081,0.2192029560615107,0.6490434720671873,4
0.5991501416430596,0.3496441281138789,0.4712723351817658,0.2847566940831189,0.2094893288840946,0.2823628863766104,0.0995635060272826,0.1341979521791911,3
0.3342776203966006,0.2731316725978647,0.7839648798521281,0.604478423131273,0.0913018055709576,0.2620619145114762,0.1651022027591643,0.4738898543633123,4
0.5767705382436261,0.8026690391459074,0.4361521873074565,0.7450632269285118,0.4629558537396792,0.2515597318294565,0.5980391844616577,0.3249609561072222,2
0.3864022662889519,0.6389679715302491,0.7072550831792981,0.6963658103554475,0.2468986722853427,0.273284966984862,0.4449554492858384,0.4925082591261613,3
0.6592067988668555,0.6345195729537366,0.4034966112138036,0.6094061379035471,0.4182796165051969,0.2659877094318756,0.3866801223779446,0.2458933114969731,2
0.6563739376770539,0.8295373665480427,0.2981361675908829,0.8615891880140585,0.5444867077313924,0.1956888102855738,0.7147204260714485,0.256870898552252,1
0.5314447592067989,0.3476868327402135,0.3535890326555773,0.4569368455378817,0.1847763451049973,0.1879130383178082,0.1588709245873702,0.1615678571984305,3
0.2980169971671388,0.241103202846975,0.6262322858903282,0.7054965759628973,0.071852852519835,0.1866278653701488,0.1700974840622287,0.4418047334530447,4
0.1835694050991501,0.190747330960854,0.7229667282809622,0.7299902170368491,0.0350153740687346,0.1327145722170151,0.1392436855273135,0.5277586388882403,5
0.6702549575070822,0.6149466192170819,0.4056531115218753,0.6669444545092214,0.4121710201324691,0.2718910090257102,0.4101352375060266,0.2705480931839254,2
0.7475920679886686,0.736476868327402,0.6604282193468904,0.4205587158955034,0.5505842650187008,0.4937308982596158,0.3097317660305139,0.2777488438696821,1
0.7716713881019831,0.7999999999999997,0.4441620455945809,0.5991159099967389,0.6173371104815862,0.3427471422661865,0.479292727997391,0.2661045481324103,2
0.7144475920679888,0.7074733096085409,0.5861829944547168,0.2020000724663936,0.5054526025021928,0.4187970288993756,0.1429096598089645,0.1184090073584203,2
0.7206798866855525,0.848220640569395,0.5310382008626,0.5414326606036449,0.6112955551298983,0.3827085504233582,0.4592543582024155,0.2875214259752103,2
0.8186968838526913,0.827224199288256,0.3437307455329659,0.5925939345628464,0.6772458742048328,0.2814112902522016,0.4902080430218277,0.2036927549256008,1
0.5419263456090653,0.4209964412811388,0.3696087492298225,0.813906300952933,0.2281490629379089,0.2003007187752551,0.3426516562374803,0.300826889885485,2
0.2053824362606233,0.3279359430604982,0.5895717806531131,0.7269466285010324,0.0673522829231901,0.1210876886610501,0.2383919281721357,0.4285872182051308,5
0.7079320113314448,0.595729537366548,0.1320856438693809,0.4908511177941229,0.4217360095974514,0.0935076555324597,0.2924145093193457,0.064834385937842,2
0.6787535410764873,0.7138790035587189,0.6518022181146073,0.2943222580528278,0.4845479015656347,0.4424130636267986,0.2101104803039048,0.1918399006393329,2
0.4237960339943343,0.4544483985765124,0.5030036968576717,0.7715859270263417,0.1925934289718024,0.2131709718127696,0.3506459889012947,0.3881105737376035,3
0.2810198300283287,0.2234875444839857,0.3421903881700565,0.6017247001702961,0.0628044317643382,0.0961622847208771,0.134477975696422,0.2059044087227844,4
0.5073654390934844,0.7220640569395017,0.4195163277880489,0.7385412514946195,0.366350347302733,0.2128480858550696,0.5332740922713818,0.3098301137470126,2
0.6405099150141644,0.7330960854092526,0.157963647566234,0.7759339106489365,0.469555311362697,0.1011772824779759,0.5688341124330282,0.1225693507964383,1
0.4779036827195468,0.6010676156583629,0.617606284658045,0.6656400594224428,0.2872524270865887,0.2951563179088164,0.4000946834037386,0.4111034840194552,3
0.351558073654391,0.3508896797153024,0.8116913123844753,0.7717308598137613,0.1233580998659179,0.2853566341838907,0.2707923942264656,0.6264072344098315,4
0.623229461756374,0.5718861209964413,0.5735520640788678,0.5724482771114894,0.3564162793745526,0.3574545441851301,0.3273752246683856,0.3283288909156864,2
0.1728045325779037,0.2348754448398576,0.6028188539741244,0.547519837675278,0.0405875414595787,0.1041698302901461,0.1285989654326275,0.3300552810755097,5
0.5526912181303116,0.3496441281138789,0.4718884781269281,0.4170803289974273,0.1932452390793704,0.2608086177976308,0.1458296879857552,0.1968154017072744,3
0.64985835694051,0.4889679715302492,0.2636321626617395,0.557230334432407,0.3177599225751817,0.1713235640640313,0.2724677863025364,0.1469038381671398,2
0.708215297450425,0.5553380782918148,0.5165588416512641,0.4411391717091198,0.393298922302985,0.365834873690697,0.2449813798761855,0.227874339545061,2
0.684985835694051,0.4352313167259786,0.5864910659272979,0.3970796043334903,0.2981272872077666,0.401738072921305,0.1728214790390956,0.2328836404035384,3
0.2487252124645892,0.2829181494661921,0.3446549599507094,0.9726077031776512,0.070368876836067,0.0857243781407146,0.2751683715395845,0.3352140689864448,4
0.1280453257790368,0.2973309608540925,0.2260474430067773,0.6657849922098626,0.0380718397467563,0.028944318481321,0.1979584914559929,0.1504989950813265,5
0.5793201133144477,0.347508896797153,0.3880930375847207,0.6923076923076923,0.2013188934703053,0.2248301025101285,0.240583082398029,0.2686797952509605,2
0.3991501416430595,0.2603202846975089,0.3116913123844718,0.6859306496612194,0.1039068785095722,0.124411631487173,0.1785616620025558,0.2137986243976388,4
0.6042492917847027,0.5839857651245551,0.3689926062846602,0.7341932678720242,0.3528729849888601,0.2229635210212975,0.4287584172875415,0.2709118874287499,2
0.5005665722379604,0.5948398576512456,0.6373228589032678,0.8341968911917099,0.2977569485750003,0.319022518890106,0.4962135600095883,0.5316527475825188,3
0.3223796033994334,0.3473309608540925,0.637630930375849,0.9244900177542664,0.1119724174084864,0.2055592064497779,0.3211040061666064,0.589483430143838,4
0.724929178470255,0.7914590747330962,0.1869223659889094,0.656799159389833,0.5737517768390915,0.1355054772140564,0.5198296549761526,0.1227704528526744,1
0.7818696883852692,0.6033807829181496,0.4450862600123244,0.3073662089206129,0.4717651447178733,0.3479994554204009,0.1854588637811029,0.1368044763826423,2
0.6631728045325779,0.827224199288256,0.3964109673444227,0.5478097032501176,0.5485925922192089,0.2628889729612729,0.4531614431334156,0.2171577743860402,2
0.5807365439093485,0.7999999999999997,0.3791589648798528,0.8459364469727164,0.4645892351274786,0.2201914668565717,0.6767491575781729,0.3207443875883156,2
0.1651558073654391,0.301067615658363,0.3566697473813924,0.7573825138591979,0.0497230651356446,0.058906080091601,0.2280233475889257,0.270135429889244,5
0.3645892351274788,0.3314946619217082,0.8147720271102941,0.806224863219682,0.1208593852388777,0.2970571101674075,0.2672592384658839,0.6568894661122199,3
0.3770538243626062,0.4192170818505338,0.4586414048059133,0.6053480198557919,0.1580674039498754,0.1729324956931078,0.253772230387944,0.2776376662231383,3
0.5424929178470256,0.6389679715302491,0.7109519408502791,0.5240407261132648,0.34663559928624,0.3856863928408738,0.3348452397638316,0.3725677713148151,2
0.1172804532577903,0.2512455516014233,0.2540819470117057,0.4701257291930867,0.0294661921708184,0.0297988459101547,0.1181169981531384,0.1194504606136773,5
0.6606232294617564,0.5752669039145907,0.3240141712877395,0.6850610529367007,0.3800346798665228,0.2140512882274812,0.3940929509153653,0.2219694893487913,2
0.2767705382436261,0.2722419928825622,0.6188385705483697,0.9560853654117902,0.0753485629026241,0.1712762842565884,0.2602865852455585,0.5916625008536479,4
0.5212464589235128,0.6010676156583629,0.5880314232902037,0.5683901590637341,0.3133043662355206,0.3065092971257719,0.3416409176721163,0.3342312742183929,2
0.4201133144475921,0.3163701067615658,0.6813770794824414,0.7495561433385267,0.1329112941437399,0.2862555832499888,0.2371371570917972,0.5107303758561276,3
0.1997167138810198,0.2019572953736654,0.8850123228589091,0.7027428530019204,0.0403342473763269,0.1767517528655894,0.1419240459354411,0.6219360847077264,4
0.5073654390934844,0.3855871886120996,0.4678835489833659,0.8579658683285627,0.1956336132590001,0.2373879422745632,0.3308206470939493,0.4014281153801631,3
0.1830028328611898,0.2348754448398576,0.6025107825015432,0.5136055654190368,0.042982871775226,0.1102611800271946,0.1206333356500228,0.3094528911177714,5
0.8039660056657225,0.7601423487544482,0.432455329636479,0.2779448530743867,0.6111286078654743,0.3476793839966933,0.2112776534401743,0.1201987330570466,1
0.5169971671388102,0.5546263345195729,0.7229667282809622,0.6376680314504148,0.2867402437672012,0.3737717504568714,0.3536674829236553,0.4610127704270681,3
0.321529745042493,0.3211743772241991,0.601278496611215,0.7001340628283632,0.1032671156230782,0.1933289217149374,0.2248651216023478,0.4209755567237402,4
0.6288951841359774,0.7135231316725977,0.5316543438077623,0.1718540526830682,0.4487312612785176,0.334354856445675,0.1226218418610504,0.0913669536099212,2
0.2257790368271954,0.2610320284697509,0.6290049291435658,0.8833291061270336,0.0589355599689494,0.1420161270615925,0.2305771883787114,0.5556183618098841,5
0.4260623229461757,0.300355871886121,0.6320856438693774,0.5050545309612667,0.1279703204863246,0.269307877727916,0.1516960939969071,0.3192377183917986,4
0.3770538243626062,0.2455516014234874,0.2969038817005547,0.6641907315482445,0.0925861703950883,0.1119487440632969,0.163093097782309,0.1972008063862048,3
0.6413597733711048,0.731850533807829,0.5338108441158376,0.391137360049277,0.4693794925045113,0.3423648020051718,0.2862540857442484,0.2087933643331448,2
0.2076487252124646,0.3039145907473308,0.5412045594577961,0.8821696438276749,0.0631074773421511,0.1123804368505848,0.2681042262736064,0.4774342334547977,5
0.6858356940509915,0.7706405693950177,0.3024491682070263,0.6381028298126743,0.5285328097748833,0.2074304351924109,0.4917479280994113,0.192993670107393,2
0.5566572237960341,0.4670818505338078,0.4312230437461508,0.655784629877894,0.2600044862036636,0.240043422368608,0.3063050984749949,0.2827894441378883,3
0.3220963172804533,0.2647686832740213,0.6129852125693169,0.8050654009203231,0.085281017813757,0.1974402795159528,0.213156106151146,0.4934931859153466,4
0.1127478753541076,0.2370106761565835,0.6246919285274224,0.5695496213630926,0.0267224501728952,0.0704326876923269,0.1349893408639927,0.3557930513613735,5
0.3328611898016997,0.435409252669039,0.3110751694393094,0.8507192289575709,0.1449308418940852,0.1035448510173338,0.370411023711597,0.264637628293255,4
0.2872521246458924,0.2973309608540925,0.6656654343807773,0.7763687090111961,0.0854089502283427,0.1912138103292091,0.2308384542273502,0.5168018139235812,4
0.2079320113314448,0.3322064056939502,0.4786660505237243,0.7320192760607269,0.069076346113133,0.0995299946414769,0.2431814925988215,0.350392775779224,4
0.7691218130311616,0.7327402135231317,0.173367221195317,0.3647595927388672,0.5635664815057515,0.1333405114859166,0.2672740218680881,0.0632373569974729,1
0.5501416430594901,0.448932384341637,0.6317775723967962,0.5521576868727127,0.2469763995443226,0.3475671517265094,0.2478814669003299,0.3488408429926728,3
0.2526912181303117,0.2667259786476869,0.4731207640172528,0.8476756404217545,0.0673993124514835,0.1195534621822633,0.2260971147672971,0.4010529466351545,4
0.1215297450424929,0.2485765124555159,0.4155113986444867,0.93014239646364,0.0302094401822709,0.0504969943395141,0.2312115529999474,0.3864847680931417,5
0.6711048158640227,0.6859430604982205,0.3847042513863208,0.6385376281749338,0.4603396913088625,0.2581768757887235,0.4380004549135888,0.2456481402290347,2
0.7730878186968839,0.904626334519573,0.2885859519408491,0.4211384470451826,0.6993555996894943,0.2231022840925147,0.3809729296757488,0.1215346396394248,2
0.588385269121813,0.582918149466192,0.5535274183610603,0.7163665350193849,0.3429804522496546,0.3256873790186748,0.4175830549330078,0.3965285187295382,2
0.5019830028328612,0.7327402135231317,0.5177911275415923,0.7289756875249103,0.3678231326807336,0.2599223450435415,0.5341498009301745,0.3774571431939307,3
0.5172804532577904,0.4615658362989323,0.461722119531732,0.919707235769412,0.2387589850090227,0.2388398272705219,0.4245054394280879,0.4246491742481232,3
0.6558073654390936,0.9284697508896796,0.3492760320394339,0.7165114678068045,0.6088973012208523,0.2290577943828016,0.6652592240241825,0.2502602823863112,1
0.5458923512747875,0.6720640569395017,0.5119377695625396,0.968694517917316,0.3668746282499772,0.279462912732865,0.6510247676465661,0.4959113108900502,2
0.3039660056657224,0.3261565836298932,0.6268484288354905,0.7598463712453349,0.0991405139475567,0.1905406130709579,0.2478288965289499,0.476308503971487,4
0.1368271954674221,0.1749110320284697,0.7060227972889734,0.6499873183811009,0.0239325859687679,0.0966031192891145,0.1136899526634558,0.4589058647257834,5
0.4240793201133145,0.2106761565836299,0.4638786198398037,0.547519837675278,0.0893434012480719,0.1967213297167666,0.1153493750547205,0.2539827466357213,4
0.3458923512747875,0.2738434163701068,0.5895717806531131,0.5723033443240697,0.0947203431693768,0.2039283694553685,0.1567215030097408,0.3374139017868734,4
0.7830028328611899,0.7946619217081848,0.4118145409735056,0.503895068661908,0.6222225358644258,0.3224519521956854,0.4004262236021496,0.2075113163998167,2
0.7694050991501417,0.9530249110320284,0.4558687615526828,0.8310083698684734,0.7332622261651527,0.3507477496818942,0.7919716777607727,0.3788307564118547,1
0.1218130311614731,0.2370106761565835,0.6351663585951961,0.6966556759302873,0.0288709888802637,0.077371539432276,0.1651148328005591,0.4424922488753156,5
0.7569405099150143,0.4259786476868327,0.2131084411583508,0.4134570093119315,0.3224404947929793,0.1613104121175958,0.1761238577033387,0.0881111787404594,2
0.8470254957507083,0.7772241992882564,0.3659118915588415,0.2631617087575636,0.6583287127115827,0.3099367013487071,0.2045356483724267,0.096293998637337,2
0.8679886685552409,0.338256227758007,0.2506931608133094,0.1914199789847457,0.2936025727621908,0.2175988228702493,0.064749000008897,0.0479876795745031,1
0.8135977337110483,0.8514234875444838,0.1065157116451018,0.6233196854958514,0.692716219894549,0.0866609415990743,0.5307090204800086,0.0663933398829916,1
0.3742209631728045,0.286832740213523,0.5630776340110941,0.398963730569948,0.1073388243121993,0.2107154545406955,0.1144358600851878,0.2246475534655659,3
0.6543909348441926,0.5930604982206406,0.3483518176216904,0.7485416138265879,0.3880934138497676,0.2279582715881316,0.4439304624348785,0.2607558317419653,2
0.5779036827195468,0.7891459074733095,0.3936383240911922,0.9520272473640348,0.4560503261318843,0.2274850371518504,0.7512884060604081,0.3747544101415295,2
0.643059490084986,0.7074733096085409,0.5935767097966718,0.4525888619152867,0.4549474257256057,0.3817051363281714,0.3201945400311708,0.2686462075462961,2
0.4841359773371105,0.6176156583629894,0.5886475662353661,0.5828834378057175,0.2990099603802688,0.2849854647864704,0.3599979381892608,0.343112917063239,3
0.756373937677054,0.9026690391459076,0.3378773875539131,0.6817275988260445,0.6827553355579529,0.2555616500761893,0.6153743965915524,0.230340340114746,2
0.7385269121813032,0.8873665480427045,0.4441620455945809,0.4021522518931844,0.6553440766989606,0.328025624041097,0.3568564555500552,0.1786207668413439,2
0.6379603399433428,0.4234875444839856,0.20170979667283,0.4330229356136091,0.270168257840775,0.1286828504553011,0.1833798197082543,0.087344968297293,2
0.5254957507082153,0.5718861209964413,0.5375077017868151,0.7507156056378854,0.3005237264726342,0.2824580132619099,0.4293238356797444,0.4035154198819168,3
0.2645892351274788,0.2718861209964412,0.7312846580406678,0.9679698539802166,0.0719381407962255,0.1934900483314401,0.2631775688401727,0.7078615036615978,4
0.548158640226629,0.4501779359430604,0.5304220579174377,0.6030290952570745,0.2467689252265784,0.2907554340142328,0.2714703934164409,0.319859933690348,3
0.8118980169971671,0.8090747330960854,0.4312230437461508,0.228667705351643,0.6568861714032239,0.3501091341009825,0.1850092626750748,0.0986067839081834,2
0.8461756373937678,0.8683274021352311,0.4432378311768339,0.3591072140294937,0.7347574929682537,0.3750570543130886,0.3118226342462507,0.1591699027063879,1
0.5096317280453259,0.4233096085409252,0.7383703019100452,0.4451972897568752,0.2157320072989021,0.3762969328997653,0.1884562904504637,0.3287204572473178,3
0.8645892351274788,0.755693950177936,0.3449630314232905,0.3814268632921481,0.6533648543748047,0.2982513234855191,0.2882419730252229,0.1315781670275364,1
0.4776203966005667,0.588967971530249,0.6105206407886641,0.8194137468748868,0.2813031161473088,0.2915971105863139,0.482608452340903,0.5002690058130961,2
0.7821529745042494,0.7790035587188612,0.3206253850893432,0.635928838001377,0.609299950601353,0.2507780986492002,0.4953908278950228,0.20389492857361,2
0.7373937677053825,0.8177935943060496,0.3329482439926075,0.6969455415051269,0.603035899710665,0.2455139600885998,0.5699575994230538,0.2320467942026089,1
0.5886685552407932,0.7064056939501778,0.5375077017868151,0.4533135258523858,0.4158388192715211,0.3164138822416435,0.3202232558067565,0.2436595114697938,2
0.2427762039660057,0.2784697508896796,0.7359057301293923,0.914489655422298,0.0676058290403556,0.1786603996376456,0.2546577065366363,0.6729781775693225,4
0.1844192634560906,0.2540925266903915,0.4318391866913131,0.6818725316134642,0.046859556621939,0.0796394647410891,0.1732587144384389,0.294459279479105,4
0.808215297450425,0.8165480427046262,0.1240757855822565,0.5236059277510055,0.6599466192170818,0.1002799479507585,0.4275493954536234,0.0649668168212322,1
0.2994334277620397,0.3585409252669038,0.5926524953789283,0.7276712924381319,0.1073591382456423,0.1774599681630388,0.2608999384809315,0.4312562072790687,4
0.2668555240793201,0.3263345195729538,0.5880314232902037,0.8781115257799195,0.0870841692458137,0.1569194336372158,0.2865581028968634,0.5163571703118985,4
0.6339943342776205,0.3838078291814946,0.5079328404189773,0.2641762382695024,0.2433319891524603,0.3220265430191704,0.1013929085315509,0.1341837870754288,2
0.8033994334277622,0.8846975088967971,0.2543900184842869,0.3583825500923946,0.7107654774026394,0.204376796719954,0.3170601492988231,0.0911689435424501,2
0.7560906515580738,0.8177935943060496,0.173367221195317,0.5534620819594911,0.6183260915588801,0.1310813352323799,0.4526177453177616,0.0959521831862917,2
0.3674220963172805,0.2352313167259786,0.619454713493532,0.7425993695423747,0.0864291835109332,0.2276013494054139,0.1746826274973343,0.4600066797003492,3
0.2739376770538244,0.2818505338078292,0.491913123844732,0.8533280191311281,0.0772094805076971,0.1347535384583161,0.2405109577052859,0.4197632515550304,4
0.2203966005665723,0.1660142348754447,0.9469346888478184,0.639986956049132,0.0365889730122085,0.208701186380624,0.1062469448387615,0.6060258490930472,4
0.5271954674220964,0.6300711743772242,0.6388632162661736,0.810282981267437,0.3321706672849899,0.3368057919182293,0.5105359495850523,0.5176599914982585,2
0.5368271954674222,0.5948398576512456,0.6256161429451659,0.6896989021341353,0.3193262125351588,0.3358477594563993,0.4102603967676894,0.4314867669466731,2
0.3320113314447592,0.2731316725978647,0.82925138632163,0.4409942389217001,0.0906828102789511,0.2753208568750567,0.1204494940827063,0.3656950839856719,4
0.923229461756374,0.93576512455516,0.3979513247073356,0.3869343092141019,0.8639259322734467,0.3674003873147894,0.3620796320563988,0.1539810209264696,1
0.9005665722379604,0.8713523131672597,0.4743530499075774,0.0651835211420701,0.7847107658806569,0.4271865001858891,0.0567978119275297,0.030920002057456,1
0.7594900849858358,0.7891459074733095,0.3930221811460264,0.4486756766549511,0.5993484923331284,0.2984964497599141,0.3540705740150726,0.1763394930660981,2
0.5073654390934844,0.3455516014234875,0.3806993222427621,0.1161998623138518,0.1753209399856844,0.1931536787922909,0.0401530485077402,0.0442372088275856,3
0.2756373937677054,0.2741992882562277,0.7768792359827508,0.7585419761585563,0.0755795771879064,0.2141369678785316,0.2079916699751486,0.5892955108989052,4
0.4980169971671389,0.6181494661921708,0.4118145409735056,0.7557882531975797,0.3078489409534947,0.2050906410853889,0.4671901052683971,0.3112445925637289,3
0.2203966005665723,0.2096085409252669,0.5202556993222416,0.604188557556433,0.046197009869648,0.1146625875560068,0.1266430819931455,0.3143325405340184,4
0.2974504249291785,0.2718861209964412,0.7331330868761583,0.9194173701945724,0.0808726422227374,0.2180707482209536,0.2499768223589513,0.6740552947383064,4
0.6175637393767706,0.686476868327402,0.4925292667898944,0.8101380484800174,0.4239432217999253,0.3041682157512662,0.5561410304334352,0.3990166990164588,2
0.1643059490084986,0.2501779359430605,0.8631392483056111,0.6320156527410412,0.0411057231861119,0.1418189133193355,0.1581163714864597,0.5455175154242824,4
0.4730878186968839,0.588967971530249,0.6253080714725847,0.8252110583716801,0.2786335729335739,0.2958256315465202,0.4860228831334983,0.5160111354682458,2
0.1620396600566572,0.3254448398576511,0.6675138632162678,0.4882423276205658,0.052734971217727,0.10816371947867,0.1588959461242018,0.3259085222957066,4
0.2461756373937677,0.4868327402135231,0.9059611829944564,0.7808616254212111,0.1198463601262185,0.2230255716776721,0.3801490048313938,0.7074303219215744,4
0.656657223796034,0.5948398576512456,0.5994300677757245,0.5217218015145475,0.3906058895284949,0.3936200841654757,0.3103409221464648,0.3127357348419383,2
0.1229461756373937,0.2617437722419928,0.7174214417744942,0.5141852965687163,0.032180395794058,0.0882042225864391,0.1345847991552635,0.3688875568035742,5
0.8138810198300284,0.748932384341637,0.5378157732593962,0.0261966013261348,0.6095418527517062,0.4377180500210327,0.0196194830928294,0.0140889453989833,1
0.3294617563739377,0.249644128113879,0.4934534812076414,0.7699916663647235,0.0822481929168389,0.1625740506075033,0.1922238982045742,0.3799550682685455,4
0.8345609065155808,0.8613879003558716,0.1958564386937773,0.584332765679916,0.718880666982549,0.163454127023192,0.5033371741381624,0.1144453344981538,1
0.4056657223796034,0.2603202846975089,0.3119993838570565,0.7149172071451864,0.1056030163418789,0.126567455434364,0.1861074508991828,0.2230537281381057,4
0.8260623229461757,0.7532028469750888,0.2679451632778828,0.2857712235950577,0.6221924934219147,0.2213394039995202,0.2152436991953521,0.076571017166298,1
0.3841359773371105,0.3199288256227758,0.5522951324707357,0.7131780136961485,0.122896172108919,0.212156430490175,0.2281662043817927,0.3938847455495305,3
0.5507082152974505,0.7384341637010675,0.4953019100431319,0.4273705569042355,0.4066617604064803,0.2727668309132715,0.3155850197780386,0.2116774531308648,3
0.3705382436260624,0.2572953736654804,0.5026956253850905,0.7439037646291531,0.0953377758511185,0.1862679541086964,0.1914029970914155,0.3739571681865752,4
0.1371104815864022,0.2741992882562277,0.7664048059149735,0.835936084640748,0.0375955964634601,0.1050821320291351,0.2292130794361908,0.6406654327064153,5
0.8059490084985836,0.8402135231316724,0.3107670979667283,0.497807891590275,0.6771692558950732,0.2504624344802669,0.4182649224358146,0.1547023138144454,1
0.9036827195467424,0.7939501779359431,0.4983826247689507,0.1660567411862747,0.7174790559817731,0.450379765726049,0.1318407792123056,0.0827597945329939,1
0.1923512747875354,0.2741992882562277,0.4586414048059133,0.8447769846733577,0.0527425826419202,0.0882202588847634,0.2316372479326768,0.3874497029982923,5
0.7702549575070822,0.8891459074733096,0.1444085027726451,0.5836081017428167,0.6848690431784501,0.1112313651668051,0.5189127552328924,0.0842779721786657,1
0.2325779036827195,0.2861209964412811,0.6302372150338904,0.6737562955179537,0.066545421551924,0.1465792502954175,0.1927758226321831,0.424626291298786,4
0.763172804532578,0.6998220640569394,0.313847812692547,0.4233124388564802,0.5340851673001118,0.2395201154089863,0.2962433847015189,0.1328556830206538,2
1.0000000000000002,0.7754448398576511,0.2870455945779433,0.0,0.7754448398576513,0.2870455945779434,0.0,0.0,1
0.8002832861189803,0.7453736654804269,0.6382470733210113,0.3250480089858327,0.5965100863972256,0.5107784651931606,0.2422822259148848,0.2074609404240295,2
0.8178470254957507,0.7886120996441283,0.4912969808995697,0.3680930468495235,0.6449640599639089,0.4018057744637557,0.2902826305404072,0.1808430026072947,2
0.8008498583569406,0.8551601423487544,0.4392329020332717,0.4738939816660023,0.6848548788725011,0.3517596073790536,0.4052552448197165,0.2081498288232602,1
0.1464589235127479,0.2667259786476869,0.4623382624768943,0.9211565636436104,0.0390643997056244,0.0677135642211202,0.2456963859255822,0.4258859251041735,5
0.7750708215297452,0.8507117437722419,0.3991836105976603,0.4320084061016702,0.6593618501305536,0.3093955690071384,0.3675146244790186,0.172450675356205,1
0.569971671388102,0.6313167259786477,0.6434842883548981,0.7456429580781911,0.3598326494813142,0.3667678153456247,0.4707368710429577,0.479809528245786,2
0.3767705382436261,0.3258007117437722,0.4666512630930377,0.8781115257799195,0.1227521095238575,0.1758204475676318,0.2860893600895075,0.409771852641754,4
0.6762039660056658,0.7973309608540925,0.1376309303758489,0.7931809123518967,0.5391583579486456,0.0930665809651986,0.6324276989766635,0.1091662269233562,1
0.8110481586402267,0.5494661921708185,0.2550061614294527,0.3634551976520888,0.4456435433951993,0.20682227766927,0.1997063434785854,0.0926833148048422,1
0.5254957507082153,0.7101423487544484,0.4564849044978452,0.5744773361353672,0.3731767866684141,0.2398808775760631,0.4079606847893684,0.2622402319219296,2
0.6985835694050991,0.3927046263345195,0.3751540357362941,0.3446139352875103,0.2743369995866643,0.2620764453613884,0.13533148668675,0.1292833085940755,2
0.3424929178470255,0.2523131672597865,0.3110751694393094,0.7270915612884523,0.0864154728660288,0.1065410424510269,0.1834547747165525,0.2261801306256973,4
0.56657223796034,0.6211743772241992,0.5858749229821321,0.8727490126453856,0.3519401570675349,0.3319404662788284,0.5421293244030322,0.5113217605663471,2
0.2059490084985836,0.3048042704626335,0.4238293284041887,0.7853545418312258,0.0627741372879134,0.0872872299574632,0.2393794181773825,0.3328562880235077,5
0.8640226628895186,0.93576512455516,0.4078096118299434,0.4494003405920503,0.8085222747572914,0.3523567467652486,0.4205331656892513,0.1832697784530884,1
0.7407932011331445,0.8551601423487544,0.4373844731977847,0.5908547411138085,0.6334968193320093,0.324011444026121,0.505275424518321,0.2584306896784766,2
0.2101983002832861,0.3039145907473308,0.5368915588416527,0.913620058697779,0.0638823304063794,0.1128536931049592,0.2776624662376878,0.4905148975032528,5
0.6756373937677055,0.6355871886120995,0.4956099815157131,0.5804195804195802,0.429426471626022,0.3348526362365371,0.3689072493342953,0.2876617375231061,2
0.4926345609065156,0.6389679715302491,0.7118761552680226,0.4980977571651146,0.3147777060881312,0.3506947971702808,0.3182685135195598,0.354583916318327,3
0.651558073654391,0.6140569395017793,0.666897720271102,0.4350519946374868,0.4000937566158902,0.4345225939443441,0.2671466963512396,0.2901351834231356,2
0.631444759206799,0.6215302491103202,0.3477356746765281,0.4441827602449364,0.3924620184892079,0.219575869363734,0.276073021625545,0.1544581918134555,2
0.7512747875354108,0.7612099644128113,0.2377541589648792,0.5804195804195802,0.5718778542840725,0.1786187052619999,0.4418211681556875,0.1379971691894053,1
0.5019830028328612,0.4441281138790035,0.3942544670363546,0.9173883111706944,0.2229447642474771,0.1979090412431785,0.4074379403348849,0.3616844396859835,2
0.7807365439093485,0.8793594306049822,0.386860751694396,0.3549041631943185,0.6865480427046264,0.3020363262520554,0.3120883228658936,0.1372984913528246,1
0.6410764872521247,0.7914590747330962,0.2596272335181773,0.7131780136961485,0.5073858034337102,0.1664409148588202,0.5644512108399411,0.1851604347019197,1
0.8368271954674222,0.7466192170818503,0.5184072704867546,0.1072140294938222,0.6247912655126873,0.4338173022713522,0.0800480547608679,0.0555805323877787,2
0.7696883852691219,0.6637010676156582,0.3754621072088753,0.3109895286061088,0.5108430030344882,0.2889888230273411,0.2064040821531646,0.1167647837303444,2
0.5450424929178471,0.6713523131672597,0.6031269254467055,0.8705750208340883,0.3659155383948465,0.3287298029913489,0.5844625540226005,0.5250672356863653,2
0.6577903682719548,0.6211743772241992,0.6465650030807168,0.5924490017754267,0.4086025223554081,0.4253042314882223,0.3680141397149492,0.3830567906580964,2
0.3674220963172805,0.5149466192170817,0.617606284658045,0.5415775933910648,0.1892027663242365,0.2269221958077859,0.2788835507604522,0.3344817253083009,3
0.6637393767705383,0.748932384341637,0.512861983980283,0.2862060219573171,0.4970959140261914,0.3404066936163749,0.2143489584374284,0.1467841882481341,2
0.4218130311614731,0.4540925266903914,0.5606130622304413,0.9578245588608284,0.1915421451110461,0.236473895088138,0.4349409740592231,0.5369689590224905,3
0.4144475920679887,0.4946619217081849,0.5516789895255734,0.6395521576868728,0.2050114423396812,0.228642028803375,0.3163620993540046,0.3528274881015941,3
0.6620396600566573,0.8295373665480427,0.3018330252618639,0.8507192289575709,0.5491866361537608,0.1998254334382368,0.7057033888612447,0.2567751585247039,1
0.6147308781869689,0.4202846975088967,0.5458256315465206,0.1506938657197724,0.2583619811881886,0.3355358698175495,0.0633343257704808,0.0822525744266813,3
0.5311614730878187,0.6955516014234876,0.4721965495995093,0.317801369614841,0.369450213220691,0.2508126148722606,0.2210472515701803,0.1500647101901262,3
0.7031161473087819,0.3275800711743772,0.4441620455945809,0.2628718431827238,0.2303268375792646,0.3122975062792492,0.0861115770995363,0.1167576955972564,2
0.724929178470255,0.7788256227758005,0.1382470733210112,0.7436138990543135,0.5645934188904457,0.1002193372885177,0.579145558035717,0.1028024452250847,1
0.7110481586402266,0.711387900355872,0.5322704867529318,0.2831624334215007,0.5058310566269798,0.3784699495042092,0.2014383289713807,0.1507190062674068,2
0.6215297450424929,0.7569395017793595,0.2876617375231056,0.5653465705279177,0.470460415553517,0.1787903263812163,0.4279331514280716,0.1626285767807897,2
0.7359773371104816,0.7806049822064057,0.4912969808995697,0.2108409724990034,0.5745075761394454,0.3615834437328845,0.1645835135859658,0.1035855332386895,2
0.7252124645892352,0.6709964412811388,0.4493992606284678,0.3498315156346243,0.4866149829121006,0.3259099453849511,0.2347357020388199,0.1572140244707364,2
0.1747875354107649,0.3231316725978648,0.7867375231053657,0.9640566687198812,0.0564793886665389,0.1375119126787565,0.3115172438425808,0.7584595556818894,5
0.2881019830028329,0.3419928825622775,0.6018946395563809,0.6904235660712343,0.0985288276390471,0.1734070392149687,0.2361199455496284,0.4155622434416767,4
0.7164305949008499,0.8514234875444838,0.1866142945163282,0.8481104387840139,0.609985835694051,0.1336961900373354,0.7221011476123675,0.1582695312056123,1
0.315014164305949,0.3585409252669038,0.5655422057917434,0.8131816370158338,0.1129454699424354,0.178153805337229,0.2915588965457125,0.4598885367072755,4
0.4844192634560907,0.3496441281138789,0.4925292667898944,0.4151962027609696,0.1693743510126722,0.238590664648929,0.1451709143105524,0.2044962813198086,3
0.7107648725212464,0.7316725978647688,0.2328250154035771,0.3412804811768541,0.5200471807486416,0.1654838423930807,0.2497055762632071,0.0794586332869412,1
0.3555240793201134,0.2604982206405694,0.5929605668515094,0.5453458458639806,0.0926133900577661,0.2108117596030154,0.1420616224812931,0.3233685818936218,3
0.198300283286119,0.3238434163701068,0.5569162045594602,0.7295554186745896,0.0642182412065367,0.1104366411307711,0.2362617192149027,0.4063012347840404,5
0.4688385269121813,0.4946619217081849,0.5051601971657433,0.7539041269611217,0.2319165666932141,0.2368385626938541,0.3729276642263199,0.3808423574197478,3
0.2739376770538244,0.2234875444839857,0.3560536044362301,0.5708540164498712,0.0612216587864062,0.0975364973059021,0.1275787623952025,0.2032546301638756,4
0.6830028328611899,0.8613879003558716,0.134242144177449,0.9147795209971376,0.5883303761354127,0.0916877647625579,0.7879800108802744,0.1228019643482754,1
0.2606232294617564,0.3261565836298932,0.6095964263709206,0.72926555309975,0.0850039821358362,0.1588749893091351,0.2378547613579789,0.4445576750450205,4
0.6940509915014165,0.7316725978647688,0.2778034504004907,0.4744737128156816,0.50781809200246,0.1928097601929751,0.347159414074392,0.1318104345445278,1
0.231728045325779,0.2973309608540925,0.6736752926679017,0.7901373238160803,0.0688999223735545,0.1561094587542049,0.2349322896969163,0.5322959928696305,4
0.3124645892351275,0.2747330960854092,0.9253696857671015,0.5608536541179028,0.0858443640176221,0.2891452587538564,0.1540850608466266,0.5189969696724144,4
0.5456090651558074,0.7421708185053378,0.2380622304374604,0.7970940976122323,0.4049351264706178,0.1298889109978891,0.5915799788506441,0.1897579987461027,2
0.4501416430594901,0.2341637010676157,0.7158810844115848,0.5599840573933836,0.1054068331434678,0.3222478875722403,0.1311279394180948,0.4008819942599746,3
0.3555240793201134,0.2829181494661921,0.7469963031423319,0.6125946592267837,0.1005842146119181,0.2655751729302059,0.1733141473613142,0.457605945767144,3
0.6286118980169972,0.5816725978647687,0.4426216882316716,0.6254936773071487,0.3656463157682498,0.2782372595427987,0.3638325322272364,0.2768570674279265,2
0.2934844192634561,0.288612099644128,0.5230283425754791,0.8379651436646256,0.0847031544564636,0.1535006693790924,0.2418468795416409,0.4382795202269324,3
0.503399433427762,0.4405693950177934,0.3976432532347544,0.9991304032754807,0.2217823838375691,0.2001733883847475,0.4401862773149625,0.3972974639642143,2
0.6776203966005666,0.7327402135231317,0.4053450400492941,0.3595420123917532,0.4965197140927283,0.2746700667982752,0.2634508909304697,0.145738571412339,2
0.6243626062322947,0.8693950177935942,0.4028804682686413,0.7472372187398093,0.5428177391549807,0.2515434991682962,0.6496443150823323,0.3010472805936515,2
0.6980169971671388,0.8565836298932384,0.4127387553912491,0.6256386100945686,0.5979099331606061,0.2880986666527019,0.535911791636166,0.2582253012551432,1
0.5422096317280454,0.347508896797153,0.4179759704251395,0.5334613572955541,0.1884226709546036,0.2266305969953873,0.1853825677576898,0.2229740284999213,3
0.5518413597733711,0.5992882562277578,0.479898336414049,0.7691220696402044,0.3307120462129383,0.2648277505197075,0.4609258239409622,0.3691004017196644,2
0.3543909348441927,0.8145907473309607,0.7072550831792981,0.6954962136309286,0.2886835764620487,0.2506447901012187,0.5665447804274717,0.4918932324224292,3
0.5053824362606232,0.6859430604982205,0.380391250770181,0.984347258958658,0.3466635750506587,0.1922430570464597,0.6752061714031363,0.3744370850274832,2
0.7444759206798868,0.93576512455516,0.6209950708564413,0.5770861263089242,0.6966546026433317,0.4623158771135207,0.5400170708645252,0.3583676398974796,2
0.908215297450425,0.8177935943060496,0.3388016019716566,0.1205478459364468,0.742732652505721,0.3077047977113685,0.0985832562142187,0.0408418033175006,2
0.3373937677053825,0.2893238434163701,0.4383086876155282,0.6467987970578644,0.0976160616172512,0.1478826195326046,0.187134313881866,0.2834975318897349,3
0.2169971671388102,0.285409252669039,0.9111983980283468,0.8223124026232835,0.0619329993043863,0.1977274710735732,0.2346955682931932,0.7492897439491769,4
0.8606232294617564,0.7788256227758005,0.1089802834257582,0.2472191021413818,0.670275422660873,0.0937909634695335,0.1925405711873359,0.0269420078196292,1
0.4793201133144477,0.3758007117437721,0.316620455945781,0.6966556759302873,0.1801288397366749,0.1517625528216038,0.2618036988549406,0.2205754377502638,3
0.1212464589235127,0.3254448398576511,0.7405268022181168,0.5795499836950615,0.0394590344076698,0.0897862525068991,0.1886115516331436,0.4291722961512656,5
0.6407932011331445,0.7453736654804269,0.6493376463339509,0.6247690133700496,0.4776303771435484,0.416091149010594,0.4656863695742237,0.4056860406440927,2
0.6637393767705383,0.7327402135231317,0.158887861983981,0.7254973006268342,0.4863485326585546,0.1054601304896508,0.5316010469717621,0.1152727149717472,1
0.6926345609065157,0.8250889679715302,0.3905576093653735,0.7086850972861336,0.5714851350397709,0.2705136982714839,0.5847282555366194,0.2767823573889394,1
0.6895184135977337,0.6923487544483985,0.4965341959334566,0.4146164716112902,0.4773872148236266,0.3423694710770633,0.2870591976938665,0.2058712563522788,2
0.1688385269121813,0.29288256227758,1.0,0.603463893619334,0.0494498603732118,0.1688385269121813,0.1767440514052355,0.603463893619334,4
0.7396600566572239,0.6709964412811388,0.4262939001848451,0.2043189970651109,0.4963092657748027,0.3153125703633515,0.1370973199168208,0.087099942140742,2
0.8444759206798867,0.6884341637010675,0.4321472581638979,0.4024421174680241,0.5813660742189468,0.3649379537072463,0.2770549025771859,0.1739142576334799,2
0.3019830028328613,0.3496441281138789,0.6434842883548981,0.9288380013768616,0.1055865837307068,0.1943213176731789,0.3247627531504506,0.5976926603129756,4
0.8385269121813032,0.8683274021352311,0.3615988909426981,0.5411427950288054,0.728115895274868,0.3032104014703644,0.4698891173915604,0.1956766345240478,1
0.873087818696884,0.8830960854092526,0.1696703635243359,0.1290988803942171,0.7710204349097215,0.1481371275869697,0.1140067159068504,0.0219042539670715,1
0.5711048158640226,0.582918149466192,0.5328866296980941,0.7937606435015763,0.3329073624146864,0.3043341205301296,0.4626974854290326,0.4229844341025453,2
0.5912181303116147,0.595373665480427,0.4065773259396188,0.748396681039168,0.3519957053421108,0.2403758864691174,0.4455756752236754,0.3042811213189907,2
0.2552407932011332,0.34288256227758,0.7309765865680866,0.8565165404543644,0.0875176171705664,0.1865750437670952,0.293684586024121,0.6260935370804378,4
0.8657223796033995,0.7706405693950177,0.2630160197165772,0.2437407152433057,0.6671607875555734,0.2276988544628498,0.1878364835798499,0.0641077127661659,1
0.2572237960339944,0.2749110320284698,0.8905576093653735,0.724917569477155,0.070713659229986,0.2290726088679205,0.1992878371605346,0.6455808576605323,4
0.6696883852691219,0.795017793594306,0.4401571164510187,0.7437588318417334,0.5324141824523908,0.2947681085807955,0.5913015054570934,0.3273707427584355,1
0.2577903682719547,0.302135231316726,0.7676370918053017,0.9250697489039456,0.077887552549071,0.197889448595701,0.2794961625691992,0.7101178517656854,4
0.1399433427762039,0.2498220640569394,0.4426216882316716,0.8649226421247147,0.034960934743379,0.0619419586363868,0.2160767597051777,0.3828335200470391,5
0.5538243626062324,0.3603202846975089,0.5088570548367208,0.7605710351824342,0.199554152006694,0.2818174340526315,0.2740491719296137,0.3870219369570494,3
0.6130311614730879,0.3603202846975089,0.4906808379544074,0.6124497264393638,0.2208875626304275,0.3008026440037784,0.220678059793543,0.3005173449742146,3
0.0631728045325779,0.1798932384341637,0.6345502156500338,0.8143410993151925,0.0113643603883338,0.0400863167393647,0.1464944575458469,0.516740320183141,5
0.3849858356940511,0.237900355871886,0.1157578558225509,0.7036124497264393,0.0915882673172501,0.0445651348619962,0.1673896521858094,0.081448668510385,4
0.6722379603399433,0.4234875444839856,0.207255083179298,0.2353346135729553,0.2846844031332855,0.1393247343865366,0.0996612776340984,0.0487742949110308,2
0.5892351274787536,0.6140569395017793,0.6841497227356754,0.5066487916228849,0.3618239190265442,0.4031250490907097,0.3111112063862234,0.3466236303131617,2
0.1929178470254957,0.2544483985765123,0.5627695625385094,0.8468060436972353,0.0490876372324659,0.1085682923764092,0.2154684417236736,0.476556666766459,5
0.3407932011331445,0.2829181494661921,0.7396025878003698,0.6315808543787818,0.096416581815249,0.2520515334628456,0.1786856865591214,0.4671188343037155,3
0.5524079320113314,0.7774021352313166,0.1709026494146677,0.6124497264393638,0.429443105864325,0.0944079791384141,0.4761197250557972,0.1046692808817757,2
0.7572237960339944,0.5866548042704626,0.5233364140480603,0.2643211710569222,0.4442289778512596,0.3962827860482904,0.1550652848709381,0.1383288938179136,2
0.5252124645892352,0.748932384341637,0.5615372766481848,0.5515779557230334,0.3933486233907635,0.2949263770271203,0.4130945935299372,0.3097315831158851,2
0.6439093484419264,0.7135231316725977,0.534735058533581,0.1392441755136054,0.4594442148135452,0.3443209031294135,0.0993539401796365,0.074458742343728,2
0.1141643059490085,0.2715302491103202,0.6675138632162678,0.7473821515272292,0.030999062433841,0.0762062569054266,0.2029368617847956,0.4988879472648268,5
0.6985835694050991,0.7855871886120996,0.3880930375847207,0.490706185006703,0.5487983022995574,0.2711154194572014,0.3854924923139846,0.1904396539008613,1
0.2543909348441927,0.3238434163701068,0.5618453481207659,0.6065074821551506,0.0823828294335285,0.1429283633463025,0.1964134550751555,0.3407634074493098,4
0.4671388101983003,0.3327402135231316,0.6481053604436262,0.4649081488459726,0.1554358674503241,0.3027551669607761,0.1546936367156527,0.301309463380998,3
0.7643059490084986,0.7677935943060498,0.4962261244608754,0.4591108373491793,0.5868292117387315,0.3792685789788786,0.3525023599931866,0.2278227915157705,1
0.6022662889518414,0.4209964412811388,0.3745378927911318,0.7672379434037464,0.2535519643523232,0.2255715467631576,0.323004443788837,0.2873596825918408,2
0.8339943342776205,0.8715302491103202,0.0661583487369057,0.5607087213304829,0.7268512899095703,0.0551756880117423,0.4886746115794848,0.0370955631256065,1
0.463172804532578,0.2603202846975089,0.3332563154651886,0.5707090836624515,0.1205732763400643,0.1543552622622049,0.1485671511384638,0.1901924064238626,3
0.6586402266288952,0.8713523131672597,0.5279574861367848,0.5486792999746366,0.573907685018096,0.3477340383195537,0.4780929772198923,0.2896793439099,2
0.7053824362606234,0.6055160142348753,0.5338108441158376,0.5114315736077394,0.4271203613158186,0.3765407937247693,0.3096800080048286,0.2730077200150385,2
0.4776203966005667,0.3998220640569394,0.2528496611213811,0.7508605384253053,0.1909631728045325,0.1207661554251129,0.3002106102921104,0.1898548326902562,3
0.2402266288951841,0.2604982206405694,0.756238447319781,0.8614442552266386,0.0625786093776778,0.1816686128405592,0.2244046956675798,0.6514572660251383,4
0.105099150141643,0.2485765124555159,0.395178681454098,0.9288380013768616,0.0261251802042482,0.0415329435749207,0.2308873110184119,0.3670569766685678,5
0.6118980169971672,0.5170818505338078,0.4912969808995697,0.5646219065908185,0.3164013589668626,0.3006236483691418,0.2919557403119072,0.2773970380578279,3
0.7960339943342777,0.8814946619217082,0.1986290819470113,0.5533171491720714,0.7016997167138811,0.1581155014932299,0.4877461133449185,0.109904877365586,1
0.5130311614730879,0.3845195729537366,0.5362754158964904,0.5508532917859343,0.1972705231215912,0.2751259994868397,0.2118138725176875,0.2954090781504527,3
0.7093484419263457,0.6797153024911032,0.5033117683302528,0.3141780499293453,0.4821549907755588,0.3570234186682587,0.2135516282437898,0.1581295098804892,2
0.6169971671388103,0.591814946619217,0.6437923598274793,0.5147650277183956,0.365148145534463,0.3972180622391643,0.304645637400602,0.3314017919514836,2
0.5923512747875355,0.6827402135231316,0.4842113370301923,0.738831117069459,0.4044220358291411,0.2868232027564114,0.5044297146255363,0.3577504030357133,2
0.5237960339943343,0.6612099644128114,0.6484134319162074,0.6378129642378347,0.3463391569969655,0.3396363840263647,0.4217282873857285,0.4135664930621036,3
0.4303116147308782,0.351067615658363,0.5116296980899584,0.8283995796949164,0.1510684725736695,0.2201602015293617,0.2908242652558843,0.4238338268571585,3
0.2005665722379603,0.2879003558718861,0.6887707948244,0.749411210551107,0.0577431875233131,0.1381443973755453,0.2157557542120446,0.5161725551416018,5
0.3059490084985836,0.2923487544483986,0.5824861367837357,0.8802855175912172,0.0894438115592834,0.1782110560131543,0.2573503746267562,0.5127541104083794,3
0.7674220963172804,0.8288256227758005,0.3197011706715962,0.4870828653212071,0.6360590969120803,0.245345742591885,0.4037067591932708,0.1557209622572653,1
0.1042492917847025,0.2338078291814946,0.4703481207640188,0.6981050038044856,0.0243743006058895,0.0490334584819146,0.1632224154802658,0.3283523766353979,5
0.3144475920679887,0.2973309608540925,0.6619685767097963,0.8020218123845066,0.0934950046878308,0.2081544249710691,0.238465916102226,0.5309132376343831,4
0.2164305949008498,0.285409252669039,0.9373844731977812,0.8043407369832241,0.061771294345367,0.2028786791850154,0.229566288633646,0.7539765180085346,4
0.7269121813031162,0.7939501779359431,0.3579020332717206,0.3993985289322076,0.5771320556894136,0.2601633476983669,0.3171025331130802,0.1429455455905712,1
0.1127478753541076,0.2535587188612099,0.761783733826249,0.7862241385557447,0.0285882068291109,0.0858894974682286,0.199353985309953,0.5989327598933213,5
0.5696883852691219,0.4209964412811388,0.3813154651879245,0.8318779665929925,0.2398367828374986,0.2172309916410527,0.3502176635158399,0.3172079338109916,2
0.7155807365439094,0.7158362989323844,0.4691158348736906,0.4749085111779412,0.5122386660349018,0.3356902546433264,0.3399567509731063,0.2227871027098613,2
0.5322946175637394,0.7384341637010675,0.4980745532963659,0.4538932570020652,0.3930645307632595,0.2651224038651194,0.3351702876438737,0.2260726812255362,3
0.8192634560906517,0.7923487544483986,0.5572242760320414,0.4020073191057646,0.6491423789985181,0.4565134861996215,0.3185299985725925,0.2240082373482915,1
0.6940509915014165,0.4135231316725979,0.1764479359211357,0.4185296568716257,0.2870061395461373,0.1224638648744426,0.1730716944074125,0.0738486940767795,2
0.5147308781869688,0.4233096085409252,0.7593191620455961,0.4743287800282618,0.2178905265492524,0.390845019103923,0.2007879301934581,0.3601669317851696,3
0.5524079320113314,0.5925266903914589,0.485443622920517,0.553607014746911,0.3273164437006642,0.2681629078456113,0.3280269322254827,0.2687449949129525,3
0.2739376770538244,0.3419928825622775,0.601278496611215,0.7099894923729122,0.0936847358180516,0.164712834624092,0.2428113530855404,0.4269014145837443,4
0.6096317280453257,0.8508896797153026,0.4805144793592113,0.8714446175586072,0.5187293458207737,0.292936872402556,0.7415032315240677,0.4187417566965611,2
0.3467422096317281,0.2731316725978647,0.5991219963031433,0.542302257328164,0.0947062796769933,0.2077408848371239,0.148119922597639,0.3249052110101505,4
0.2337110481586403,0.1660142348754447,0.9546364756623582,0.5879560853654118,0.0387993608419948,0.22310909133752,0.0976090796523004,0.5612843251774733,4
0.76657223796034,0.5663701067615657,0.3443468884781282,0.4801260915250552,0.4341636002540501,0.2639667649353583,0.2719290657160588,0.1653299256938177,2
0.6521246458923513,0.6590747330960852,0.4071934688847811,0.5654915033153376,0.4297988769368805,0.265540896706166,0.3727011616156601,0.230264446859842,2
0.2439093484419264,0.2597864768683274,0.8717652495378978,0.9352150440233342,0.0633643503069773,0.212631694009102,0.2429562214010797,0.815287976224598,4
0.7280453257790369,0.6827402135231316,0.402264325323479,0.5069386571977245,0.4970658211768975,0.2928666617794168,0.346107407058304,0.203923336918033,2
0.6277620396600566,0.7706405693950177,0.2993684534812075,0.6618718069495271,0.4837788956882037,0.1879321509672396,0.5100652661740928,0.1981435392492922,2
0.7198300283286119,0.7640569395017792,0.613909426987064,0.4886771259828253,0.5499911284062382,0.4419104402193001,0.3733771492829629,0.3000034943938015,2
0.2756373937677054,0.3494661921708185,0.7965958102279735,0.7192651907677814,0.0963259504198885,0.2195715930175122,0.2513588673786339,0.5729636374084388,5
0.5560906515580737,0.4202846975088967,0.5387399876771433,0.3341787745932822,0.2337163912776102,0.2995882707677711,0.1404502251938313,0.1800354689063477,3
0.6597733711048159,0.6425266903914589,0.3366451016635885,0.646219065908185,0.4239220005443932,0.2221094735905092,0.4152129976858462,0.2175464831396101,2
0.5957507082152975,0.6496441281138788,0.4225970425138641,0.2972209138012246,0.3870259494117528,0.2517624873673247,0.1930878214036069,0.1256046791456656,2
0.6861189801699717,0.7886120996441283,0.4527880468268641,0.4288198847784339,0.5410817295575294,0.3106664729220014,0.3381725497042739,0.1941645180693479,2
0.4841359773371105,0.588967971530249,0.6108287122612452,0.8186890829377877,0.2851405845170526,0.2957241555961666,0.4821816484918286,0.5000787982732287,2
0.281586402266289,0.3017793594306049,0.5658502772643246,0.6679589840211602,0.0849769641002893,0.1593357437962432,0.2015762343238233,0.37796477630957,4
0.7240793201133146,0.9026690391459076,0.3267868145409736,0.8399942026885032,0.6536039841521076,0.2366195744948239,0.7582367598289639,0.2744990297294609,1
0.4509915014164307,0.3266903914590746,0.3825477510782527,0.6596978151382298,0.1473345901424495,0.1725257846222601,0.2155169374722045,0.2523659155723666,3
0.5155807365439095,0.5567615658362989,0.7349815157116453,0.6275227363310263,0.2870555381932193,0.378942311216769,0.3493805412775411,0.4612176118920968,3
0.1722379603399433,0.2492882562277579,0.5966574245224905,0.7753541794992571,0.0429369007893701,0.1027670578214374,0.1932866913662738,0.4626208278327755,5
0.2753541076487252,0.2807829181494662,0.8847042513863279,0.831588101018153,0.0773147298700513,0.2436069496735158,0.23349573370225,0.735709528373043,4
0.3300283286118981,0.285409252669039,0.6946241528034527,0.5879560853654118,0.0941931386287338,0.2292456481631792,0.1678081069263558,0.4084084976825836,4
0.3379603399433428,0.248932384341637,0.5516789895255734,0.6712924381318164,0.0841292732350065,0.1864456188396626,0.1671064272146639,0.3703379339447189,4
0.3388101983002833,0.3161921708185053,0.6074399260628489,0.4488206094423711,0.1071291320960148,0.2058068418048632,0.1419135628076678,0.2726315578151567,4
0.5223796033994335,0.6128113879003557,0.5664664202094905,0.7468024203775498,0.3201201697700442,0.2959105039281304,0.4576490277189112,0.4230384936750537,3
0.253257790368272,0.2749110320284698,0.5858749229821321,0.6972354070799667,0.0696233605193915,0.1483773884266363,0.1916777053271438,0.4084927404233909,4
0.2821529745042493,0.249644128113879,0.4925292667898944,0.7918765172651183,0.0704378333148508,0.1389685976551656,0.1976873227265055,0.3900223604367239,4
0.2118980169971671,0.2597864768683274,0.902264325323479,0.9621725424834232,0.0550482392910789,0.191188021343332,0.2499594149512095,0.8681339598885823,4
0.3779036827195468,0.2845195729537366,0.289202094886015,0.7970940976122323,0.1075209944250098,0.1092905367076328,0.2267888722565763,0.2305212828507353,4
0.4291784702549576,0.3476868327402135,0.7266635859519432,0.6720171020689156,0.1492197030032361,0.3118683662088369,0.233651497765598,0.4883303572104313,3
0.7138810198300284,0.7064056939501778,0.5005391250770188,0.3167868401029022,0.5042896172108918,0.3573253810748123,0.2237800276171746,0.1585642077810201,2
0.3096317280453258,0.3322064056939502,0.3298675292667923,0.963476937570202,0.1028616434627443,0.1021374531129189,0.3200732103992112,0.317819756901818,3
0.0963172804532578,0.3254448398576511,0.6385551447935924,0.6878147758976776,0.0313459619126349,0.061503894965955,0.2238457695937458,0.4392076638145138,5
0.1804532577903683,0.2608540925266904,1.0,0.6159281133374397,0.0470719708043914,0.1804532577903683,0.1606673690663143,0.6159281133374397,4
0.5189801699716714,0.6176156583629894,0.5507547751078263,0.4696909308308271,0.3205302793543899,0.2858308067981693,0.2900884734722065,0.2586845229799178,3
0.8422096317280454,0.7466192170818503,0.5199476278496604,0.0844595818689082,0.6288098958595867,0.4379049001691333,0.0630591468900246,0.043914559241913,1
0.5093484419263457,0.6955516014234876,0.5923444239063471,0.6141889198884019,0.3542781244644279,0.3017097094004567,0.42720008680494,0.3638113819209569,3
0.3725212464589236,0.3142348754448398,0.4885243376463357,0.1705496575962896,0.1170591674815763,0.181985695185533,0.0535926504119301,0.0833176585130367,4
0.2036827195467422,0.2743772241992882,0.8773105360443694,0.9863763179825356,0.0558858992065972,0.1786929958685273,0.2706391961439626,0.8653583362707296,4
0.4152974504249292,0.2250889679715302,0.7821164510166376,0.5960723214609225,0.093478874517355,0.3248109680426036,0.1341693036740332,0.4661979686102651,3
0.4019830028328612,0.351067615658363,0.5359673444239057,0.4182397912967861,0.1411232143397215,0.2154497625318759,0.146830446304014,0.224162870273747,3
0.6688385269121814,0.8507117437722419,0.4737369069624151,0.7927461139896372,0.5689887895315193,0.3168534949966748,0.6743984290007927,0.3755530920479249,2
0.2113314447592068,0.2540925266903915,0.4275261860751698,0.7014384579151418,0.0536977407679977,0.0903497265756591,0.1782302700894702,0.299883308678909,5
0.1427762039660056,0.2158362989323843,0.434303758471966,0.7734700532627994,0.0308162874396378,0.0620082420027962,0.1669429136312767,0.3359209511975455,5
0.8124645892351275,0.6953736654804269,0.5088570548367208,0.2980905105257435,0.56496647948948,0.4134283380373131,0.207284290949218,0.1516854592609043,2
0.0849858356940509,0.3112099644128113,0.5251848428835508,0.8083988550309793,0.0264484389019386,0.0446332727663073,0.2515817789055484,0.4245588256666872,4
0.796600566572238,0.7850533807829182,0.3788508934072716,0.3395412877278162,0.6253739679211235,0.3017928363346311,0.2665580358461077,0.1286355202043386,1
0.569971671388102,0.6313167259786477,0.6792205791743733,0.6614370085872676,0.3598326494813142,0.3871364887532122,0.4175762467024245,0.4492616280600088,2
0.3269121813031162,0.2861209964412811,0.5849507085643886,0.5054893293235262,0.0935364390632403,0.1912275120915877,0.1446311105964822,0.2956863413595342,4
0.8677053824362606,0.93576512455516,0.5519870609981545,0.2830175006340808,0.8119684352726502,0.4789621438632712,0.2648379067321407,0.1562219983860496,1
0.2830028328611899,0.3177935943060498,0.3591343191620488,0.6789738758650676,0.0899364874537518,0.1016360297005345,0.2157735484510695,0.2438428206376185,4
0.639943342776204,0.6220640569395018,0.6034349969192867,0.5767962607340844,0.3980857520187917,0.3861642090766767,0.3588042219797792,0.3480590498191283,2
0.5696883852691219,0.5948398576512456,0.4059611829944565,0.8484003043588537,0.3388733579990524,0.2312713708220544,0.5046623162760939,0.3444175912103772,2
0.1830028328611898,0.2195729537366548,0.5599969192852754,0.6156382477626001,0.0401824725535068,0.1024810226227444,0.1351775084944926,0.3447555221412411,4
0.1470254957507082,0.193594306049822,0.5002310536044376,0.8475307076343346,0.0284632988214894,0.0735467186460915,0.1640771192003836,0.4239611788420377,5
0.5362606232294618,0.6128113879003557,0.5713955637707961,0.6554947643030544,0.3286266167975562,0.3064169411382768,0.4016946562739713,0.3745468003977489,3
0.3050991501416431,0.3258007117437722,0.5375077017868151,0.87767672741766,0.0994015202685673,0.163993143009745,0.2859477024736183,0.4717580006660393,4
0.6348441926345609,0.6533807829181494,0.789202094886015,0.4293996159281132,0.4147949956146098,0.5010203667534163,0.2805614572398632,0.3388830764337172,2
0.4708215297450426,0.34288256227758,0.7038662969809018,0.1279394180948584,0.16143649249443,0.3313954066805266,0.0438681954926676,0.0900522444523193,3
0.3033994334277621,0.8145907473309607,0.6955483672211962,0.651436646255299,0.2471463712157108,0.2110289805365159,0.5306542645118787,0.4531056956509251,3
0.4920679886685553,0.4405693950177934,0.2796518792359848,0.9989854704880612,0.2167900960753278,0.1376077377430327,0.4401224243644908,0.2793681641514307,2
0.3314447592067989,0.3476868327402135,0.6893869377695623,0.6678140512337403,0.1152389785569546,0.228493687589345,0.2321901523328698,0.4603822837795138,3
0.6960339943342776,0.8026690391459074,0.3218576709796679,0.6630312692488858,0.5586849374451826,0.2240238803391059,0.5321946718116946,0.2134017001071394,1
0.2787535410764873,0.2879003558718861,0.7140326555760979,0.5333164245081342,0.0802532436764691,0.1990391311860851,0.1535419884082137,0.3808053428538926,4
0.2407932011331445,0.2160142348754448,0.358518176216883,0.9876807130693142,0.0520147591059853,0.08632873931568,0.2133530935349016,0.354101487934201,4
0.3841359773371105,0.448932384341637,0.6810690080098603,0.9715931736657126,0.172451080217354,0.261623109025884,0.4361796400638066,0.6617219989776588,3
0.7954674220963174,0.7185053380782916,0.4940696241528073,0.2927279973912097,0.5715475890435816,0.39301629026093,0.2103266287305523,0.1446280116500789,2
0.8419263456090652,0.8007117437722419,0.2888940234134303,0.3760643501576143,0.6741403123204258,0.243227489400769,0.3011191415852783,0.1086427431793902,2
0.1257790368271955,0.2512455516014233,0.243607516943932,0.3122939236928873,0.0316014234875444,0.0306407188450724,0.0784624591199922,0.076077147307502,5
0.7728045325779037,0.7946619217081848,0.4071934688847811,0.2449001775426645,0.6141183349631525,0.3146809583902784,0.1946128457127294,0.0997217528240963,2
0.2886685552407932,0.2871886120996441,0.5020794824399282,0.8056451320700024,0.0829023217364128,0.1449345588119792,0.2313721073240184,0.4044978909399544,4
0.4759206798866855,0.3998220640569394,0.2932070240295736,0.6917279611580129,0.1902835885596765,0.1395432862237064,0.2765681011960951,0.2028194969291854,3
0.411614730878187,0.2069395017793595,0.3104590264941471,0.8536178847059677,0.0851793473329771,0.1277895086390922,0.1766472597710036,0.2650133774838078,4
0.7453257790368273,0.5866548042704626,0.5144023413431924,0.1233015688974237,0.4372489490185799,0.3833973257999828,0.072335457767759,0.0634266157321237,2
0.3067988668555241,0.2829181494661921,0.7355976586568111,0.7608609007572738,0.0867989676690895,0.2256805281374862,0.2152613580434279,0.5596874971605629,4
0.688101983002833,0.6681494661921706,0.4783579790511432,0.4311388093771512,0.4597549726291169,0.3291590739703193,0.2880651653400716,0.2062386895441701,2
0.1773371104815864,0.3211743772241991,0.5886475662353661,0.6536106380665967,0.0569561360176625,0.104389058488198,0.2099229896281506,0.3847463113634468,4
0.7277620396600567,0.7629893238434161,0.4148952556993244,0.6127395920142034,0.555274666559132,0.3019450175330211,0.4675137670030077,0.2542227497058326,1
0.7543909348441927,0.9284697508896796,0.4564849044978452,0.6686836479582592,0.7004291633482201,0.3443680738463914,0.6208525400438072,0.3052439911774967,1
0.7507082152974505,0.827224199288256,0.3723813924830566,0.6724519004311751,0.6210040022985491,0.2795497705609348,0.5562684848940448,0.2504085750604387,1
0.5923512747875355,0.6902135231316727,0.746380160197166,0.4228776404942208,0.4088488603026424,0.4421192393689162,0.291875866099125,0.315627481055876,3
0.5943342776203966,0.3418149466192171,0.3203173136167585,0.553607014746911,0.2031523393787868,0.1903755591977222,0.1892311521937395,0.1773299117631237,2
0.4325779036827196,0.2626334519572952,0.4700400492914376,0.7295554186745896,0.113609428084643,0.2033289391694122,0.1916056580006572,0.3429202649546395,3
0.3906515580736544,0.2790035587188612,0.8800831792975998,0.482155150548933,0.1089931749216174,0.3438058652270227,0.1345230028577805,0.4243366378098178,3
0.5739376770538244,0.4101423487544483,0.3634473197781922,0.7265118301387732,0.2353961469055275,0.2085961104449341,0.2979732684110092,0.2640487774510863,2
0.6331444759206799,0.7240213523131672,0.6018946395563809,0.6102757346280661,0.4584101196657022,0.3810862661213913,0.4418526626693239,0.3673216933239653,2
0.3716713881019831,0.2455516014234874,0.3184688847812715,0.5969419181854414,0.0912645045517324,0.1183657724739457,0.1465800439672435,0.1901074269637105,3
0.2883852691218131,0.2298932384341637,0.5156346272335206,0.8717344831334468,0.0662978234351214,0.1487014307432646,0.2004058633822799,0.4494964852571206,4
0.4260623229461757,0.490035587188612,0.6949322242760338,0.7263668973513533,0.2087857006038732,0.2960844377651997,0.3559456290579407,0.5047757636168575,3
0.6518413597733712,0.7327402135231317,0.4031885397412225,0.4231675060690604,0.4776303771435485,0.2628149659899584,0.3100718487530944,0.1706162888379193,2
0.5626062322946176,0.7891459074733095,0.4173598274799772,0.9517373817891952,0.4439784057342755,0.2348092400496415,0.751059659828306,0.3972169494697837,2
0.4603399433427762,0.3163701067615658,0.5248767714109697,0.4499800717417297,0.1456377970219672,0.241621743213265,0.142360243337508,0.2361840872550756,3
0.8,0.7309608540925266,0.3557455329636489,0.6617268741621072,0.5847686832740213,0.2845964263709191,0.4836964411135118,0.2354063795251682,1
0.4688385269121813,0.6537366548042703,0.7081792975970451,0.6946266169064097,0.3064969302269313,0.3320217386751019,0.4541028808744037,0.4919201896529929,3
0.8558073654390936,0.755693950177936,0.3344886013555168,0.3209898909380774,0.6467284485800411,0.286257808695472,0.2425701186501805,0.1073674596691373,1
0.6458923512747876,0.658896797153025,0.291974738139249,0.6944816841189898,0.425576401560594,0.1885842501295999,0.4575917573474412,0.2027711078631467,2
0.1869688385269122,0.2455516014234874,0.5717036352433773,0.902315301279032,0.0459104977165727,0.1068907646630677,0.2215649672179828,0.5158569378769459,5
0.2019830028328612,0.2019572953736654,0.8806993222427622,0.714337475995507,0.040791940963576,0.1778862936994587,0.1442656646361032,0.6291165309618484,4
0.5881019830028329,0.686476868327402,0.5107054836722149,0.7311496793362078,0.4037184075489197,0.3003469076780505,0.5019173421493041,0.3734021506221828,2
0.2297450424929178,0.2718861209964412,0.7232747997535434,0.9311569259755788,0.0624644884215619,0.1661687996034344,0.2531686446424704,0.6734823391741117,4
0.69971671388102,0.43932384341637,0.3030653111521886,0.4953440342041378,0.3074022360448821,0.2120598636107382,0.2176164449199316,0.1501215938534573,2
0.6549575070821531,0.3852313167259785,0.5609211337030224,0.4875176636834667,0.2523101428528222,0.3673795073998266,0.1878070715079546,0.2734589606135789,3
0.6407932011331445,0.5976868327402135,0.6243838570548377,0.385050182977644,0.3829936588267317,0.4001009304980291,0.2301394243099477,0.2404191184072523,2
0.296600566572238,0.2597864768683274,0.4574091189155886,0.665350193847603,0.0770528162269515,0.1356678038256717,0.1728489827433274,0.3043372459381481,4
0.224929178470255,0.1850533807829181,0.7075631546518828,0.4514293996159281,0.041623904912645,0.1591515990916699,0.0835385365837304,0.3194148100948515,4
0.2586402266288952,0.2749110320284698,0.8970271102895886,0.7192651907677814,0.0711030516266268,0.2320072950975621,0.1977339358961249,0.6452003756063126,4
0.6674220963172806,0.7642348754448399,0.4376925446703659,0.5772310590963439,0.5100672426481708,0.2921256757063405,0.4411401065513874,0.2526497311186491,2
0.6235127478753542,0.6220640569395018,0.6068237831176866,0.6395521576868728,0.3878648694968395,0.3783623644878267,0.3978424098351081,0.3880954598286273,2
0.2110481586402267,0.2624555160142349,0.8461953173136223,0.6327403166781405,0.0553907533797748,0.1785879635690223,0.1660661863167717,0.5354218930485809,3
0.6447592067988669,0.7327402135231317,0.2319008009858301,0.7534693285988623,0.4724409988608067,0.1495201764996457,0.552097276720661,0.1747301408203317,1
0.7858356940509916,0.8350533807829182,0.3397258163894037,0.7723105909634407,0.6562147530571716,0.2669686727094068,0.6449205699984747,0.2623738460212377,1
0.7240793201133146,0.6752669039145908,0.4922211953173132,0.4195441863835645,0.4889468006814997,0.3564071884507231,0.2833043037945956,0.2065085409101477,2
0.2838526912181304,0.2293594306049822,0.5067005545286527,0.785064676256386,0.0651042916334822,0.1438283160446771,0.1800619871342494,0.397792706799968,4
0.5810198300283287,0.8026690391459074,0.4330714725816413,0.753614261386282,0.466366628693557,0.2516231133895032,0.6049028350735797,0.326368837937083,2
0.1130311614730878,0.3649466192170818,0.3766943930991999,0.8826044421899344,0.0412503402457834,0.0425782047724024,0.3221035072831948,0.3324721446973951,5
0.6685552407932012,0.7790035587188612,0.2922828096118302,0.8150657632522917,0.5208069117780488,0.1954072041597505,0.6349391301634401,0.2382297113017906,2
0.6538243626062323,0.731850533807829,0.4078096118299434,0.4998369506141527,0.4785017087899347,0.2666358595194077,0.3658059391238451,0.2038383128082202,2
0.4620396600566573,0.4412811387900355,0.3976432532347544,0.9989854704880612,0.2038893873559626,0.1837269535484092,0.440833446051671,0.3972398324191244,3
0.7458923512747876,0.6425266903914589,0.3936383240911922,0.485488604659589,0.4792557438528927,0.2936118151082462,0.3119393863746931,0.1911069207035719,2
0.3912181303116148,0.1786476868327401,0.5938847812692565,0.3302655893329468,0.0698902140271994,0.2323384937486808,0.0590011835747826,0.1961397072817592,4
0.2685552407932011,0.1850533807829181,0.6903111521873093,0.4021522518931844,0.0496970552357525,0.1853866776978949,0.0744196338022974,0.2776101843591051,4
0.4583569405099151,0.4412811387900355,0.4025723967960601,0.9989854704880612,0.2022642726805319,0.1845218521291856,0.440833446051671,0.4021639752188186,3
0.086685552407932,0.3112099644128113,0.5140942698706112,0.8860828290880103,0.0269774076799774,0.0445645457734864,0.2757578057072828,0.4555301050648863,5
0.4940509915014164,0.3215302491103202,0.4651109057301319,0.6101308018406464,0.1588523383706511,0.2297885041340935,0.1961755087057024,0.2837784898579547,3
0.2813031161473088,0.2711743772241993,0.5236444855206415,0.8610094568643791,0.076282197332473,0.1473028255303107,0.2334837032493441,0.4508628540681547,4
0.3291784702549575,0.3261565836298932,0.5945009242144224,0.6065074821551506,0.1073637252628713,0.1956969047980619,0.1978164083256923,0.3605692586841993,4
0.6662889518413597,0.8177935943060496,0.3123074553296376,0.7847748106815464,0.544886836772756,0.2080870070638265,0.6417838131481114,0.2450910241307518,1
0.4943342776203968,0.3377224199288257,0.6943160813308715,0.2921482662415304,0.1669477684917283,0.343224238504921,0.0986650194531005,0.2028432393844275,4
0.4555240793201133,0.2626334519572952,0.4644947627849696,0.6573788905395122,0.1196358614015101,0.2115885491666377,0.172649687266249,0.3053490518209972,3
0.8147308781869689,0.5967971530249109,0.2349815157116452,0.3363527664045798,0.4862290685834685,0.1914466966534537,0.2007343734023061,0.079036682863553,2
0.1597733711048158,0.3161921708185053,0.6900030807147246,0.7994130222109495,0.0505190890486223,0.1102441182784998,0.2527681388734621,0.5515974480890237,5
0.6294617563739378,0.7327402135231317,0.4706561922366035,0.5505634262110946,0.4612319417700846,0.2962600734135221,0.4034199624799444,0.259126085765252,2
0.1762039660056657,0.2617437722419928,0.5898798521256943,0.2362042102974745,0.0461202907463228,0.1039391694113829,0.0618249810227019,0.1393321046417406,5
0.7436260623229461,0.795017793594306,0.3997997535428226,0.5059241276857855,0.5911959513272106,0.2973015164447335,0.4022186837188772,0.2022683415601445,1
0.2337110481586403,0.2535587188612099,0.6564232902033282,0.5660712344650167,0.0592594739548153,0.1534133751891631,0.1435322969951332,0.3715823422169859,4
0.2229461756373938,0.2741992882562277,0.7741065927295132,0.7836153483821877,0.0611316826792213,0.1725841043847385,0.2148667707930517,0.6066018073466858,4
0.6960339943342776,0.7921708185053379,0.3545132470733207,0.7983984926990109,0.5513778189993244,0.246753271404858,0.6324679874548035,0.2830428421051713,1
0.2558073654390935,0.2459074733096085,0.8233980283425772,0.8107177796296967,0.0629049428891151,0.2106312803380587,0.1993615607559147,0.6675434212893643,4
0.1484419263456091,0.2727758007117437,0.7275878003696867,0.847965505996594,0.0404913653181172,0.1080045346724407,0.2313044698741598,0.6169693572974303,4
0.326628895184136,0.2923487544483986,0.4487831176833055,0.8043407369832241,0.0954895506739387,0.1465855339061901,0.2351480126091525,0.3609745436230189,3
0.6396600566572238,0.6834519572953736,0.5048521256931622,0.6720171020689156,0.4371769177260491,0.322933739324408,0.4592914037449652,0.3392692624816508,2
0.6359773371104817,0.7891459074733095,0.3717652495378942,0.7307148809739483,0.5018789128265099,0.2364342734313236,0.5766406578504377,0.2716544000663325,2
0.1818696883852691,0.2784697508896796,0.8002926678989546,0.9691293162795752,0.0506452068190295,0.1455489781277985,0.2698731992842588,0.775587086064471,4
0.3212464589235128,0.2743772241992882,0.8384935304990826,0.7018732562774013,0.0881427116832841,0.2693630775031047,0.192578035797109,0.5885161846189256,3
0.8368271954674222,0.8293594306049822,0.3505083179297585,0.595637523098663,0.6940305263476254,0.2933148926811634,0.4939975970040691,0.20877590631716,1
0.5968838526912181,0.7138790035587189,0.6290049291435658,0.5086778506467626,0.426102849999496,0.3754428854689782,0.3631344371521017,0.3199608754029682,2
0.6694050991501417,0.5553380782918148,0.5202556993222416,0.5153447588680748,0.3717461413607814,0.3482618179882314,0.2861905680475554,0.2681110479169622,2
0.7359773371104816,0.827224199288256,0.3708410351201507,0.8143410993151925,0.608818263385521,0.2729305975190231,0.6736426638285282,0.3019910962109274,1
0.571671388101983,0.5718861209964413,0.5840264941466451,0.7182506612558426,0.3269309326262942,0.3338712365971473,0.4107575845687328,0.4194774156117593,2
0.3269121813031162,0.2653024911032029,0.2747227356746791,0.2693938186166165,0.0867306160716986,0.0898102087729687,0.0714708511667927,0.0740086068242051,4
0.7597733711048159,0.7330960854092526,0.2762630930375849,0.4865031341715279,0.556986884155132,0.2098973415090092,0.3566535432004795,0.1344028606187054,1
0.3107648725212465,0.3423487544483986,0.5153265557609394,0.6724519004311751,0.1063899670339641,0.1601453914078613,0.2302130705390713,0.3465323217640956,4
0.1858356940509914,0.2768683274021353,0.7673290203327205,0.7952099713757745,0.0514520177835129,0.1425971210589984,0.2201684547083106,0.6101876882945838,4
0.286685552407932,0.2387900355871886,0.5002310536044376,0.9408674227327076,0.0684576532618228,0.14340901593419,0.2246697653571696,0.4706511021756742,4
0.5444759206798867,0.6850533807829181,0.5522951324707357,0.5878111525779919,0.3729950702166483,0.3007114007390238,0.402682017335457,0.3246452383808378,3
0.7192634560906516,0.7074733096085409,0.5941928527418376,0.1998260806550961,0.5088596977609308,0.4273812048474577,0.141371618627164,0.1187352289166721,2
0.711614730878187,0.8873665480427045,0.4090418977202752,0.4486756766549511,0.6314631072757151,0.2910802399641166,0.3981397863840286,0.1835271502398698,1
0.3101983002832861,0.3017793594306049,0.5680067775723998,0.6814377332512047,0.0936114443559525,0.1761947369523449,0.2056438426323919,0.3870612509802573,4
0.1909348441926346,0.1852313167259787,0.5926524953789283,0.6110003985651653,0.0353671125986712,0.1131580118655517,0.1131764083463233,0.3621109108871649,5
0.3640226628895184,0.2763345195729537,0.3945625385089357,0.8753578028189428,0.1005920276632423,0.1436297059444709,0.2418915778964089,0.3453833967838464,4
0.2422096317280453,0.2218861209964412,0.2759550215650037,0.9768107540128266,0.0537429556521125,0.0668389641467643,0.216740749155515,0.269555832688537,4
0.5589235127478753,0.7327402135231317,0.2488447319778188,0.8943439979709411,0.409545734073977,0.139085171725846,0.6553218120363586,0.2225527924710497,2
0.3458923512747875,0.2921708185053381,0.4420055452865092,0.2530164136381752,0.1010596513866906,0.1528863373356452,0.0739240126679508,0.1118346578765785,4
0.2985835694050991,0.2747330960854092,0.9376925446703624,0.6018696329577158,0.0820307884628955,0.2799795869922272,0.1653535077022621,0.5643686676879376,4
0.6821529745042494,0.596085409252669,0.5313462723351812,0.3157723105909634,0.4066214349802909,0.3624594401651888,0.1882272669892753,0.1677844401391754,2
0.5733711048158641,0.6389679715302491,0.6989371534195961,0.4009927895938258,0.3663657717782504,0.4007503678530488,0.2562215493650228,0.2802687589004916,2
0.8569405099150144,0.827224199288256,0.3384935304990755,0.3663538534004854,0.7088819271521175,0.2900688186288112,0.3030567730353836,0.124008409249471,1
0.6441926345609066,0.5718861209964413,0.568314849044981,0.4534584586398057,0.3684048269535149,0.3661042398663702,0.2593265989445437,0.2577071754700509,2
0.7201133144475922,0.8258007117437721,0.2981361675908829,0.6779593463531286,0.5946700876069884,0.2146918238005735,0.5598593107517561,0.2021242013041417,1
0.6368271954674222,0.5718861209964413,0.5526032039433169,0.5234609949635856,0.3641926345609065,0.3519127485735344,0.2993600779026626,0.2892662229562338,2
0.809915014164306,0.9241992882562275,0.1702865064695018,0.409543824051596,0.748522879638684,0.1379175982992367,0.3785001106982187,0.0697397870439066,2
0.6994334277620398,0.736476868327402,0.6644331484904527,0.4414290372839594,0.5151165404816872,0.4647267545674016,0.3251022749676703,0.2933000850776905,1
0.2439093484419264,0.2829181494661921,0.3563616759088113,0.9507228522772564,0.0690063814986944,0.0869199441805911,0.2689767500215013,0.3388011889623283,4
0.3960339943342776,0.347508896797153,0.4090418977202752,0.7746295155621581,0.1376253364652747,0.1619944966042336,0.2691906483795186,0.3168559270756826,3
0.3960339943342776,0.4233096085409252,0.7303604436229243,0.6530309069169171,0.167644995110542,0.2892475637917416,0.2764342575721255,0.4769479428753201,4
0.8070821529745044,0.8596085409252668,0.2667128773875582,0.3996883945070473,0.6937747119252367,0.2152592033079755,0.3435755576269653,0.1066020417573881,1
0.673371104815864,0.6955516014234876,0.4361521873074565,0.4392550454726619,0.4683643503069774,0.2936922802350776,0.3055245503118569,0.1915820488687377,2
0.2988668555240794,0.4035587188612098,0.4894485520640792,0.904779158665169,0.1206103253253757,0.146279949696205,0.3651315181232389,0.4428428491464227,4
0.2478753541076487,0.2644128113879003,0.2516173752310564,0.8485452371462734,0.0655414192533747,0.0623697459850352,0.2243662317436587,0.2135087253355596,4
0.7988668555240794,0.7788256227758005,0.4065773259396188,0.4530236602775462,0.6221779762684866,0.324801149900772,0.3528264343478325,0.184189148383023,1
0.3711048158640227,0.2734875444839857,0.6323937153419621,0.8079640566687198,0.1014925448368332,0.234684353285544,0.220968105889648,0.5109513916594953,3
0.3991501416430595,0.2845195729537366,0.2885859519408491,0.6817275988260445,0.1135660278447067,0.115189123593387,0.1939648452887624,0.1967370080715633,3
0.2011331444759207,0.3231316725978648,0.7969038817005547,0.968694517917316,0.0649924893893722,0.1602837835714997,0.3130158798110046,0.7719564215103566,4
0.7101983002832861,0.6430604982206406,0.3776186075169434,0.4362114569368455,0.4567004728156221,0.2681840932138745,0.2805103568273593,0.1647215629514287,2
0.3674220963172805,0.3113879003558718,0.5670825631546563,0.7766585745860357,0.1144107951165908,0.2083586641392604,0.2418420828337299,0.4404295351722909,4
0.8254957507082153,0.8224199288256228,0.4016481823783131,0.273307003876952,0.6789041565433045,0.3315588678329758,0.224773126676027,0.1097732613384403,1
0.4558073654390935,0.5866548042704626,0.5140942698706112,0.7920214500525382,0.2674015807567066,0.2343279547370576,0.4646431887585797,0.4071736890866224,3
0.3441926345609066,0.2523131672597865,0.4355360443622906,0.7907170549657596,0.0868443337735525,0.1499082985552927,0.1995083245447415,0.3443857783295868,4
0.7943342776203967,0.8224199288256228,0.4044208256315471,0.3985289322076886,0.6532763400643191,0.3212453243826793,0.3277581360611987,0.1611733998014922,1
0.3473087818696884,0.2743772241992882,0.8551293900184902,0.6014348345954563,0.0952936195094411,0.2969939467882915,0.1650200204530593,0.5143046032434841,3
0.6643059490084987,0.4793594306049821,0.2999845964263699,0.4851987390847494,0.3184413214642162,0.1992815520169511,0.2325845912979207,0.145552147930922,2
0.2339943342776204,0.2768683274021353,0.7679451632778829,0.7683974057031053,0.0647856199530208,0.1796948172429267,0.2127449044971587,0.5900870711849728,4
0.3923512747875355,0.3314946619217082,0.7476124460874942,0.8327475633175117,0.1300623531902453,0.293326696269456,0.2760513719680648,0.6225724427852054,4
0.1257790368271955,0.2608540925266904,1.0,0.7110040218848508,0.0328099765104392,0.1257790368271955,0.1854683089115998,0.7110040218848508,5
0.7337110481586403,0.7855871886120996,0.392406038200864,0.3944708141599333,0.5763939995765831,0.2879126455921353,0.309891217885428,0.1547927293703687,2
0.309915014164306,0.302135231316726,0.6548829328404189,0.9204318997065112,0.093636244493059,0.2029580534072006,0.2780949049291203,0.6027751419596783,4
0.5560906515580737,0.4596085409252668,0.3754621072088753,0.7794122975470126,0.2555840129847872,0.2087909678331508,0.3582245488547924,0.2926397836215123,2
0.8830028328611897,0.8633451957295372,0.2895101663585961,0.2375086053842529,0.7623362535662797,0.2556382970367546,0.2050519134029172,0.0687611558563932,2
0.7288951841359774,0.8693950177935942,0.3243222427603243,0.6485379905069024,0.6336978415815632,0.2363969208561797,0.5638356977965703,0.2103352955964725,1
0.2796033994334278,0.2702846975088967,0.294747381392483,0.9420268850320664,0.0755725202383232,0.0824123698114393,0.2546154516661403,0.2776599575645192,4
0.1759206798866855,0.2434163701067615,0.6647412199630338,0.5349106851697524,0.0428219733247305,0.1169417273646016,0.1302060173153418,0.3555771814310035,4
0.4912181303116148,0.3377224199288257,0.6970887245841055,0.245334975904924,0.1658953756817518,0.3424226199515125,0.082855121755791,0.1710202454494357,4
0.4736543909348443,0.6859430604982205,0.4111983980283433,0.9657958621689192,0.3248999425362677,0.1947659267714986,0.662480969512666,0.3971337113462622,2
0.8218130311614732,0.904626334519573,0.3252464571780677,0.407804630602558,0.7434337100400231,0.2672917768480381,0.3689108081821005,0.1326370113242926,1
0.5974504249291784,0.7453736654804269,0.6416358595194112,0.6285372658429653,0.4453238131723003,0.3833456169196708,0.4684951257324166,0.4032920488091316,2
0.5770538243626062,0.658896797153025,0.3366451016635885,0.7910069205405992,0.3802189166574254,0.1942623433679121,0.5211919264700781,0.2662886051819921,3
0.0532577903682719,0.2327402135231315,0.6108287122612452,0.749411210551107,0.0123952295020817,0.0325313875085308,0.1744181251602931,0.4577618846950736,5
0.5121813031161474,0.3476868327402135,0.3452711028958717,0.5237508605384252,0.1780786950692085,0.1768414034095569,0.1821012778455663,0.1808360372607639,3
0.6104815864022664,0.708540925266904,0.4755853357979056,0.6801333381644263,0.4325511880878692,0.2903360902675599,0.4819023047278907,0.3234614420182791,2
0.3334277620396601,0.340035587188612,1.0,0.5688249574259936,0.1133773048501406,0.3334277620396601,0.1934207284058849,0.5688249574259936,4
0.6818696883852692,0.6425266903914589,0.339417744916819,0.5441863835646218,0.4381194741564424,0.2314386719588621,0.3496542759878734,0.184706515123943,2
0.1348441926345609,0.2492882562277579,0.7174214417744942,0.6696981774701982,0.0336150736443095,0.0967401150948043,0.1669478908604532,0.4804558320344206,5
0.2464589235127479,0.2160142348754448,0.4247535428219358,0.9439110112685244,0.053238635790832,0.1046843009221201,0.2038982148896776,0.4009295461449418,4
0.6892351274787536,0.8475088967971528,0.3258626001232301,0.7327439399978259,0.5841329025233635,0.2245959507364926,0.6210070082223565,0.2387738455122316,1
0.3257790368271955,0.2829181494661921,0.7368299445471393,0.7012935251277219,0.0921688022340286,0.2400437496400029,0.1984086663617575,0.5167340692311272,3
0.3456090651558074,0.3137010676156584,0.3144639556377093,0.5583897967317655,0.1084179327170264,0.108681593733146,0.1751674753804453,0.1755934642680074,4
0.1934844192634561,0.1660142348754447,0.9204405422057924,0.7205695858545598,0.0321211678243424,0.1780909037752284,0.1196248084701608,0.6632414603009743,5
0.6535410764872521,0.8507117437722419,0.4728126925446716,0.7797021631218521,0.5559750688052584,0.3090025160624808,0.6633017868123798,0.3686530791285476,1
0.608215297450425,0.7855871886120996,0.5051601971657433,0.3164969745280626,0.4778061455949513,0.3072461595792779,0.248635968423736,0.1598816740549573,2
0.6739376770538245,0.588967971530249,0.598505853357981,0.5136055654190368,0.396927706592199,0.4033556445151946,0.3024972280314967,0.3073959372205289,2
0.7135977337110482,0.8507117437722419,0.3976432532347544,0.482155150548933,0.6070659723972457,0.2837573243338092,0.4101750488922506,0.1917257426281705,1
0.676487252124646,0.6565836298932383,0.4457024029574867,0.6220152904090728,0.4441704555765023,0.3015119938420619,0.4084050572258857,0.2772337096116227,2
0.5371104815864023,0.6181494661921708,0.4373844731977847,0.7236131743903764,0.3320145574788544,0.234923785037677,0.4473010974790334,0.3164971670797115,3
0.3014164305949008,0.2749110320284698,0.8847042513863279,0.5086778506467626,0.0828627020051818,0.2666643975850007,0.1398411528913253,0.4500294570532504,4
0.7226628895184136,0.7327402135231317,0.2476124460874942,0.6002753722960976,0.5295241599709657,0.1789403257703109,0.4398459044689199,0.1486356532603179,1
0.6713881019830029,0.7532028469750888,0.2346734442390641,0.7082502989238741,0.505691429838799,0.1575569583134793,0.5334561415204196,0.1662075370318122,1
0.4430594900849859,0.4320284697508897,0.9084257547751128,0.5146200949309757,0.1914143135100259,0.4024866516907299,0.222330532116087,0.4674941481601118,3
0.639943342776204,0.6229537366548042,0.3036814540973509,0.7430341679046344,0.3986550966298025,0.1943389248741971,0.4628759113583852,0.2256456965532945,2
0.4864022662889519,0.2341637010676157,0.6758317929759734,0.4637486865466139,0.1138977548818969,0.3287261157336392,0.1085931088070007,0.3134161063190507,3
0.2172804532577904,0.3437722419928825,0.8126155268022188,0.8947787963332006,0.0746949885576603,0.1765654699879042,0.3076001129031571,0.727111142953759,4
0.2898016997167139,0.288612099644128,0.6502618607516943,0.8369506141526866,0.0836402770356778,0.1884469925067941,0.2415540740490493,0.5442370637161993,3
0.6883852691218131,0.3927046263345195,0.3726894639556377,0.3612812058407912,0.2703320798846693,0.2565539369439659,0.1418768009413925,0.1346456989420508,2
0.664872521246459,0.8288256227758005,0.3024491682070263,0.8047755353454835,0.551063381488613,0.2010901410146999,0.6670185842774486,0.2434036912586057,1
0.7266288951841361,0.6494661921708184,0.4768176216882338,0.5062139932606253,0.4719209016765295,0.3464694616516486,0.3287688746265626,0.2413717523318349,2
0.3005665722379604,0.2647686832740213,0.6062076401725243,0.8528932207688684,0.0795806155676307,0.1822057524711185,0.2258194150363124,0.5170303866814395,4
0.8691218130311616,0.8830960854092526,0.1625847196549621,0.0495307801007282,0.7675180708316112,0.1413059263176838,0.0437404380142195,0.0080529479969684,2
0.6898016997167139,0.4804270462633451,0.5147104128157736,0.3964998731838109,0.3313993931023358,0.3550481176222121,0.1904892629174892,0.2040826134078411,3
0.6113314447592069,0.6496441281138788,0.4139710412815809,0.2572194644733503,0.3971478834191928,0.2530735147551421,0.1671011147317085,0.1064814095459234,2
0.5470254957507082,0.4233096085409252,0.7510012322858906,0.3150476466538642,0.2315611484681378,0.410816821400582,0.133362695976787,0.2366011708658218,3
0.5135977337110482,0.7135231316725977,0.6404035736290865,0.547519837675278,0.366463863377456,0.3289098240763552,0.3906680692309367,0.3506336606800654,2
0.6895184135977337,0.6734875444839857,0.4743530499075774,0.6562194282401534,0.4643820632504309,0.3270751624575193,0.441955611368146,0.3112796871943234,2
0.3433427762039661,0.241103202846975,0.4968422674060377,0.6137541215261422,0.0827810430171483,0.1705872034266622,0.1479780844604844,0.3049389893688493,4
0.313314447592068,0.3585409252669038,0.5664664202094905,0.804485669770644,0.1123360519391488,0.1774821135273927,0.2884410364035314,0.4557141174648109,4
0.7501416430594902,0.7601423487544482,0.4269100431300074,0.3298307909706872,0.5702144304537617,0.3202430011921415,0.2507183521399956,0.1408080771989005,1
0.1691218130311615,0.2459074733096085,0.8535890326555737,0.7824558860828292,0.0415883177240329,0.1443605247862259,0.1924117499228594,0.667895762897102,5
0.546742209631728,0.582918149466192,0.5689309919901433,0.6756404217544114,0.3187059570735837,0.3110585876886619,0.393843064353639,0.3843927753773761,3
0.6277620396600566,0.6884341637010675,0.4718884781269281,0.8553570781550057,0.4321728347766474,0.2962336735210404,0.5888570347654299,0.4036331498656615,2
0.6770538243626063,0.7240213523131672,0.6675138632162678,0.5082430522845031,0.4902014255038158,0.4519428139056318,0.3679788220187976,0.3392592832832562,2
0.648441926345609,0.442526690391459,0.5951170671595847,0.4473712815681727,0.2869528595767845,0.3858988574301102,0.1979737326085489,0.2662382850182757,3
0.2410764872521247,0.241103202846975,0.4681916204559471,0.7294104858871697,0.0581243132075852,0.1128699912203997,0.1758632043375649,0.3415038773650737,4
0.2733711048158641,0.2572953736654804,0.4675754775107847,0.7976738287619116,0.0703371205629429,0.1278216248719284,0.2052377858344704,0.3729727213812067,4
0.2470254957507082,0.2829181494661921,0.3255545286506489,0.9794195441863836,0.069887996128759,0.0804202688338146,0.277095564992233,0.3188544680588314,4
0.5694050991501417,0.591814946619217,0.5864910659272979,0.604478423131273,0.336982448358251,0.3339510035450054,0.3577393657179027,0.3545211947123125,3
0.6668555240793202,0.708540925266904,0.485443622920517,0.5681002934888946,0.4724944300505078,0.3237207615736253,0.4025223075930211,0.2757806646534579,2
0.5937677053824363,0.6149466192170819,0.3930221811460264,0.9120257980361608,0.3651354430252135,0.2333638786634763,0.5608471811410982,0.3584463684056173,2
0.579886685552408,0.6149466192170819,0.3834719654959961,0.9307221276133192,0.3565993568094524,0.2223702870737405,0.5723444258063402,0.3569058436064948,2
0.4852691218130312,0.3998220640569394,0.254698089956868,0.6873799775354179,0.1940213019063844,0.1235971184408257,0.2748296814096234,0.1750743673528657,3
0.1447592067988669,0.2829181494661921,0.4389248305606905,0.9426066161817456,0.0409550069057292,0.0635384103162926,0.2666805195247286,0.4137334492929584,5
0.6022662889518414,0.7135231316725977,0.5285736290819507,0.2262038479655059,0.4297309285937515,0.3183420780249936,0.1614016779967399,0.1195653888314293,2
0.3422096317280454,0.3263345195729538,0.5609211337030224,0.4902713866444435,0.1116748157632091,0.191952614592989,0.1599924774209803,0.2750035820187541,4
0.3490084985835694,0.5064056939501779,0.6102125693160829,0.4882423276205658,0.1767398909197221,0.2129693726338283,0.2472486947345427,0.2979316051862101,4
0.158356940509915,0.2733096085409252,0.7901263093037585,0.8189789485126273,0.0432804734205034,0.125121984957734,0.2238348158212446,0.647096813985755,5
0.1235127478753541,0.1937722419928825,0.978666050523728,0.8612993224392189,0.023933342070509,0.1208777331525057,0.166895900735998,0.8429244062103534,5
0.2546742209631729,0.2893238434163701,0.4906808379544074,0.908402478350665,0.073683324428135,0.1249637601475955,0.2628224964053703,0.4457356892769648,3
0.8770538243626064,0.8451957295373665,0.2060227972889734,0.3146128482916046,0.7412821469256904,0.1806930822681761,0.2659094358336515,0.0648174190680877,1
0.7861189801699717,0.801423487544484,0.2950554528650677,0.7505706728504655,0.6300142147127318,0.2319486916998761,0.6015249662844301,0.2214599697851326,1
0.8283286118980171,0.6644128113879003,0.383163894023415,0.3493967172723649,0.5503521417841986,0.3173856164658543,0.2321436552126353,0.1338762067490775,2
0.1994334277620397,0.2793594306049822,0.741759088108445,0.7954998369506141,0.0557136088232032,0.147931557515112,0.2222303814968797,0.5900692336469042,5
0.8311614730878187,0.7870106761565837,0.3360289587184262,0.489836588282184,0.6541329529301464,0.2792943243285729,0.3855066245501957,0.1645992787026487,1
0.7470254957507083,0.7330960854092526,0.2704097350585357,0.5001268161889924,0.5476414666357505,0.2020029663879203,0.3666410111563431,0.1352391598613344,1
0.2388101983002833,0.2813167259786476,0.7029420825631583,0.7373817891952608,0.0671813031161473,0.1678697381305219,0.207437830732688,0.5183366905410643,4
0.7526912181303117,0.836832740213523,0.0621534195933435,0.6186818362984166,0.6298766546026433,0.0467823331046781,0.5177332163899382,0.0384531917662357,1
0.3866855524079321,0.3473309608540925,0.6348582871226149,0.9008659734048334,0.1343078644662426,0.2454905274567619,0.3128986441434581,0.5719222288028397,3
0.5144475920679886,0.6010676156583629,0.5895717806531131,0.5712888148121309,0.309217787545492,0.3033037829082304,0.3433832057714195,0.3368157638159946,3
0.7521246458923513,0.7601423487544482,0.5060844115834904,0.1689553969346714,0.5717217948847195,0.3806385588538716,0.1284301522606612,0.0855056926415382,1
0.3762039660056658,0.3377224199288257,0.6946241528034527,0.4250516323055182,0.1270525137862551,0.2613203611679845,0.143549465856917,0.2952511299879452,4
0.2524079320113315,0.2749110320284698,0.6037430683918679,0.7115837530345304,0.0693897250814069,0.1523895393589672,0.1956222239214145,0.4296137584748685,4
0.4124645892351276,0.490035587188612,0.5615372766481848,0.6079568100293489,0.2021223271803454,0.2316142421529057,0.2979204723880474,0.3413904114235984,3
0.6473087818696884,0.5706405693950177,0.5008471965496,0.5892604804521901,0.3693806518605143,0.32420278870137,0.3362559360872195,0.2951294596719498,2
0.6977337110481587,0.5131672597864769,0.4848274799753547,0.2443204463929852,0.3580540965592331,0.3382804768213311,0.125377253985297,0.1184532663311647,2
0.1271954674220963,0.2807829181494662,0.9407732593961846,0.796369433675133,0.0357143145181615,0.1196620944671067,0.2236069335123416,0.7492030678020486,5
0.6161473087818697,0.4234875444839856,0.173367221195317,0.5494039639117358,0.2609307108364501,0.1068197467704857,0.2326657356067492,0.0952486385370698,2
0.1960339943342776,0.2501779359430605,0.8847042513863279,0.5609985869053227,0.0490433800772231,0.1734321082037787,0.1403494685389472,0.4963178348568613,4
0.3592067988668556,0.3113879003558718,0.5245686999383885,0.8266603862458786,0.1118526508927041,0.1884286434906166,0.2574120419804782,0.4336401641035666,4
0.5226628895184137,0.4441281138790035,0.3973351817621697,0.8979673176564369,0.232129283316363,0.2076723542071397,0.3988125311157413,0.3567940073775083,2
0.3328611898016997,0.2747330960854092,0.8591343191620453,0.4701257291930867,0.091447985240894,0.2859724716757516,0.1291590971306273,0.4039011482708626,4
0.7705382436260624,0.795017793594306,0.4038046826863848,0.3795427370556904,0.612591614327624,0.3111469509651464,0.3017432293887588,0.153261134502695,1
0.5090651558073654,0.5170818505338078,0.4567929759704263,0.8431827240117395,0.2632283528071537,0.2325373874840952,0.4359944832701272,0.3851599457881731,3
0.4937677053824362,0.5610320284697509,0.5353512014787434,0.6059277510054712,0.2770194973435625,0.2643391343278894,0.3399448752527136,0.3243841495100918,3
0.1855524079320113,0.2731316725978647,0.9065773259396188,0.7478169498894889,0.0506802395330315,0.1682176058046601,0.2042524943203496,0.6779538907231347,5
0.7158640226628895,0.7240213523131672,0.646873074553298,0.4049059748541613,0.5183008377607291,0.4630731613020351,0.2931605714735911,0.2619227728589117,2
0.2121813031161473,0.3163701067615658,0.4336876155268037,0.8255009239465199,0.0671278215196636,0.0920204034078118,0.2611638154407317,0.3580095273215395,4
0.1269121813031161,0.3254448398576511,0.7322088724584113,0.5649117721656582,0.0413029145201778,0.0929262251731921,0.1838476212261545,0.4136334117358995,5
0.5529745042492917,0.6181494661921708,0.4330714725816413,0.6840465234247617,0.34182089461958,0.2394774828553438,0.4228429933056267,0.2962410352139137,3
0.3609065155807366,0.2734875444839857,0.6607362908194716,0.8399942026885032,0.0987034367344469,0.2384640324373957,0.2297279518740621,0.5550146537942611,3
0.6439093484419264,0.347508896797153,0.4047288971041283,0.4053407732164208,0.2237642273144274,0.2606087204299387,0.1408595249273433,0.1640531240952165,2
0.636543909348442,0.8295373665480427,0.2904343807763432,0.8592702634153411,0.5280369582531026,0.1848742361485675,0.712796791466605,0.2495616268745599,1
0.6130311614730879,0.7772241992882564,0.4185921133703019,0.7189753251929416,0.4764626536146705,0.2566100094428706,0.5588050214310978,0.3009574008336135,2
0.1079320113314447,0.2715302491103202,0.582178065311151,0.7852096090438059,0.029306805923805,0.0628356495420817,0.2132081607474817,0.4571318110568482,5
0.5385269121813031,0.576512455516014,0.6850739371534225,0.5985361788470596,0.3104674725030999,0.3689307519911207,0.3450635621822904,0.4100415365715201,3
0.1203966005665722,0.3254448398576511,0.5375077017868151,0.7649190188050292,0.0391824523907936,0.0647141000734833,0.2489389475790743,0.4111498638509168,5
0.5504249291784702,0.3370106761565835,0.5368915588416527,0.7569477154969382,0.1854990775558758,0.2955184982519351,0.2550994614148043,0.406398838934779,2
0.4677053824362607,0.7384341637010675,0.4654189772027131,0.5628827131417804,0.3453696329378081,0.2176789607256882,0.4156518255406385,0.2619762966355355,3
0.2161473087818697,0.2604982206405694,0.5763247073321018,0.7246277039023152,0.0563059893339247,0.1245710344743325,0.1887642274934144,0.4176208493762348,4
0.4405099150141643,0.3309608540925267,0.4962261244608754,0.7018732562774013,0.1457915377093141,0.2185925279140683,0.2322925723622715,0.3482878458252696,4
0.7121813031161474,0.8083629893238434,0.2211182994454716,0.6404217544113915,0.5757010071275191,0.1574763186419024,0.5176932438240127,0.1416089692633323,1
0.5436260623229462,0.7384341637010675,0.4974584103512001,0.4136019420993514,0.4014320566975491,0.2704313567886552,0.3054178042192719,0.2057497646349124,3
0.7804532577903683,0.9375444839857652,0.4376925446703659,0.4783868980760172,0.7317096468500802,0.3415985723985433,0.4485089975022304,0.2093863787558549,1
0.3691218130311615,0.2823843416370106,0.0,0.8237617304974818,0.1042342201566642,0.0,0.2326174139322959,0.0,3
0.7195467422096318,0.748932384341637,0.5211799137399922,0.175332439581144,0.5388918572883168,0.3750133090367082,0.1313121420279422,0.091379745736723,2
0.6694050991501417,0.8873665480427045,0.4250616142945205,0.5112866408203195,0.5940076920750456,0.2845384120617428,0.453698661525077,0.2173283249143076,2
0.8223796033994335,0.736476868327402,0.6354744300677773,0.1380847132142467,0.6056635548879457,0.5226012097696197,0.1016961971519158,0.0877493044308958,1
0.5308781869688386,0.7135231316725977,0.5224121996303168,0.3902677633247581,0.3787938665026766,0.2773372413901455,0.2784650766783416,0.2038806406832907,2
0.2963172804532578,0.435409252669039,0.3338724584103509,0.882024711040255,0.129019285635075,0.0989321788943985,0.3840417202696625,0.2944837586536893,4
0.6424929178470254,0.7158362989323844,0.4500154035736301,0.7820210877205696,0.4599197524018832,0.2891317097181283,0.5597990811209701,0.3519215353936613,2
0.7036827195467422,0.8683274021352311,0.3498921749845962,0.9185477734700532,0.611026987791477,0.2462130772412852,0.7976002018743521,0.3213926782866951,1
0.5566572237960341,0.5839857651245551,0.3246303142329054,0.92999746367622,0.3250798947506377,0.1807078094809233,0.5431052803888531,0.3019053688690163,2
0.7203966005665723,0.8165480427046262,0.110520640788664,0.7988332910612703,0.588238434163701,0.0796186939165927,0.6522857602633753,0.0882875672114089,1
0.5113314447592068,0.2902135231316726,0.4743530499075774,0.3295409253958475,0.1483953000715776,0.2425516303351776,0.0956372329752005,0.1563187430308857,3
0.9254957507082152,0.8715302491103202,0.1231515711645094,0.1659118083988549,0.8065975421652736,0.1139762558057938,0.1445971597041977,0.020432299879064,1
0.661473087818697,0.6204626334519573,0.4404651879235999,0.5383890720678285,0.4104193340255865,0.2913558679324662,0.3340503014769604,0.2371416438043686,2
0.484985835694051,0.6055160142348753,0.5239525569932226,0.5452009130765607,0.2936666901898319,0.254109568717393,0.3301278838433337,0.2856594124815036,3
0.2475920679886686,0.2829181494661921,0.3344886013555168,0.9846371245334976,0.0700482896978617,0.0828167245282497,0.2785717131687297,0.3293498946279274,4
0.5679886685552408,0.6713523131672597,0.6077479975354301,0.8228921337729627,0.3813205064873529,0.3451939759372627,0.5524505374956207,0.5001110464881753,2
0.6730878186968839,0.6690391459074733,0.7087954405422074,0.393891083010254,0.4503220993416874,0.4770815769768513,0.26352855375775,0.2791882037079002,2
0.3376770538243627,0.448932384341637,0.7248151571164563,0.7881082647922026,0.1515941649108304,0.2447534468223275,0.3538073224325137,0.5712328157701381,3
0.3526912181303117,0.340035587188612,0.9611059765865662,0.5166491539548534,0.1199275654532073,0.3389736376346388,0.1756790984355382,0.4965545896644026,4
0.834844192634561,0.7855871886120996,0.4059611829944565,0.0824305228450305,0.6558429022209229,0.3389143360579783,0.0647563626976529,0.0334635925690201,1
0.7158640226628895,0.7240213523131672,0.6290049291435658,0.3408456828145946,0.5183008377607291,0.4502819988514988,0.2467795522015276,0.2143936145676843,2
0.284985835694051,0.3423487544483986,0.6745995070856452,0.7756440450740969,0.0975645458852943,0.1922513042855974,0.2655407727264346,0.5232490904809017,4
0.8529745042492919,0.7640569395017792,0.5750924214417772,0.1505489329323525,0.6517210891897613,0.4905391730768247,0.1150279569415518,0.0865795503855423,1
0.6875354107648726,0.4135231316725979,0.2063308687615546,0.3860647124895828,0.284311796195296,0.1418597786074484,0.1596466889369734,0.0796570675261554,2
0.4269121813031162,0.3258007117437722,0.4472427603203925,0.6205659625348745,0.1390882925206415,0.1909333823804055,0.2021808322778211,0.2775436340449785,3
0.7348441926345609,0.7923487544483986,0.5698552064078868,0.6065074821551506,0.5822528807476334,0.4187547890714046,0.4805654480492679,0.345621446431451,1
0.7240793201133146,0.8131672597864769,0.3538971041281584,0.8168049567013296,0.5887975966045992,0.2562495745471878,0.6641990484208321,0.2890649088141263,1
0.5929178470254958,0.5880782918149464,0.5239525569932226,0.7662234138918076,0.3486821146653492,0.3106608220359249,0.4505993563901109,0.4014647169366889,2
0.7184135977337112,0.8565836298932384,0.414279112754162,0.6105656002029058,0.6153813273114032,0.2976237478596473,0.5230004981097489,0.2529445751302722,2
0.486685552407932,0.5567615658362989,0.7254313000616186,0.6666545889343816,0.2709678102285443,0.3530569330044931,0.3711676528070604,0.4836121051427123,3
0.7189801699716715,0.8177935943060496,0.3714571780653131,0.8299938403565348,0.5879773774359077,0.2670703450225962,0.6787636459570521,0.3083071697504304,2
0.7266288951841361,0.7532028469750888,0.2399106592729545,0.5650567049530781,0.5472989525470546,0.1743260172904046,0.4256023188730212,0.1355631266118963,1
0.4206798866855525,0.281138790035587,0.322165742452249,0.6617268741621072,0.118269434335084,0.135528648028779,0.1860370927359659,0.2131857297150412,3
0.6963172804532579,0.7240213523131672,0.6570394331484941,0.4363563897242654,0.5041485790327948,0.4575079112405096,0.315931343378654,0.2867033549551547,2
0.3541076487252125,0.3113879003558718,1.0,0.5570854016449871,0.1102648372364985,0.3541076487252125,0.17346965353714,0.5570854016449871,4
0.2915014164305949,0.288612099644128,0.5390480591497244,0.8559368093046849,0.0841308358452713,0.1571332727663077,0.2470337196961206,0.4613910758104981,3
0.2762039660056657,0.2476868327402135,0.4423136167590904,0.7375267219826804,0.0684120855302289,0.1221687751671708,0.1826756578291621,0.3262181118566355,4
0.241643059490085,0.291459074733096,0.7134165126309355,0.6957860792057684,0.0704290625346546,0.1723921488028861,0.2027931668574819,0.4963852781641312,5
0.5368271954674222,0.6023131672597865,0.647797288971045,0.7199898547048806,0.3233380883731715,0.3477552018697253,0.4336593697822101,0.4664074759644783,2
0.2912181303116147,0.2293594306049822,0.5144023413431924,0.7263668973513533,0.0667936245501194,0.1498032880738815,0.1665990979868139,0.3736448326717264,4
0.1662889518413597,0.2259786476868327,0.7396025878003698,0.7639044892930904,0.0375777524623713,0.1229877391044807,0.1726261034523531,0.5649857371134895,5
0.5940509915014165,0.597864768683274,0.5156346272335206,0.3753396862205151,0.3551621586200639,0.3063132615605362,0.2244023746798809,0.1935381391902619,3
0.3855524079320114,0.2704626334519573,0.7491528034504036,0.4088191601144968,0.1042775195830351,0.28883766727932,0.1105703066501842,0.3062680199040147,4
0.5458923512747875,0.3838078291814946,0.5415126309303773,0.4662125439327511,0.2095177583095581,0.2956076033435799,0.1789360244240113,0.2524599812377681,3
0.1541076487252125,0.2807829181494662,0.864987677141098,0.9375339686220514,0.043270795318218,0.1333012171004978,0.2632435235739497,0.8109553297592633,4
0.7490084985835694,0.7327402135231317,0.4346118299445471,0.1827240117395557,0.5488286471827649,0.3255279542134228,0.1338892313778452,0.0794140171169372,2
0.7934844192634561,0.3176156583629893,0.4500154035736301,0.4692561324685677,0.2520230762251368,0.3570802111642317,0.1490430954548742,0.2111724878322433,1
0.3609065155807366,0.2907473309608541,0.6675138632162678,0.7194101235552013,0.104932606131481,0.2409101024752196,0.209166573289893,0.4802162308112249,3
0.5685552407932012,0.7891459074733095,0.4118145409735056,0.963476937570202,0.4486730414444567,0.2341393155053331,0.7603238822284423,0.3967738127840317,2
0.8288951841359774,0.8117437722419928,0.3181608133086904,0.5923040689880068,0.6728505035637595,0.2637219659323592,0.4807991392746061,0.1884479443152709,1
0.6025495750708215,0.6953736654804269,0.5526032039433169,0.5621580492046814,0.4189971066506708,0.3329708257188201,0.3909099032547855,0.3106503391130317,2
0.5138810198300283,0.5674377224199288,0.4364602587800412,0.8243414616471612,0.2915954754871815,0.2242886428971656,0.4677624414933802,0.3597922876736373,3
0.5688385269121814,0.686476868327402,0.6973967960566867,0.3467879270988079,0.3904944905386468,0.3967061661421606,0.238061890168541,0.2418487892698484,2
0.8016997167138811,0.8085409252669037,0.3591343191620488,0.5520127540852928,0.648207030738056,0.287917881934447,0.4463249029472544,0.1982467246071891,1
0.3764872521246459,0.2845195729537366,0.2134165126309319,0.9671002572556976,0.10711799219703,0.0803485963984443,0.2751589521978398,0.206395164267988,4
0.4186968838526912,0.3238434163701068,0.491913123844732,0.4122975470125728,0.1355922292903733,0.2059624920800322,0.1335198461855662,0.2028145743044749,4
0.3654390934844193,0.3316725978647686,0.8646796056685169,0.7814413565708902,0.1212061334973233,0.3159877312499679,0.2591826848128361,0.6756964040527882,3
0.4628895184135977,0.2823843416370106,0.0,0.4354867929997463,0.1307127519078967,0.0,0.1229746513328464,0.0,3
0.2954674220963173,0.154270462633452,0.663200862600128,0.5523026196601326,0.0455818958999123,0.1959542492045137,0.0852039806486361,0.3662875737749103,4
0.1671388101983003,0.2259786476868327,0.7420671595810262,0.7581071777962969,0.0377698023045981,0.1240282221396049,0.1713160348400884,0.562566440085286,5
0.7461756373937677,0.8475088967971528,0.3298675292667923,0.5633175115040399,0.6323904912645044,0.246139113906156,0.4774166027213062,0.1858201557125554,1
0.660056657223796,0.5610320284697509,0.5057763401109092,0.5238957933258451,0.3703129253072293,0.3338410403564925,0.2939223196363683,0.2649740969478472,2
0.7084985835694052,0.7806049822064057,0.5042359827479999,0.285481358020218,0.5530575242204592,0.3572504795616849,0.2228481703976328,0.1439499731175582,2
0.531728045325779,0.5185053380782918,0.558456561922366,0.8502844305953114,0.2757038299073523,0.2969470160703346,0.4408770161485298,0.4748469197663743,4
0.6580736543909349,0.7316725978647688,0.2220425138632187,0.4615746947353164,0.4814944602945774,0.1461203285281181,0.3377215560056266,0.1024892055546774,1
0.7861189801699717,0.4638790035587188,0.2759550215650037,0.4066451683031993,0.3646640891998427,0.2169334801254632,0.1886341554744555,0.1122157761884139,2
0.4847025495750709,0.3327402135231316,0.6333179297597056,0.5447661147143011,0.1612800298408153,0.3069708152461349,0.1812655933302033,0.3450101479740994,3
0.3657223796033995,0.2823843416370106,0.0307301293900188,0.7468024203775498,0.1032742733862268,0.011238696046038,0.2108853098112404,0.0229493350069813,4
0.5934844192634562,0.5718861209964413,0.5495224892175017,0.6263632740316678,0.3394055024044036,0.3261330353854578,0.3582084631206015,0.3442007055003062,3
0.6779036827195467,0.6827402135231316,0.4302988293284038,0.575491865647306,0.4628321050880606,0.2917011610716346,0.3929114392328671,0.2476334760760548,2
0.241643059490085,0.2160142348754448,0.4139710412815809,0.9333309177868764,0.0521983406087123,0.1000332289555774,0.2016127640913287,0.3863719718965268,4
0.3634560906515581,0.3480427046263346,0.8819316081330868,0.8689807601724702,0.1264982408032825,0.3205434145140936,0.3024424140386747,0.7663815992556189,3
0.2152974504249292,0.1660142348754447,0.9275261860751698,0.6920178267328525,0.0357424415029286,0.1996940230643425,0.1148848100252225,0.6418646555255504,5
0.0892351274787535,0.3649466192170818,0.3206253850893432,0.9799992753360628,0.0325660580887764,0.0286110471113719,0.3576474223690862,0.3142126450419024,5
0.8759206798866855,0.7921708185053379,0.3372612446087508,0.2288126381390629,0.6938788019315877,0.2954140986771267,0.1812586948389871,0.077169635120992,1
0.2067988668555241,0.2010676156583629,0.910582255083181,0.632305518315881,0.0415805550794914,0.1883073785299496,0.1271361629353995,0.5757661847696145,5
0.558356940509915,0.3709964412811387,0.4222889710412829,0.52838870973586,0.2071484378938029,0.2357879778816908,0.1960303309251366,0.2231327245441874,2
0.4980169971671389,0.4638790035587188,0.4358441158348718,0.9157940505090764,0.2310196284011976,0.2170577778010495,0.4248176316151533,0.3991434482309643,3
0.713314447592068,0.7608540925266903,0.447858903265562,0.3959201420341315,0.5427282167088403,0.3194642261820637,0.3012374603804175,0.1773163605921516,2
0.8178470254957507,0.8263345195729536,0.4281423290203321,0.4382405159607231,0.6758152288972002,0.3501549302781016,0.3621332662138074,0.187629315174496,2
0.8334277620396602,0.8846975088967971,0.2469963031423283,0.2177977462951554,0.7373314649219199,0.2058535761599801,0.1926851235906606,0.0537952381676341,2
0.3521246458923513,0.2603202846975089,0.3816235366605056,0.7621652958440523,0.0916651880677064,0.1343790527107672,0.1984070868006848,0.2908602157199078,4
0.2124645892351275,0.3238434163701068,0.5599969192852754,0.7072357694119351,0.0688052584355751,0.1189795154288829,0.2290336477455021,0.3960498520790351,5
0.404815864022663,0.2019572953736654,0.5134781269254489,0.6267980723939273,0.0817555170223705,0.2078640916080642,0.1265864434461044,0.3218471001733157,4
0.5529745042492917,0.4441281138790035,0.35944239063463,0.7846298778941265,0.2455915235954149,0.1987624777673648,0.3484761877622312,0.2820292390736226,2
0.441643059490085,0.3163701067615658,0.6653573629081961,0.6398420232617124,0.1397226618813827,0.2938504614090305,0.2024268892098442,0.4257236012752576,3
0.2487252124645892,0.0,0.3905576093653735,1.0,0.0,0.0971415243690645,0.0,0.3905576093653735,4
0.7821529745042494,0.8814946619217082,0.2217344423906375,0.4836044784231312,0.6894636718316818,0.1734302536658782,0.4262947662114221,0.107231769360768,1
0.4722379603399434,0.4412811387900355,0.447858903265562,0.996521613101924,0.2083897049186938,0.211495974998213,0.4397461922585002,0.4463010767242564,3
0.7110481586402266,0.8026690391459074,0.327711028958717,0.6004203050835175,0.5707363422822175,0.2330183237071897,0.4819387893650795,0.1967643559866263,1
0.2203966005665723,0.241103202846975,0.4607979051139885,0.7266567629261929,0.053138326293186,0.101558291835321,0.1751992729119201,0.3348419140933018,4
0.6572237960339944,0.7699288256227758,0.5190234134319169,0.1809848182905176,0.5060155454517961,0.3411145380062457,0.1393454286019697,0.0939353581684996,2
0.5920679886685553,0.6062277580071175,0.270101663585951,0.7588318417333961,0.3589280493583217,0.1599185486953647,0.4600249261184485,0.2049617428341813,2
0.7008498583569406,0.6204626334519573,0.3994916820702414,0.7011485923403022,0.4348511487705786,0.2799836887937046,0.4350365020445967,0.2801030305352093,2
0.3390934844192635,0.2966192170818506,0.6345502156500338,0.7794122975470126,0.1005816438659986,0.215171843663765,0.2311886654823612,0.4945762414887451,4
0.7509915014164307,0.8234875444839856,0.240834873690698,0.6021594985325553,0.6184321474297582,0.1808649433864137,0.4958708468342822,0.145021006770742,2
0.6141643059490085,0.8508896797153026,0.477125693160815,0.8534729519185478,0.522586069581523,0.2930335701905515,0.726211326703647,0.407213873778144,2
0.5934844192634562,0.4243772241992882,0.5371996303142339,0.2563498677488314,0.2518612704525521,0.3188196106255864,0.1087890452991037,0.1377110541857749,2
0.6558073654390936,0.6313167259786477,0.6536506469500942,0.4108482191383744,0.4140221588216911,0.4286689086939004,0.2593753525805965,0.2685512042380925,2
0.5240793201133145,0.3649466192170818,0.3381854590264943,0.616507844487119,0.1912609760769409,0.1772360054388143,0.2249924535663845,0.2084939883813109,2
0.3614730878186969,0.3466192170818506,0.8178527418361092,0.812167107503895,0.1252935186958757,0.295631755972486,0.2815127269426313,0.6642330957011626,3
0.7184135977337112,0.6345195729537366,0.4457024029574867,0.4950541686292979,0.4558474892381519,0.3201986668272483,0.3141215596676292,0.2206468325521989,2
0.4858356940509916,0.3998220640569394,0.2845810227972905,0.6441900068843074,0.1942478299880031,0.1382596187244626,0.2575613781973377,0.1833242510349297,3
0.7767705382436262,0.7612099644128113,0.2278958718422679,0.7289756875249103,0.591285473773351,0.1770227990344189,0.5549035571586416,0.166130549860306,1
0.4158640226628895,0.2948398576512455,0.8012168823166981,0.2002608790173555,0.1226132892442006,0.333197275705641,0.0590448890625903,0.160452397136287,4
0.5175637393767705,0.3423487544483986,0.5544516327788038,0.0740244211746802,0.1771873015232929,0.2869640603645537,0.0253421683879154,0.0410429611858072,3
0.8385269121813032,0.6953736654804269,0.5214879852125733,0.2656255661437008,0.5830895325274968,0.4372817099799482,0.1847090235746588,0.1385205413092276,2
0.2920679886685552,0.2604982206405694,0.6718268638324112,0.7718757926011812,0.0760831913542286,0.1962191208530356,0.2010722705281368,0.5185668930114082,3
0.6660056657223796,0.5185053380782918,0.5726278496611243,0.5363600130439509,0.3453274928674402,0.3813733922247318,0.2781055298950307,0.3071346809135702,3
0.5212464589235128,0.793238434163701,0.3825477510782527,0.7652088843798688,0.4134727248898612,0.1994016606186926,0.6069930972536396,0.2927289378246174,2
0.2509915014164306,0.3494661921708185,0.8033733826247698,0.7934707779267365,0.0877130442672366,0.2016398915029875,0.2772912113608737,0.6374533028769098,5
0.5844192634560907,0.583629893238434,0.6274645717806528,0.4712851914924453,0.3410845523373624,0.3667023828848405,0.2750561259955907,0.2957147608663701,3
0.453257790368272,0.3494661921708185,0.7827325939618035,0.1837385412514945,0.1583982740717591,0.3547796459883529,0.0642104083661806,0.1438181450045401,4
0.5393767705382437,0.4153024911032028,0.3141558841651282,0.812167107503895,0.2240045164477332,0.1694483862465734,0.3372950229384502,0.2551470757477208,2
0.468271954674221,0.6537366548042703,0.7272797288971056,0.6875249103228376,0.3061265411873821,0.3405647002455851,0.4494602349690578,0.5000229303896001,3
0.7872521246458924,0.8145907473309607,0.4481669747381431,0.3120040581180476,0.6412882965531842,0.3528204030587251,0.2541556188726729,0.1398299148327891,1
0.2229461756373938,0.2277580071174376,0.573860135551449,0.70303271857676,0.050777776657627,0.1279399225719519,0.1601213309213972,0.4034424511795632,4
0.7614730878186969,0.8508896797153026,0.4718884781269281,0.5421573245407441,0.6479295918058735,0.3593303765453775,0.4613160722337791,0.2558377947828987,1
0.6419263456090651,0.5781138790035586,0.4971503388786189,0.5098373129461212,0.3711065296946356,0.3191339002546602,0.2947440266480333,0.2534657929041286,2
0.5039660056657225,0.4053380782918149,0.5011552680221811,0.5441863835646218,0.2042766122609458,0.2525652186434732,0.2205794629466562,0.2727218729093495,3
0.4464589235127479,0.6537366548042703,0.696164510166362,0.7968042320373927,0.2918665631647394,0.3108088577966534,0.5209001331860107,0.5547068278947958,3
0.6912181303116148,0.5603202846975089,0.447858903265562,0.1479401427587954,0.3873035395642838,0.3095681937586321,0.0828938629087983,0.0662563100849047,2
0.1946175637393767,0.29288256227758,1.0,0.6153483821877606,0.0570000907322088,0.1946175637393767,0.1802248108685148,0.6153483821877606,4
0.6552407932011333,0.6690391459074733,0.7038662969809018,0.3953404108844522,0.4383817406470215,0.4612019107413105,0.2644982108408434,0.2782667910561475,2
0.531728045325779,0.4523131672597864,0.3683764633394979,0.8698503568969891,0.2405075963021583,0.1958760967955347,0.3934447699701327,0.3204323981083128,2
0.4526912181303117,0.2626334519572952,0.4876001232285922,0.6937570201818906,0.1188918572883166,0.2207322937448415,0.1822038010299768,0.3382760085313908,3
0.5920679886685553,0.4039145907473309,0.4900646950092451,0.5311424326968368,0.2391448993376548,0.2901516182915927,0.2145361783312845,0.2602941542860438,2
0.7050991501416431,0.4209964412811388,0.3317159581022793,0.5334613572955541,0.2968442329599871,0.233892640146338,0.2245853329824343,0.176957645245837,2
0.7257790368271955,0.6852313167259786,0.6373228589032678,0.176346969093083,0.4973265250572116,0.4625555706827683,0.1208384658322887,0.1123899545013298,2
0.8059490084985836,0.8258007117437721,0.2873536660505245,0.4031667814051233,0.6655532648473178,0.2315924022418533,0.3329354150357966,0.1158514526665526,1
0.7725212464589235,0.7421708185053378,0.2716420209488603,0.3770788796695531,0.573342725797183,0.2098492326140345,0.279856940765428,0.1024304689305695,2
0.5900849858356941,0.6597864768683274,0.4592575477510827,0.6363636363636362,0.3893300938574295,0.2710009835596332,0.4198641216434809,0.2922548031143253,2
0.6215297450424929,0.7677935943060498,0.5020794824399282,0.6499873183811009,0.4772065569142983,0.3120573327119553,0.4990560994331762,0.3263452964052999,2
0.3906515580736544,0.3265124555160142,0.8615988909427053,0.7131780136961485,0.1275525994777857,0.3365849491813004,0.232861504471963,0.6144733856453231,3
0.7575070821529746,0.7322064056939502,0.5713955637707961,0.0417044095800571,0.5546515379109414,0.4328361862671697,0.0305362358402019,0.0238297146237249,1
0.7946175637393769,0.6087188612099644,0.4413894023413434,0.4762129062647195,0.4836986984968698,0.3507357715488579,0.2898797779949476,0.2101953300834187,2
0.391501416430595,0.2225978647686832,0.7235828712261245,0.6320156527410412,0.0871473793513655,0.2832837189899446,0.1406853348005413,0.4573157006702159,4
0.1694050991501416,0.2966192170818506,0.6416358595194112,0.8741983405195841,0.0502488078795882,0.1086963864001721,0.259304027339172,0.5609170036097262,4
0.8002832861189803,0.7790035587188612,0.3261706715958112,0.5988260444218994,0.6234235278699102,0.2610289369003305,0.4664876196581984,0.195319493078154,2
0.2354107648725212,0.2316725978647686,0.6564232902033282,0.7937606435015763,0.0545382234633491,0.1545291088269024,0.1838925903628206,0.5210429732412157,4
0.2563739376770538,0.346797153024911,0.5310382008626,0.8289793108445958,0.0889097516961882,0.136144354612083,0.2874876649174585,0.4402196817832322,4
0.6957507082152975,0.8083629893238434,0.2587030191004302,0.6686836479582592,0.562419122317099,0.1799928087565599,0.5405391125755109,0.1729904785498908,1
0.6016997167138811,0.7220640569395017,0.4336876155268037,0.558969527881445,0.4344657385097739,0.2609497154047964,0.4036118050076341,0.2424181616990471,2
0.6821529745042494,0.4101423487544483,0.3597504621072112,0.495923765353817,0.2797798231730061,0.2454048478057123,0.2033993379253644,0.1784088037559838,2
0.5937677053824363,0.7914590747330962,0.2722581638940227,0.7695568680024638,0.4699428387083766,0.1616581052469891,0.6090727667037295,0.2095181398943855,2
0.5577903682719547,0.3419928825622775,0.6148336414048075,0.3828761911663465,0.1907603359108001,0.3429482832651745,0.1309409322814444,0.235405162822008,3
0.2606232294617564,0.2644128113879003,0.438000616142947,0.7525997318743434,0.0689121208149768,0.1141531350854139,0.1989970109546751,0.3296391462699791,4
0.3320113314447592,0.3113879003558718,0.5264171287738755,0.861879053588898,0.103384311392941,0.1747764518195416,0.2683787088577529,0.4537078967406128,4
0.3433427762039661,0.3113879003558718,1.0,0.5789702525453819,0.1069127861845089,0.3433427762039661,0.1802843313086153,0.5789702525453819,4
0.2308781869688386,0.2880782918149466,0.1749075785582263,0.5028805391499691,0.0665109937193148,0.040382344624633,0.1448689667053024,0.0879576174067764,4
0.4657223796033995,0.6181494661921708,0.3945625385089357,0.8549222797927463,0.2878860403455889,0.1837566043367395,0.5284697508896798,0.3373203049428725,3
0.5886685552407932,0.7327402135231317,0.2525415896487999,0.8907206782854451,0.4313411228614922,0.1486632927167723,0.6526668599963458,0.2249440160272636,2
0.656657223796034,0.4192170818505338,0.4041127541589659,0.1463458820971772,0.2752819251358462,0.2653635592465957,0.0613506936336209,0.0591402374741135,2
0.6223796033994335,0.596085409252669,0.5787892791127582,0.4607050980107975,0.3709914006028651,0.3602266419860425,0.2746195868925572,0.2666511715612421,2
0.2407932011331445,0.3048042704626335,0.3856284658040678,0.6840465234247617,0.0733947960037502,0.0928567127290248,0.2085003015349852,0.2637878113668971,4
0.3807365439093485,0.490035587188612,0.552911275415898,0.6624515380992064,0.1865744558587803,0.2105135280903589,0.3246248284564438,0.3662769248316556,3
0.5858356940509915,0.6389679715302491,0.6989371534195961,0.3759194173701945,0.3743302450777776,0.4094623323715933,0.2402004675758662,0.2627440474918768,2
0.3464589235127479,0.3354092526690391,0.7707178065311169,0.7965143664625531,0.1162055286159305,0.267022061582877,0.2671582883953581,0.6138878053905411,4
0.5337110481586402,0.4101423487544483,0.3532809611829961,0.8675314322982717,0.2188975028479831,0.1885499520874687,0.3558113792611238,0.3064823382587947,2
0.6509915014164306,0.8939501779359428,0.6209950708564413,0.5372296097684699,0.5819539685260047,0.4042625135490374,0.4802565052449807,0.3336169395843493,2
0.5067988668555241,0.5170818505338078,0.4595656192236639,0.8507192289575709,0.2620564959220913,0.2329073350683101,0.4398914731940749,0.3909613092413639,3
0.3872521246458924,0.290035587188612,0.3893253234750453,0.5156346244429144,0.1123168973617089,0.1507670586941606,0.1495523910750801,0.2007496169561711,4
0.2628895184135977,0.288612099644128,0.741759088108445,0.8685459618102105,0.075873095883782,0.1950006894517385,0.2506728736754735,0.6442518606126141,3
0.7198300283286119,0.7772241992882564,0.3689926062846602,0.5718685459618102,0.5594693173913483,0.2656119582349353,0.4444700727333074,0.2110152652266673,2
0.7033994334277621,0.6597864768683274,0.458949476278498,0.5985361788470596,0.4640934340124807,0.3228248015862636,0.3949060767197325,0.2746978658155914,2
0.3796033994334278,0.1786476868327401,0.597581638940234,0.3927316207108952,0.0678152692226265,0.226844021580712,0.0701605955860744,0.234689205568071,4
0.8509915014164308,0.8514234875444838,0.1253080714725811,0.5947679263741439,0.724554152006694,0.1066361038820492,0.5063993821530743,0.07452922182769,2
0.3039660056657224,0.2893238434163701,0.4296826863832415,0.7573825138591979,0.0879446130271289,0.1306089298836312,0.2191288198460953,0.3254341531747127,3
0.3501416430594901,0.3137010676156584,0.3224738139248302,0.691583028370593,0.1098398072444628,0.1129115110513003,0.2169503343447252,0.2230174168043492,4
0.2739376770538244,0.2807829181494662,0.9475508317929808,0.8599949273524403,0.0769170203542588,0.2595698737517882,0.2414718852957564,0.814888908750549,3
0.369971671388102,0.2818505338078292,0.5963493530499093,0.5702742853001921,0.1042767130745113,0.2206323668790882,0.1607321117287374,0.3400827010997689,4
0.7844192634560907,0.8451957295373665,0.2377541589648792,0.3044675531722163,0.6629878116399343,0.1864989422588528,0.2573346757238482,0.0723884270365549,2
0.6787535410764873,0.6752669039145908,0.4882162661737546,0.5046197325990072,0.4583398022037846,0.3313785194765768,0.3407530044863402,0.2463635616870857,2
0.684985835694051,0.8177935943060496,0.3160043130006151,0.754628790898221,0.5601770286209711,0.2164584784236508,0.6171305912754844,0.2384659526382771,1
0.4813031161473088,0.344306049822064,0.6052834257547737,0.0018478930396027,0.1657155746877299,0.2913247989680908,0.0006362407529592,0.0011184990294391,3
0.5501416430594901,0.6430604982206406,0.3717652495378942,0.738831117069459,0.3537743590777575,0.2045235452131984,0.4751131062435987,0.2746717346036885,3
0.6594900849858357,0.7120996441281137,0.4028804682686413,0.3350483713178013,0.469622654824433,0.2656956742576196,0.2385878259811104,0.1349844447291614,3
0.6155807365439093,0.7999999999999997,0.4306069008009885,0.7188303924055219,0.4924645892351272,0.2650733131559626,0.5750643139244174,0.3095333274753002,1
0.3371104815864023,0.3211743772241991,0.571087492298215,0.5521576868727127,0.1082712489792625,0.192519579556622,0.1773389012108978,0.3153303487493205,4
0.3056657223796034,0.2667259786476869,0.4614140480591508,0.7205695858545598,0.0815289889407518,0.1410384583160973,0.1921946279708158,0.3324809295174582,4
0.5490084985835695,0.4793594306049821,0.3489679605668527,0.696075944780608,0.263172401278316,0.191586376084578,0.3336705685478572,0.2429082028497339,2
0.6628895184135978,0.4638790035587188,0.2932070240295736,0.6868002463857386,0.3075005292712187,0.1943638629544482,0.318592213937299,0.2013746563455403,2
0.6815864022662891,0.6781138790035587,0.4506315465187924,0.496938294865756,0.4621931991168732,0.3071443345394375,0.336980754756832,0.2239360723397673,2
0.7838526912181304,0.8514234875444838,0.1157578558225509,0.6983948693793252,0.6673905920780699,0.0907371068161468,0.5946297953701193,0.0808446925968211,1
0.2779036827195468,0.2879003558718861,0.7094115834873733,0.5111417080328998,0.0800085691530652,0.1971480916150463,0.1471578796436355,0.3626098484820601,4
0.3614730878186969,0.0092526690391459,0.3699168207024037,0.5507083589985144,0.0033445908481445,0.1337149754153731,0.0050955221829044,0.2037162852949684,3
0.2243626062322946,0.2784697508896796,0.76548059149723,0.9644914670821404,0.0624781990664663,0.1717452205285569,0.2685816985735852,0.738299498716068,4
0.6356940509915014,0.4523131672597864,0.3668361059765885,0.4259212290300372,0.2875327896121701,0.2331955302582052,0.192649780105757,0.1562432851101415,2
0.4994334277620397,0.6176156583629894,0.5510628465804075,0.5492590311243162,0.3084579052957366,0.2752192063799599,0.3392309781196622,0.3026762452013623,3
0.3260623229461757,0.3352313167259787,0.7118761552680226,0.6901337004963948,0.1093063018559777,0.2321159928366839,0.2313544291343786,0.4912897253302665,4
0.8147308781869689,0.791103202846975,0.3988755391250791,0.3156273778035434,0.6445362071920397,0.3249762182786763,0.2496938294865754,0.1258960404840234,2
0.7101983002832861,0.9676156583629892,0.2965958102279735,0.9063734193267872,0.6871989958968878,0.2106418402950508,0.8770211128646028,0.2688265586743272,1
0.3433427762039661,0.2647686832740213,0.6459488601355545,0.8288343780571759,0.090906414767171,0.2217818749247286,0.2194493869304408,0.535384621747194,4
0.7577903682719547,0.7101423487544484,0.5042359827479999,0.2722924743650131,0.5381390319881443,0.3821051710625778,0.1933664172937308,0.1372996634063269,2
0.7209631728045327,0.7330960854092526,0.3363370301910073,0.4317185405268307,0.5285352797072375,0.2424866124181625,0.3164911720588154,0.1452029317991902,1
0.3079320113314448,0.281138790035587,0.7140326555760979,0.7559331859849994,0.086571633078947,0.2198735117878806,0.2125221412555691,0.5397609802269694,3
0.4311614730878188,0.5895017793594305,0.4620301910043132,0.8840537700641327,0.2541704555765024,0.1992096177644659,0.521151270502219,0.4084595322408144,3
0.4206798866855525,0.2019572953736654,0.5165588416512641,0.5724482771114894,0.0849593721331142,0.217305914972274,0.1156101057867509,0.2957032189299728,4
0.3473087818696884,0.3113879003558718,1.0,0.585057429617015,0.1081477523615577,0.3473087818696884,0.1821798045960455,0.585057429617015,4
0.3002832861189802,0.3649466192170818,0.2423752310536038,0.708105366136454,0.1095873700765175,0.0727812308546232,0.2584206594209728,0.1716272017276197,4
0.1694050991501416,0.281138790035587,0.8089186691312378,0.9557954998369508,0.0476263446009294,0.1370349473485779,0.2687111903456194,0.7731608236897324,4
0.7079320113314448,0.8402135231316724,0.3791589648798528,0.8386898076017246,0.5948140493784843,0.2684187686217428,0.7046785180596695,0.3179967593055528,1
0.3645892351274788,0.5843416370106761,0.665049291435615,0.7556433204101598,0.2130446704908612,0.2424698124865826,0.4415538548446556,0.5025400548168322,3
0.7220963172804533,0.5603202846975089,0.4543284041897735,0.0714156310011231,0.4046052140776063,0.3280688675013407,0.0400156266944015,0.0324461496669459,2
0.203399433427762,0.1946619217081849,0.9293746149106604,0.6205659625348745,0.0395941245854041,0.1890342701149728,0.1208005628137281,0.5767382524575123,4
0.5546742209631729,0.4615658362989323,0.5076247689463962,0.8389796731765644,0.2560186706723256,0.2815663732569529,0.3872443544875458,0.4258868627469765,3
0.7240793201133146,0.904626334519573,0.2808841651263094,0.520417406427769,0.6550212212555323,0.2033824153152541,0.4707832907969355,0.1461770087216631,2
0.6575070821529745,0.4523131672597864,0.3659118915588415,0.4622993586724157,0.2973991108243524,0.2405896601439295,0.2091040871432883,0.1691608327982629,2
0.1413597733711048,0.281138790035587,0.8089186691312378,0.9310119931881592,0.0397417156452572,0.1143485597440474,0.2617435852735392,0.7531129824749867,4
0.2606232294617564,0.2613879003558718,0.5713955637707961,0.8414435305627015,0.068123758732975,0.1489189571300658,0.2199431577218163,0.4807971005271639,4
0.7393767705382437,0.7016014234875446,0.6404035736290865,0.2482336316533206,0.5187477947032554,0.4734995261110243,0.1741610693254525,0.1589697048057128,2
0.4167138810198301,0.300355871886121,0.6345502156500338,0.5288235080981195,0.1251624610607603,0.2644258830654957,0.1588352458486878,0.3355650711044691,4
0.7767705382436262,0.7870106761565837,0.3723813924830566,0.583318236167977,0.6113267065216297,0.2892548946709748,0.4590776794610253,0.2172168570449917,2
0.6827195467422097,0.7601423487544482,0.431531115218732,0.6244791477952099,0.5189640398011955,0.294614727387293,0.474693046153227,0.2694821830789102,1
0.3892351274787536,0.2722419928825622,0.5945009242144224,0.8310083698684734,0.105966146804714,0.2314006430228375,0.2262353747150825,0.4940352439167279,3
0.8742209631728046,0.755693950177936,0.3357208872458415,0.1593898329649623,0.6606434929884166,0.293494237405288,0.1204499324914937,0.0535104961409636,1
0.2631728045325779,0.2768683274021353,0.7722581638940262,0.9127504619732598,0.0728642142086639,0.20323734681517,0.2527116937420627,0.7048789958568938,3
0.5688385269121814,0.3562277580071175,0.5393561306223056,0.5476647704626979,0.2026360731099977,0.3068065468242464,0.1950933933214095,0.2953863514749139,3
0.8688385269121813,0.7898576512455516,0.3739217498459624,0.1348961918910104,0.6862587581785006,0.3248776223165911,0.1065487892890027,0.0504406201194433,2
0.231728045325779,0.3231316725978648,0.8021410967344451,0.992898293416428,0.0748786708739528,0.1858785884217496,0.3208368862712159,0.7964445260268125,4
0.4832861189801701,0.6690391459074733,0.7282039433148491,0.749411210551107,0.3233373322714305,0.3519308575906892,0.5013854362405983,0.5457241986876707,3
0.5371104815864023,0.4749110320284696,0.471580406654347,0.2093916446248052,0.2550796931235066,0.2532907793248277,0.0994424020469047,0.0987449969221881,3
0.1359773371104816,0.2370106761565835,0.6342421441774526,0.474183847240842,0.0322280806105269,0.0862425578484921,0.112386634257082,0.3007473800083453,5
0.8419263456090652,0.8110320284697509,0.3141558841651282,0.2735968694517916,0.6828292319014447,0.2644961155067312,0.2218958240144601,0.0859520664274387,1
0.315014164305949,0.3161921708185053,0.5544516327788038,0.3556288271314177,0.0996050124504753,0.1746601177478838,0.1124470508563219,0.1971789838662255,4
0.2994334277620397,0.3231316725978648,0.8030653111521886,0.9976810754012826,0.0967564243444598,0.2404645988350887,0.3223823546136529,0.8012030632477811,4
0.8609065155807367,0.7886120996441283,0.4684996919285282,0.1638827493749772,0.6789212948494352,0.4033344373288378,0.1292399190800532,0.076779017594577,2
0.1654390934844193,0.2724199288256228,0.7155730129390037,0.5972317837602812,0.045068906072001,0.1183837505825434,0.1626978400243755,0.4273629469282799,5
0.3881019830028329,0.2019572953736654,0.5279574861367848,0.605203087068372,0.0783800268164083,0.2049013473108768,0.1222251786161213,0.3195215004508394,4
0.3243626062322947,0.291459074733096,0.7694855206407887,0.4660676111453312,0.0945384250904801,0.2495923289330604,0.1358396347074826,0.3586322784159738,4
0.548158640226629,0.938612099644128,0.3024491682070263,0.6804232037392659,0.5145083322411863,0.1657901247820385,0.6386534519082966,0.2057934319997009,2
0.5609065155807366,0.6987544483985765,0.7377541589648828,0.558969527881445,0.3919359228977851,0.4138111146601892,0.3905824441264118,0.4123820939291731,3
0.3439093484419264,0.2870106761565836,0.7097196549599545,0.8014420812348273,0.0987056546328874,0.2440792241137067,0.2300224336355474,0.5687991973643695,4
0.7410764872521247,0.7642348754448399,0.4229051139864452,0.3586724156672342,0.566356496930227,0.3134050363140342,0.2741099689129486,0.1516843988315453,2
0.7031161473087819,0.6953736654804269,0.4851355514479358,0.4351969274249065,0.4889284526125835,0.3411066398565939,0.3026244826292765,0.2111295013747293,2
0.6342776203966006,0.6734875444839857,0.4725046210720904,0.7057864415377368,0.4271780770820522,0.299699106680003,0.4753383774413405,0.3334873551166074,2
0.1818696883852691,0.3279359430604982,0.5914202094886036,0.7383963187071996,0.0596416077747421,0.1075614092044429,0.2421466931276457,0.4367025054954257,5
0.5453257790368272,0.6681494661921706,0.4623382624768943,0.6428856117975288,0.3643591281642857,0.2521249731637455,0.4295436783451459,0.2972306167298646,3
0.4025495750708215,0.3476868327402135,0.3816235366605056,0.745787890865611,0.1399611867772927,0.1536223925197106,0.2593006296710683,0.2846102125107136,3
0.6045325779036828,0.7316725978647688,0.2094115834873697,0.6498423855936808,0.4423199217686733,0.1265961244085119,0.4754718664699672,0.1360845229843826,2
0.6410764872521247,0.7788256227758005,0.4370764017252035,0.8182542845755281,0.4992867944310585,0.280199404278792,0.6372774027735028,0.3576396383985025,1
0.6906515580736545,0.4259786476868327,0.2087954405422074,0.5031704047248088,0.2942028167310193,0.1442048963291506,0.2143398485607103,0.1050596863223172,2
0.5178470254957507,0.686476868327402,0.7365218730745582,0.6231747527084315,0.3554900043349832,0.3814056611842187,0.4277950526599872,0.4589818361175886,2
0.7053824362606234,0.801423487544484,0.3289433148490488,0.7459328236530307,0.5653100521206135,0.2320308368198673,0.5978080850059164,0.2453696156671388,1
0.24985835694051,0.2160142348754448,0.3702248921749849,0.9707235769411936,0.05397296180174,0.0925037832573192,0.2096901107485069,0.359386031604769,4
0.6892351274787536,0.8295373665480427,0.2793438077634036,0.743324033479474,0.5717462925811297,0.1925335649542099,0.6166150612244319,0.2076429659142079,1
0.6824362606232295,0.6081850533807828,0.3200092421441773,0.6843363889996013,0.4150475335961206,0.2183859105737459,0.4162031632741346,0.2189939692154453,2
0.4000000000000001,0.4873665480427046,0.8520486752926679,0.3992535961447878,0.1949466192170818,0.3408194701170672,0.1945828469467213,0.3401834977010002,3
0.3195467422096318,0.3142348754448398,0.5008471965496,0.2256241168158265,0.1004127307370479,0.1600440900022518,0.0708989662449732,0.1130032063811861,4
0.5569405099150142,0.6300711743772242,0.6514941466420225,0.7908619877531795,0.3509121611404031,0.362843482237455,0.4982993413939516,0.5152419558228714,2
0.3331444759206799,0.3137010676156584,0.3264787430683924,0.8375303453023661,0.1045077777665763,0.1087645897587619,0.2627341634818633,0.2734358544159532,4
0.5810198300283287,0.6923487544483985,0.5371996303142339,0.7510054712127252,0.4022683556299335,0.3121236378964572,0.5199577025780628,0.403439861499443,2
0.5742209631728045,0.2879003558718861,0.5328866296980941,0.6169426428493787,0.1653184196465476,0.3059946737671492,0.177618006428878,0.3287604856650404,3
0.8589235127478755,0.8715302491103202,0.198012939001849,0.3656291894633863,0.7485778230318672,0.1700779691369989,0.3186568985750295,0.072399310390509,2
0.4677053824362607,0.301067615658363,0.3372612446087508,0.2095365774122249,0.1408109443206678,0.157738899390665,0.0630846777547125,0.0706685668891048,3
0.2371104815864023,0.1850533807829181,0.7023259396179959,0.5150548932932353,0.0438780962366295,0.1665288417734455,0.0953126492926983,0.3617364118870181,4
0.6022662889518414,0.7806049822064057,0.458025261860751,0.6507119823181999,0.4701320657707701,0.2758531747070699,0.5079490153789935,0.2980425260972218,2
0.378186968838527,0.4540925266903914,0.522720271102898,0.9992753360629008,0.171731876241267,0.197685994878858,0.4537634622121926,0.522341474573239,3
0.2954674220963173,0.2818505338078292,0.4795902649414678,0.850574296170151,0.0832776506406702,0.1417032992447453,0.2397348194187756,0.4079271520526452,4
0.8280453257790369,0.7642348754448399,0.4198243992606301,0.1677959346353128,0.6328211164094242,0.3476336314557569,0.1282355052061687,0.0704448274566461,2
0.8648725212464591,0.8830960854092526,0.1804528650646943,0.1691003297220912,0.7637655378907786,0.1560687243746492,0.1493318392189926,0.0305146389817358,1
0.3444759206798867,0.3496441281138789,0.6323937153419621,0.8404290010507627,0.1204439829423447,0.2178444073245966,0.2938510653140121,0.5314820184556256,3
0.6920679886685552,0.4638790035587188,0.4438539741219998,0.4109931519257944,0.321035808978456,0.3071771271331573,0.1906510937847946,0.1824209438191906,2
0.3402266288951842,0.2893238434163701,0.4487831176833055,0.6739012283053734,0.0984356759045497,0.1526879672344617,0.1949756934563233,0.3024354942494945,3
0.2192634560906516,0.2544483985765123,0.674291435613064,0.6336099134026594,0.0557912352686177,0.1478474705848474,0.1612210277875093,0.4272377381269484,5
0.4274787535410765,0.5149466192170817,0.6487215033887885,0.4262110946048769,0.2201287389231094,0.2773146596639325,0.2194759622395931,0.2764923020530569,3
0.6419263456090651,0.5816725978647687,0.4423136167590904,0.5875212870031523,0.3733909650882622,0.2839327636192915,0.341745033311976,0.2598686653773199,2
0.2773371104815864,0.2727758007117437,0.5729359211337055,0.8027464763216059,0.075650852378696,0.1588963928583279,0.2189698128471568,0.4599222918481556,4
0.5569405099150142,0.7161921708185052,0.5855668515095509,0.6530309069169171,0.3988764328127992,0.3261259008690587,0.467695622836404,0.3823932521017658,2
0.0662889518413597,0.2587188612099643,0.3298675292667923,0.9352150440233342,0.0171502021311987,0.0218665727615947,0.2419577711761436,0.3084970759051116,5
0.6980169971671388,0.8186832740213522,0.3415742452248942,0.6652052610601833,0.5714548405633462,0.2384246289615125,0.5445924210209792,0.2272169849662608,2
0.9005665722379604,0.9218861209964412,0.3726894639556377,0.2372187398094133,0.8302198239795147,0.3356316730637315,0.2186886638705641,0.0884089249798021,1
0.4076487252124646,0.237900355871886,0.1610443622920527,0.6357839052139571,0.0969797767987659,0.0656495289910095,0.1512532173080178,0.1023894135707326,4
0.6209631728045326,0.686476868327402,0.4247535428219358,0.8107177796296967,0.4262768542135028,0.2637563076106751,0.556539002457539,0.3443552491264471,2
0.7263456090651559,0.7275800711743771,0.3816235366605056,0.6727417660060147,0.5284745899408224,0.2771905801692738,0.4894735019926323,0.2567340920024496,2
0.8954674220963174,0.7677935943060498,0.4620301910043132,0.2125801659480415,0.6875341505953041,0.4137329840693015,0.1632176896914233,0.0982184546767022,1
0.7677053824362607,0.8071174377224198,0.3939463955637734,0.5266495162868219,0.6196284011976652,0.3024347682656731,0.4250680081631715,0.2074716786665982,2
0.69971671388102,0.7453736654804269,0.6450246457178075,0.4783868980760172,0.521550411823415,0.4513345254739334,0.3565769957367323,0.3085713394475238,2
0.1090651558073654,0.2604982206405694,0.775338878619845,0.8966629225696583,0.0284112790217051,0.0845624556001813,0.2335790958437686,0.6952176248851517,4
0.4583569405099151,0.448932384341637,0.5849507085643886,0.6683937823834196,0.205771274182654,0.2681162171266801,0.3000636144045138,0.390977416605213,3
0.2538243626062323,0.2864768683274021,0.7550061614294528,0.8118772419290554,0.0727148085046323,0.1916389576886089,0.2325840497341244,0.6129723199807873,4
0.2328611898016997,0.2923487544483986,0.7220425138632187,0.5109967752454799,0.068076678797899,0.1681356788655993,0.1493892707701643,0.3689613961742445,4
0.1949008498583569,0.2749110320284698,0.9019562538508978,0.7983984926990109,0.0535803937777867,0.1757920404105998,0.2194885535978597,0.7201205135550033,5
0.4492917847025496,0.3309608540925267,0.4549445471349358,0.7386861842820391,0.1486979928019114,0.2044028475229485,0.2444762104563332,0.336061251583026,4
0.2314447592067989,0.2784697508896796,0.6444085027726452,0.9697090474292548,0.0644503644410391,0.1491449707550286,0.2700346368730931,0.624888755378974,4
0.8515580736543911,0.8110320284697509,0.3089186691312413,0.2843218957208594,0.6906408718357143,0.263062186801278,0.2305941638248536,0.0878323416309594,1
0.3946175637393768,0.3199288256227758,0.507316697473815,0.7288307547374906,0.1262495337372597,0.2001960792014233,0.2331739674409267,0.3697480115107718,3
0.5858356940509915,0.6690391459074733,0.7177295132470753,0.6931772890322112,0.3919470123899871,0.4204715675339806,0.4637627414165683,0.4975137982510162,2
0.8611898016997168,0.8110320284697509,0.3033733826247697,0.2376535381716727,0.6984525117699838,0.2612620632235977,0.192744631136385,0.0720977577678851,1
0.668271954674221,0.7870106761565837,0.35944239063463,0.7399905793688177,0.5259371629046405,0.2402052689821791,0.5823804862185553,0.2659839828954328,1
0.256657223796034,0.2964412811387901,0.1591959334565622,0.928403203014602,0.0760837962356214,0.0408587863205794,0.2752170349150048,0.1477980145279717,4
0.6158640226628895,0.4731316725978648,0.2799599507085659,0.6565092938149932,0.2913847751353422,0.1724172614278816,0.3106153402587308,0.1837963095361609,2
0.7218130311614731,0.7466192170818503,0.5239525569932226,0.0325736439726075,0.5389194802052563,0.3781957833480825,0.0243201085603311,0.0170670440500345,2
0.4971671388101984,0.7695729537366548,0.4293746149106603,0.9233305554549078,0.3826063835149658,0.2134709487728637,0.7105702228367395,0.3964547016836971,3
0.2376770538243626,0.2784697508896796,0.7540819470117093,0.9489836588282184,0.0661858699706632,0.1792279755078821,0.2642632430722707,0.7156114451314786,4
0.2611898016997167,0.3455516014234875,0.5005391250770188,0.7636146237182506,0.0902545542528202,0.1307357148218162,0.2638682560962353,0.3822189956519501,4
0.2028328611898017,0.3322064056939502,0.5005391250770188,0.7134678792709881,0.0673823757724839,0.1015257828768117,0.2370185997507001,0.3571185880608564,4
0.1889518413597734,0.1925266903914591,0.5051601971657433,0.6375230986629952,0.0363782726603691,0.0954509494361333,0.1227402122336941,0.3220512942183143,5
0.7011331444759207,0.5553380782918148,0.5180991990141735,0.4744737128156816,0.3893659330799551,0.3632565205552632,0.263493319875043,0.2458244505630856,2
0.8169971671388102,0.8131672597864769,0.3603666050523735,0.6608572774375883,0.6643553476555806,0.2944184954592196,0.5373875014038751,0.2381508934943381,1
0.1311614730878187,0.2485765124555159,0.4586414048059133,0.9034747635783904,0.0326036615486979,0.0601560822734101,0.224582605821888,0.4143709347742834,5
0.5606232294617565,0.3215302491103202,0.4118145409735056,0.4450523569694553,0.1802573266258707,0.2308727978998775,0.1430977952035241,0.1832790320945529,2
0.5,0.2967971530249109,0.4432378311768339,0.424471901155839,0.1483985765124554,0.2216189155884169,0.1259820518021244,0.1881420048638215,4
0.2940509915014164,0.2613879003558718,0.546441774491683,0.7817312221457298,0.0768613712661175,0.1606817455870727,0.2043350827993018,0.4271705962048646,4
0.6263456090651559,0.6734875444839857,0.4808225508317925,0.8021667451719265,0.4218359662476183,0.3011610934530009,0.540249311472552,0.3856998606060022,2
0.71671388101983,0.731850533807829,0.5174830560690111,0.1176491901880502,0.5245274364118435,0.3708872894772232,0.0861016226411833,0.0608814624825565,2
0.6209631728045326,0.6345195729537366,0.3942544670363546,0.6889742381970361,0.3940132872279294,0.2448175047432547,0.4371676393969093,0.2716311710821508,2
0.7521246458923513,0.6204626334519573,0.4047288971041283,0.316931772890322,0.4666652384744891,0.3044065784168444,0.1966443224321268,0.1282714468991561,2
0.6393767705382436,0.6313167259786477,0.6450246457178075,0.4502699373165693,0.403649249443005,0.4124137748966264,0.2842629426333075,0.2904352067949995,2
0.6022662889518414,0.5660142348754448,0.3982593961799168,0.6614370085872676,0.3408912927323501,0.2398582085774796,0.3743827623338253,0.2634235036510156,2
0.3756373937677054,0.4540925266903914,0.5365834873690716,0.9994202688503206,0.1705741332553708,0.2015608227341045,0.4538292751078324,0.5362724132070401,3
0.786685552407932,0.7322064056939502,0.574784349969196,0.0259067357512952,0.5760162007399716,0.4521745438709511,0.0189690778677188,0.0148907862686319,2
0.6679886685552409,0.8007117437722419,0.3033733826247697,0.6153483821877606,0.534866371618965,0.2026499819346195,0.4927166761289897,0.1866803201969805,2
0.3677053824362606,0.3998220640569394,0.3190850277264339,0.8823145766150948,0.147016724970512,0.1173292821498332,0.3527688351697718,0.2815333711426643,3
0.2492917847025496,0.2741992882562277,0.7756469500924261,0.7602811696075946,0.0683556299335638,0.1933624124876303,0.2084685555810147,0.5897097704188333,4
0.4903682719546743,0.346797153024911,0.5467498459642641,0.1811297510779375,0.1700583206476263,0.2681087771569805,0.0628152820019395,0.0990326635014078,3
0.5218130311614732,0.7845195729537365,0.4956099815157131,0.8497046994456321,0.4093725363684937,0.2586157467285959,0.6666099679458704,0.4211221303860643,2
0.7711048158640228,0.3176156583629893,0.4595656192236639,0.4937497735425197,0.2449149637575232,0.354373262188899,0.1568226593902842,0.2269104204196119,1
0.3940509915014165,0.3142348754448398,0.4641866913123849,0.211275770861263,0.1238245642333632,0.1829132259534072,0.0663902155411015,0.0980714010305632,4
0.5356940509915015,0.7695729537366548,0.4416974738139245,0.8107177796296967,0.4122556531206839,0.2366147090600938,0.6239064763164481,0.3580919952384709,2
0.4456090651558074,0.5895017793594305,0.4755853357979056,0.8753578028189428,0.2626873368080408,0.2119251368867154,0.5160249823379283,0.4163073345969637,3
0.7337110481586403,0.8475088967971528,0.3163123844731963,0.6017247001702961,0.6218266409928119,0.2320818911573877,0.5099670368169252,0.1903329747072854,1
0.6424929178470254,0.7064056939501778,0.5285736290819507,0.4660676111453312,0.4538606554898026,0.3396048132458538,0.3292328142788193,0.2463510486206431,2
0.4014164305949009,0.3437722419928825,0.6644331484904527,0.7939055762889959,0.1379958263183894,0.2667143828359692,0.2729226998915195,0.5274971816578248,3
0.7660056657223797,0.8177935943060496,0.3751540357362941,0.6628863364614661,0.6264345266299032,0.2873701168926174,0.5421041997111917,0.2486844843579659,2
0.5501416430594901,0.5686832740213522,0.4336876155268037,0.6378129642378347,0.3128563507505569,0.2385896173804682,0.3627135647160355,0.2766115836123891,2
0.7356940509915015,0.8576512455516013,0.3123074553296376,0.9298525308888002,0.6309689191777645,0.2297627369663085,0.7974891812960883,0.2903998777537044,2
0.6645892351274788,0.7923487544483986,0.5636937769562564,0.6981050038044856,0.5265864526730717,0.3746248160734781,0.5531426302386787,0.3935174463066122,2
0.811614730878187,0.736476868327402,0.6437923598274793,0.3379470270661979,0.5977354752855544,0.5225113628628125,0.2488901681542691,0.2175677140516285,1
0.6889518413597734,0.4016014234875444,0.181685150955019,0.5076633211348236,0.2766840402044498,0.1251723192981887,0.2038783124201595,0.0922348871347067,2
0.6838526912181303,0.6010676156583629,0.6009704251386339,0.5198376752780898,0.4110417065720362,0.4109752425735586,0.3124575920087877,0.3124070687149527,2
0.3356940509915014,0.2702846975088967,0.2633240911891583,0.9399978260081888,0.0907329650277741,0.088396330894944,0.2540670280616438,0.2475240732533908,4
0.4526912181303117,0.3496441281138789,0.5790973505853394,0.521287003152288,0.1582808262679826,0.2621522850525135,0.1822649397142786,0.3018759224200614,3
0.518130311614731,0.6140569395017793,0.6795286506469544,0.8126019058661547,0.3181615134132449,0.3520843915108442,0.4989838393494838,0.5521862766063715,2
0.6062322946175638,0.6597864768683274,0.458025261860751,0.65940794956339,0.3999838698295243,0.2776697054906536,0.4350684478613968,0.3020254987718326,2
0.7767705382436262,0.7322064056939502,0.4373844731977847,0.3182361679771005,0.5687563638563207,0.339747372665248,0.2330145607163289,0.1391915586831458,2
0.5198300283286119,0.6181494661921708,0.4413894023413434,0.7981086271241713,0.3213326545219925,0.2294474655230496,0.4933504218201728,0.352276689929808,3
0.6345609065155808,0.8258007117437721,0.2343653727664829,0.7797021631218521,0.5240208482453399,0.1487191033985614,0.6438786012541842,0.1827351881068859,1
0.6889518413597734,0.5686832740213522,0.4731207640172528,0.2118555020109424,0.3917953887875152,0.3259574215552291,0.1204786805030198,0.1002332369726757,2
0.4889518413597735,0.4329181494661921,0.317544670363528,0.661292075799848,0.2116761263395602,0.1552640512882293,0.286285341711927,0.2099897742238759,3
0.2229461756373938,0.2793594306049822,0.7959796672828112,0.8156454944019711,0.0622821166816206,0.1774606227058279,0.2278582608916538,0.649237229254805,4
0.4070821529745043,0.3314946619217082,0.7719500924214451,0.7217290481539185,0.1349455606746444,0.3142471056117894,0.2392493268168594,0.557138805425659,3
0.276487252124646,0.2555160142348753,0.1647412199630302,0.6888293054096162,0.0706469206496425,0.04554884721924,0.1760069186064427,0.1134785801194668,4
0.6070821529745043,0.7642348754448399,0.3942544670363546,0.7194101235552013,0.4639533535632555,0.2393448506682458,0.5497983061689662,0.2836306548428138,2
0.0909348441926345,0.2718861209964412,0.7482285890326601,0.9001413094677342,0.0247239220509511,0.0680400501641597,0.2447359289798394,0.6735114619130538,5
0.5796033994334278,0.43932384341637,0.313847812692547,0.8431827240117395,0.2546335930962869,0.1819072591413459,0.3704302750151217,0.264631053631228,2
0.9263456090651558,0.848220640569395,0.5180991990141735,0.1196782492119279,0.7857454659098928,0.4799389180669539,0.1015135612087651,0.0620052050561184,2
0.0254957507082153,0.2501779359430605,0.9164356130622338,0.723903039965216,0.0063784742875001,0.0233652139307651,0.1811045683614045,0.6634105262281375,5
0.315014164305949,0.2019572953736654,0.5023875539125093,0.7576723794340374,0.0636194086276249,0.158259195453459,0.1530174645298277,0.3806451733709367,4
0.763172804532578,0.5727758007117437,0.2420671595810226,0.3824413928040869,0.4371269141975744,0.1847390730626841,0.2190531749886753,0.0925765016622954,2
0.2328611898016997,0.2964412811387901,0.0519870609981545,0.9962317475270844,0.0690296694323188,0.0121057688783237,0.2953242155480646,0.0517911606269885,4
0.3263456090651558,0.249644128113879,0.5242606284658038,0.7765136417986158,0.0814702650388636,0.1710901541055541,0.1938520710753484,0.4070955298616123,4
0.6084985835694051,0.4259786476868327,0.2146487985212566,0.6225950215587521,0.2592074037482483,0.1306134898650592,0.2652121853401517,0.133639273342902,2
0.2158640226628895,0.285409252669039,0.982670979667283,0.7923113156273778,0.0616095893863477,0.2121233106250622,0.2261329804744329,0.7785813367290292,4
0.6560906515580737,0.6140569395017793,0.6712107208872489,0.4170803289974273,0.402877017531479,0.4403750791996794,0.2561110703505554,0.2799487882942541,2
0.2022662889518414,0.2348754448398576,0.6450246457178075,0.4808507554621544,0.0475073845936709,0.1304667413718171,0.112940035090755,0.3101605881851162,4
0.2487252124645892,0.2160142348754448,0.4999229821318565,0.7304250153991088,0.0537281864647706,0.124343449946677,0.1577822008353234,0.3651562519220296,4
0.7796033994334278,0.702491103202847,0.4266019716574263,0.3211348237254972,0.5476644521286785,0.3325803473091324,0.2255943565957763,0.1369967489691571,2
0.2722379603399434,0.2879003558718861,0.7177295132470753,0.5856371607666944,0.0783774056637061,0.1953932187621641,0.1686051469965322,0.4203290743364787,4
0.7322946175637395,0.7898576512455516,0.3942544670363546,0.7697018007898837,0.5784085066486547,0.2887104241611832,0.607954856531369,0.303458373247338,2
0.3297450424929178,0.3649466192170818,0.3640634627233545,0.8101380484800174,0.1203393384613833,0.1200481219858313,0.2956571418919066,0.2949416632135759,3
0.7351274787535412,0.7158362989323844,0.4278342575477509,0.5236059277510055,0.5262309336344301,0.3145127190754713,0.3748161294203372,0.2240165533469527,2
0.6274787535410765,0.5866548042704626,0.5070086260012339,0.4175151273596869,0.368113425342514,0.318137140677828,0.2449372553211543,0.211683771057365,2
0.3181303116147309,0.351067615658363,0.4956099815157131,0.8191238813000472,0.1116852499672355,0.1576685578589648,0.2875678679368315,0.4059659716701956,4
0.2011331444759207,0.2727758007117437,0.5606130622304413,0.8476756404217545,0.05486425453409,0.1127578680406836,0.2312254015598842,0.4752180365549902,5
0.6348441926345609,0.4352313167259786,0.5452094886013583,0.5167940867422731,0.2763040738761808,0.3461230776078312,0.2249249708490391,0.2817610397449607,3
0.7903682719546743,0.827224199288256,0.3665280345040038,0.5753469328598861,0.6538117609105479,0.2896921292538727,0.4759409058479733,0.2108807804590411,1
0.5708215297450425,0.793238434163701,0.4367683302526224,0.71172868582195,0.452797576441886,0.2493167664189898,0.5645705482907923,0.3108605496993464,2
0.7093484419263457,0.7384341637010675,0.3039895255699321,0.5541867458965906,0.5238071234865364,0.2156344963249603,0.4092304262403649,0.168466965962249,2
0.5977337110481586,0.7699288256227758,0.554759704251385,0.3573680205804557,0.4602124141824523,0.3315985767621593,0.2751479404006462,0.1982533774061164,2
0.7524079320113315,0.6752669039145908,0.5011552680221811,0.2588137251349686,0.5080761747300717,0.3770731988291538,0.1747683428624921,0.1297058617878343,2
0.2048158640226628,0.2624555160142349,0.8129235982748,0.6544802347911154,0.0537550532799693,0.1664996491650651,0.1717719477432198,0.5320424274661295,4
0.7484419263456091,0.6565836298932383,0.4302988293284038,0.4304141454400521,0.4914147167642877,0.322053684726811,0.2826028819704256,0.1852067029092397,2
0.7657223796033995,0.8814946619217082,0.2300523721503395,0.5173738178919526,0.6749801901343846,0.1761562498363648,0.4560622586898101,0.1190230740945214,2
0.8339943342776205,0.8565836298932384,0.4281423290203321,0.203449400340592,0.714385894165919,0.3570682766673818,0.1742714258433469,0.087105300099611,1
0.3181303116147309,0.2727758007117437,0.5867991373998791,0.7421645711801153,0.0867782504813847,0.1866785924362788,0.2024445351635438,0.4355015301772428,4
0.4439093484419264,0.490035587188612,0.7121842267406038,0.6566542266024131,0.2175313782222535,0.3161452360630386,0.3217839395129974,0.4676587826087888,3
0.7073654390934845,0.8487544483985764,0.341266173752313,0.8595601289901809,0.6003795630740072,0.2413998968440582,0.7295554831464701,0.2933387963305236,1
0.5297450424929179,0.7601423487544482,0.4872920517560111,0.6795536070147468,0.4026816408415916,0.2581405486639492,0.5165574749407469,0.331141071440414,2
0.5096317280453259,0.7535587188612097,0.2670209488601394,0.5578100655820863,0.3840374320768602,0.1360823475918954,0.4203426383879243,0.1489469729954652,2
0.3563739376770539,0.3097864768683274,0.6299291435613092,0.75535345483532,0.1103998266006674,0.2244903293484779,0.233998285563753,0.4758191548904892,3
0.6951841359773372,0.6140569395017793,0.5030036968576717,0.6154933149751802,0.4268826429284325,0.3496801903934069,0.3779479412774638,0.3095954128236989,2
0.171671388101983,0.3142348754448398,0.5470579174368453,0.759701438457915,0.0539451372576693,0.0939141920585632,0.2387246868890885,0.4156006867965627,5
0.7294617563739377,0.7158362989323844,0.4302988293284038,0.511721439182579,0.5221752038954363,0.3138865398075467,0.3663087811088105,0.2201931362225097,2
0.9050991501416432,0.7677935943060498,0.4441620455945809,0.1041704409580056,0.6949293296906033,0.4020106899928289,0.0799813972835932,0.0462685561463972,1
0.6212464589235127,0.6690391459074733,0.7004775107825019,0.4670821406572701,0.4156382002762291,0.4351691731291859,0.3124962364539743,0.327180535218567,2
0.4212464589235128,0.4946619217081849,0.5362754158964904,0.6791188086524873,0.2083745828838728,0.2259041199541307,0.3359342149562125,0.3641947215532417,3
0.3334277620396601,0.2476868327402135,0.5932686383240906,0.6957860792057684,0.082585666327261,0.197812234364718,0.1723370502232081,0.412788059775264,4
0.571671388101983,0.3046263345195729,0.4577171903881698,0.6214355592593934,0.1741461595072232,0.2616638215873447,0.1893056365573098,0.2844417381915106,3
0.6195467422096318,0.6033807829181496,0.4262939001848451,0.7631798253559909,0.3738225983688366,0.2641089970833587,0.4604880405306344,0.3253389042933943,2
0.4226628895184137,0.5149466192170817,0.6484134319162074,0.4098336896264356,0.21764882602603,0.2740602947362554,0.2110424729143958,0.2657416692055588,3
0.2637393767705382,0.3480427046263346,0.883163894023415,0.9037646291532302,0.091792566007682,0.2329250949959771,0.3145486858761065,0.7981722891635944,4
0.2447592067988668,0.2535587188612099,0.7183456561922377,0.6120149280771041,0.0620608309054066,0.1758217130170235,0.155181721087166,0.4396382651089925,4
0.1294617563739377,0.2617437722419928,0.6659735058533585,0.4208485814703431,0.0338858084743883,0.0862180997662846,0.1101544952567392,0.2802740052352171,5
0.0957507082152974,0.2743772241992882,0.8726894639556413,0.9262292112033044,0.0262718135352292,0.0835606342257809,0.2541361999422589,0.8083104738250682,5
0.3640226628895184,0.3998220640569394,0.2845810227972905,0.8814449798905757,0.1455442924399906,0.1035939417264924,0.3524211512124774,0.2508425139167972,3
0.6141643059490085,0.4259786476868327,0.1983210104744301,0.6782492119279684,0.2616208805056808,0.1218016857531344,0.2889196820917359,0.1345110690630405,2
0.6373937677053825,0.711387900355872,0.5208718422674075,0.4737490488785825,0.4534342141078504,0.3320004660344665,0.3370193411773262,0.2467625398618193,2
0.4181303116147309,0.2923487544483986,0.2744146642020979,0.5954925903112431,0.1222398757976873,0.1147410890544749,0.1740915170607424,0.1634118992050972,3
0.3575070821529745,0.3466192170818506,0.8449630314232905,0.7657886155295481,0.1239188249170808,0.3020802678912727,0.2654370503650463,0.6470630700072918,4
0.38328611898017,0.8145907473309607,0.7047905113986452,0.6724519004311751,0.3122213261016402,0.270136419808036,0.5477730961163557,0.4739377187958787,3
0.224929178470255,0.4868327402135231,0.8970271102895886,0.686510380810899,0.1095028883086508,0.201767570982984,0.3342157298751992,0.6158184230826057,4
0.686685552407932,0.5912811387900355,0.4746611213801621,0.2705532809159751,0.4060242154184267,0.325942934341505,0.1599730520433781,0.1284211237126587,3
0.2461756373937677,0.2747330960854092,0.8363370301910038,0.65056704953078,0.0676325950419888,0.2058858014832811,0.1787322997287409,0.5440933141446963,5
0.228328611898017,0.3092526690391459,0.8532809611829926,0.8199934780245661,0.070611232647465,0.1948284574259184,0.2535851716737893,0.6996848230925868,4
0.6373937677053825,0.7220640569395017,0.4493992606284678,0.4412841044965396,0.4602391297773028,0.2864442879359922,0.3186353907556863,0.1983127502878404,2
0.6475920679886686,0.5816725978647687,0.443545902649415,0.5621580492046814,0.3766865605435868,0.2872368083446354,0.3269919328914775,0.2493428993661246,2
0.6337110481586402,0.7316725978647688,0.2183456561922376,0.4883872604079857,0.4636690089018379,0.1383680546464689,0.3573395755867682,0.1066372368497108,1
0.7286118980169972,0.755693950177936,0.3847042513863208,0.3270770680097103,0.5506076033591081,0.2803000947777952,0.2471701615368754,0.1258279385943083,1
0.3796033994334278,0.4873665480427046,0.8443468884781282,0.4340374651255479,0.1850059984071456,0.3205169491673348,0.211535341099444,0.3664781831616904,3
0.831444759206799,0.7046263345195728,0.1477972889710415,0.1983767527808978,0.5858578730353956,0.1228852813399452,0.1397814841658995,0.0293195462558952,1
0.5195467422096317,0.7158362989323844,0.5455175600739395,0.6989746005290047,0.3719104170657203,0.2834218711545623,0.5003513910904246,0.3813029186342392,2
0.444759206798867,0.596085409252669,0.6120609981515734,0.7604261023950143,0.265114473803595,0.2722197640504166,0.453278904452544,0.465427159252403,3
0.6728045325779037,0.6220640569395018,0.5966574245224905,0.415631001123229,0.418527517062696,0.4014338196149901,0.2585491067485425,0.2479893226818901,2
0.1898016997167139,0.2749110320284698,0.573860135551449,0.753614261386282,0.0521785811498795,0.1089196291273288,0.2071768743490757,0.4324691821926368,5
0.2025495750708216,0.2613879003558718,0.5852587800369697,0.8440523207362587,0.052944008145736,0.1185439172029556,0.2206250639077515,0.4939890315214758,4
0.7175637393767706,0.8177935943060496,0.3354128157732603,0.8236167977100619,0.5868190295686186,0.2406800743211525,0.6735485413301501,0.2762516292380876,1
0.7694050991501417,0.6953736654804269,0.5433610597658642,0.3407007500271748,0.5350240440353653,0.4180647700634808,0.2369143293783272,0.1851235205977905,2
0.0963172804532578,0.2838078291814947,0.2032501540357358,0.8705750208340883,0.0273355982781043,0.0195765020884278,0.2470760068025571,0.1769445070841923,5
0.3365439093484419,0.2622775800711744,0.5381238447319809,0.7595565056704952,0.088267922131602,0.1811023024197148,0.1992146422345747,0.4087354671225955,4
0.468271954674221,0.3608540925266904,0.6819932224276037,0.7444834957788327,0.1689778512596655,0.3193582993407448,0.2686499162703687,0.5077326983303734,3
0.6288951841359774,0.3046263345195729,0.4460104744300679,0.3469328598862277,0.1915780347403546,0.2804938394432722,0.1056848854315341,0.1547356894332366,3
0.6722379603399433,0.7788256227758005,0.1456407886629698,0.8669517011485923,0.5235561481152902,0.0979052667130955,0.675204198563592,0.1262635294879843,1
0.6711048158640227,0.6797153024911032,0.5217960566851545,0.4859234030218485,0.4561602129182503,0.3501798465402637,0.330289572872502,0.2535529155478316,2
0.7722379603399434,0.838967971530249,0.3797751078250186,0.3944708141599333,0.6478829151250592,0.2932767546546744,0.3309483787836451,0.1498101959814115,2
0.3560906515580737,0.2731316725978647,0.8178527418361092,0.5066487916228849,0.0972596352565201,0.2912297157189771,0.1383818318756455,0.4143641033767279,4
0.6821529745042494,0.731850533807829,0.4980745532963659,0.4637486865466139,0.4992340185295333,0.3397630380559913,0.3393947238018189,0.2309814198934811,1
0.5906515580736544,0.6827402135231316,0.5030036968576717,0.7650639515924491,0.4032615708769772,0.2970999172657919,0.5223399256690795,0.3848299959835407,2
0.4385269121813032,0.4868327402135231,0.8563616759088148,0.4515743324033479,0.2134892583145988,0.3755376414466985,0.2198411696540141,0.3867109520943352,4
0.3291784702549575,0.448932384341637,0.7229667282809622,0.7991231566361099,0.1477788755254907,0.2379850816607586,0.3587522640912642,0.5777394540467633,4
0.3436260623229462,0.3466192170818506,0.8249383857054866,0.9295626653139606,0.1191073966912988,0.2834703291390241,0.3222042832796433,0.7668319245361882,4
0.6373937677053825,0.731850533807829,0.4457024029574867,0.3360629008297401,0.4664769691409675,0.284087933896415,0.2459478133652528,0.1497840424446787,2
0.7546742209631728,0.4889679715302492,0.2855052372150339,0.1738831117069457,0.3690115229905337,0.2154634424761615,0.0850232724147129,0.0496445390555797,2
0.2793201133144476,0.2201067615658362,0.7482285890326601,0.546650240950759,0.0614802455818454,0.2089952942737118,0.1203214142448556,0.40901933848095,4
0.6878186968838528,0.4259786476868327,0.2118761552680226,0.5076633211348236,0.292996078352303,0.1457323810172121,0.2162537350172184,0.1075617526526419,2
0.7322946175637395,0.6023131672597865,0.4993068391866941,0.295916518714446,0.4410706904721099,0.3656397108491797,0.1782344156313878,0.1477531416224402,2
0.1756373937677053,0.2686832740213523,0.6933918669131245,0.6520163774049785,0.0471908299980845,0.1217855403643447,0.1751858949967113,0.4521028531867704,4
0.6348441926345609,0.5610320284697509,0.5205637707948227,0.56317257871662,0.356167925156009,0.3304768867850419,0.3159578542159257,0.2931672411849678,2
0.3671388101983003,0.5843416370106761,0.6736752926679017,0.763324758143411,0.2145344933614267,0.2473323454100851,0.4460424387442992,0.5142330298429177,3
0.5926345609065157,0.3279359430604982,0.5760166358595207,0.166636472335954,0.1943461736211225,0.3413673660674554,0.0546460887037656,0.0959853802064543,3
0.2022662889518414,0.3161921708185053,0.6360905730129396,0.923040689880068,0.0639550169870857,0.1286596796405776,0.2918582394869894,0.5871374813400716,4
0.4246458923512748,0.5457295373665481,0.7312846580406678,0.7840501467444474,0.2317418063774661,0.3105370261764762,0.4278793238550213,0.5733638434487486,3
0.5662889518413599,0.4615658362989323,0.4669593345656224,0.8456465813978769,0.261379633643503,0.2644339121237052,0.3903215715562441,0.394882564927246,3
0.664872521246459,0.4295373665480426,0.5248767714109697,0.313453385992246,0.2855875918663615,0.3489761423517127,0.1346399419546764,0.1645244012274465,3
0.6056657223796035,0.7421708185053378,0.2697935921133698,0.4931700423928402,0.449507424919097,0.1634047308607322,0.3660164140250063,0.1330541172598672,2
0.4946175637393769,0.4405693950177934,0.3295594577942111,0.9992753360629008,0.2179133608218321,0.1630058961214426,0.4402501302654343,0.3293206379400176,2
0.6815864022662891,0.3418149466192171,0.3240141712877395,0.3588173484546541,0.2329764197070358,0.2208436532913035,0.1226491328080766,0.1162619058031988,2
0.3529745042492918,0.3377224199288257,0.6789125077017886,0.5837530345302364,0.1192074037482483,0.2396388058346823,0.1971464874623467,0.3963172365514515,4
0.3923512747875355,0.2907473309608541,0.649645717806532,0.6643356643356644,0.1140750859435646,0.2548893255416564,0.1931538212677002,0.431582819521822,3
0.8031161473087819,0.8507117437722419,0.425985828712264,0.4033117141925432,0.6832203381286985,0.3421160975635321,0.3431020116645105,0.1718050747996742,1
0.3288951841359774,0.2667259786476869,0.4401571164510187,0.6643356643356644,0.0877248898611797,0.1447655558639186,0.1771955802204912,0.2924120703695579,4
0.5858356940509915,0.6425266903914589,0.3766943930991999,0.8560817420921047,0.3764150696117668,0.2206810212263867,0.5500553684509946,0.3224811922806911,2
0.7192634560906516,0.6117437722419928,0.4644947627849696,0.3707018370230804,0.4400049398647082,0.3340941084167246,0.2267745401575356,0.1721890618519881,2
0.7158640226628895,0.6681494661921706,0.461722119531732,0.4553425848762635,0.4783041646083896,0.3305302538404212,0.3042369050196386,0.2102417434021259,2
0.6144475920679887,0.4523131672597864,0.363139248305611,0.3846153846153846,0.2779227364834211,0.2231300367067621,0.1739666027922255,0.1396689416560042,2
0.3135977337110482,0.2343416370106761,0.432455329636479,0.8115873763542156,0.0734890062806851,0.1356170113052641,0.1901887143520465,0.3509752863700674,4
0.8,0.7825622775800712,0.3495841035120151,0.4396898438349215,0.626049822064057,0.279667282809612,0.344084685620282,0.1537085798803689,2
0.6501416430594902,0.6709964412811388,0.4872920517560111,0.568535091851154,0.4362427288215902,0.3168088551784832,0.3814850233755697,0.277042631403441,2
0.5580736543909349,0.7138790035587189,0.622227356746766,0.6062176165803108,0.3983970643089735,0.3472486948416796,0.4327660280640938,0.3772051851780912,2
0.6583569405099151,0.5912811387900355,0.5070086260012339,0.5069386571977245,0.3892740415150262,0.3337926478263081,0.2997432665245619,0.2570222720527287,2
0.821529745042493,0.8293594306049822,0.3526648182378338,0.6353491068516974,0.6813434415734981,0.2897246382123847,0.5269327734939078,0.2240652772854239,1
0.1631728045325779,0.2158362989323843,0.3948706099815169,0.7523098662995036,0.0352186142167289,0.0644321448581738,0.1623757771924017,0.2970650558007984,5
0.6634560906515581,0.595373665480427,0.4309149722735697,0.5696945541505127,0.3950042845765326,0.285893162907847,0.3391811349088284,0.2454899130061718,2
0.258356940509915,0.2455516014234874,0.6046672828096114,0.8608645240769592,0.0634399604810822,0.1562199892131347,0.2113866624957656,0.5205366126408042,4
0.6592067988668555,0.5895017793594305,0.4370764017252035,0.4827348816986122,0.3886035808978455,0.2881237356415151,0.284573071720196,0.2109920250800712,2
0.3294617563739377,0.2807829181494662,0.908733826247694,0.6681039168085801,0.0925072333733227,0.299393042471974,0.1875921673886013,0.607128628652532,3
0.4033994334277621,0.2953736654804271,0.4592575477510827,0.9404326243704482,0.1191535693042856,0.1852642345602101,0.2777790313976769,0.4319007808934871,3
0.4725212464589235,0.2800711743772242,0.1536506469500942,0.4178049929345265,0.1323395804139404,0.0726031952160785,0.1170151350318406,0.0641960074633695,3
0.5393767705382437,0.5610320284697509,0.5002310536044376,0.53708467698105,0.3026076436845342,0.2698130102161046,0.3013217057866993,0.2686664338410297,3
0.3940509915014165,0.5610320284697509,0.5063924830560715,0.7811514909960506,0.2210752270825562,0.1995444600371092,0.4382510055356846,0.3955692431684426,3
0.315014164305949,0.237900355871886,0.2925908810844113,0.8417333961375411,0.07494198179307,0.0921702718883471,0.2002486744903722,0.2462835160140569,4
0.2362606232294617,0.2466192170818505,0.7140326555760979,0.5447661147143011,0.0582664099281199,0.1686978002125964,0.1343497927035625,0.3889807955573256,4
0.6886685552407933,0.7754448398576511,0.3144639556377093,0.5205623392151889,0.5340244775336969,0.2165614380043261,0.4036673797686464,0.1636980923456273,1
0.4011331444759207,0.3496441281138789,0.6058995686999431,0.7547737236856407,0.1402538485578619,0.2430463992292123,0.2639022005413315,0.4573170736471797,3
0.6739376770538245,0.8250889679715302,0.4078096118299434,0.5482445016123771,0.5560585424374704,0.2748382624768939,0.4523504900314222,0.2235793773904443,2
0.7354107648725213,0.6852313167259786,0.6487215033887885,0.1102576180296387,0.5039264867480568,0.4770767769964009,0.0755519727815193,0.071526487728254,2
0.391501416430595,0.2704626334519573,0.670594577942083,0.4098336896264356,0.1058865040879901,0.2625387271150025,0.1108446989736979,0.2748322501214862,4
0.2161473087818697,0.3322064056939502,0.3905576093653735,0.7986883582738504,0.0718055205508453,0.0844179761886062,0.2653293887717578,0.3119338158353899,4
0.8164305949008499,0.4971530249110319,0.246380160197166,0.3208449581506575,0.4058909398848708,0.2011523007615389,0.1595090414720528,0.079049832187612,1
0.4495750708215298,0.2441281138790034,0.1804528650646943,0.62433421500779,0.1097539140866794,0.0811271095914079,0.1524175343399799,0.1126628978560725,3
0.604815864022663,0.576512455516014,0.6416358595194112,0.4728794521540634,0.3486838789027451,0.3880715467631566,0.2726208941244066,0.3034164137319407,3
0.728328611898017,0.7886120996441283,0.4546364756623546,0.3736004927714771,0.5743687558597886,0.3311247532373693,0.2946258690325955,0.1698524113393433,2
0.1745042492917847,0.2434163701067615,0.6653573629081961,0.4928801768180006,0.0424771909308116,0.1161076871250563,0.1199751035386165,0.3279414546773503,5
0.4478753541076488,0.3231316725978648,0.7423752310536074,0.5849124968295951,0.1447227122881655,0.332491569488882,0.1890037534239403,0.4342245499800131,3
0.6796033994334278,0.3418149466192171,0.3415742452248942,0.3101199318815898,0.2322985996995756,0.2321350182137454,0.1060036279616608,0.1059289816616496,3
0.5813031161473088,0.8083629893238434,0.2805760936537282,0.9013007717670928,0.4699039246721039,0.1630997575573513,0.7285781861455343,0.2528834497495013,2
0.7685552407932013,0.7706405693950177,0.2611675908810866,0.6388274937497733,0.5922798483763976,0.2007217206969938,0.4923063835285174,0.1668410375312307,1
0.7056657223796035,0.754982206405694,0.4139710412815809,0.4659226783579114,0.532765064067021,0.2921251738902034,0.3517633317211064,0.1928784963165276,2
0.730028328611898,0.7316725978647688,0.243607516943932,0.2908438711547518,0.5341417237103425,0.1778403884318733,0.2128024907808433,0.0708517532703699,2
0.7118980169971673,0.8514234875444838,0.1823012939001884,0.8708648864089279,0.6061266924077304,0.1297799296235619,0.7414748187663202,0.1587597956045881,1
0.4512747875354108,0.4345195729537366,0.2460720887245848,0.9989854704880612,0.1960877279646749,0.1110461295575817,0.43407874002346,0.2458224413285092,3
0.2861189801699717,0.2727758007117437,0.5390480591497244,0.7615855646943728,0.0780463339146915,0.1542318809465217,0.207742112220013,0.4105312205249485,4
0.160056657223796,0.2571174377224199,0.668746149106596,0.8053552664951629,0.041153357595798,0.107037273157288,0.2070708825774929,0.5385782331313566,5
0.468271954674221,0.448932384341637,0.6625847196549621,0.7650639515924491,0.210222445132217,0.3102698418100998,0.3434619839622329,0.5069196838840004,3
0.6620396600566573,0.7806049822064057,0.503619839802834,0.3809920649298887,0.5167914570584619,0.3334163075408564,0.2974043040653775,0.1918751627061414,2
0.6770538243626063,0.8234875444839856,0.367760320394332,0.6688285807456791,0.5575453913078544,0.2489935313717998,0.5507720056389683,0.2459686131439172,2
0.6422096317280453,0.7275800711743771,0.3853203943314867,0.8262255878836189,0.4672589295615617,0.2474564685409293,0.6011452720384549,0.3183615693300804,2
0.2,0.281138790035587,0.8089186691312378,0.91260552918584,0.0562277580071174,0.1617837338262475,0.2565688142550936,0.7382236501108187,4
0.6147308781869689,0.795017793594306,0.4346118299445471,0.7279611580129715,0.4887219864304941,0.267169311892257,0.5787420736658285,0.3163805310125691,2
0.3254957507082153,0.2231316725978647,0.0153265557609358,0.8746331388818436,0.0726284112790216,0.0049887287731771,0.1951583551882262,0.0134051135734348,4
0.279886685552408,0.2466192170818505,0.6203789279112755,0.3528751041704409,0.0690254352625689,0.1736358019196431,0.0870257819181905,0.2189162788118377,4
0.6586402266288952,0.9530249110320284,0.425985828712264,0.8628935831008371,0.6277005433851178,0.2805714027637432,0.8223590802647834,0.3675804380877049,1
0.5322946175637394,0.6012455516014233,0.505468268638328,0.8682560962353707,0.3200397709515792,0.2690580387454443,0.522035115512334,0.4388759056987664,2
0.6793201133144476,0.6062277580071175,0.3603666050523735,0.480271024312475,0.4118227092637586,0.2448042829789211,0.2911536263047335,0.1730736385365125,2
0.2402266288951841,0.2704626334519573,0.6274645717806528,0.5502735606362548,0.0649723266762775,0.1507336988300265,0.1488284363286667,0.3452771640868427,5
0.6869688385269122,0.5912811387900355,0.4774337646333961,0.3486720533352656,0.4061917171574606,0.3279821187637353,0.2061632087603358,0.1664678110463121,3
0.6796033994334278,0.8224199288256228,0.4056531115218753,0.7823109532954093,0.558919379391691,0.2756832335810139,0.6433881185287157,0.3173468723819272,2
0.8308781869688386,0.7466192170818503,0.5242606284658038,0.1044603065328452,0.6203496214450616,0.435596720478811,0.0779920722796829,0.0547644259526399,2
0.5722379603399435,0.4275800711743772,0.6989371534195961,0.6469437298452843,0.2446775478108334,0.3999583710786358,0.2766202460530637,0.4521730089607191,3
0.686685552407932,0.7120996441281137,0.3856284658040678,0.3034530236602775,0.4889885374976055,0.2648054960648896,0.2160887901580836,0.1170201239577183,2
0.4535410764872522,0.5610320284697509,0.5338108441158376,0.6749157578173122,0.2544510701359975,0.2421051448808657,0.3786493566544457,0.3602773503875396,3
0.5368271954674222,0.7774021352313166,0.1533425754775095,0.6767998840537701,0.4173306080066133,0.0823184647393429,0.5261456749877084,0.1037822373036849,2
0.2784702549575071,0.2644128113879003,0.4210566851509583,0.7199898547048806,0.0736311030012198,0.1172517624655501,0.1903745416532833,0.3031565415643571,4
0.4113314447592068,0.3039145907473308,0.5258009858287132,0.7788325663973332,0.1250096276955026,0.2162784791567398,0.2366985806773388,0.4095109312072245,3
0.2385269121813031,0.3017793594306049,0.6351663585951961,0.8517337584695099,0.0719824987650337,0.1515042702371544,0.2570356680363502,0.5409926298596789,4
0.6101983002832863,0.3852313167259785,0.5581484904497849,0.6194065002355158,0.2350674946820843,0.3405812601781408,0.2386147816743578,0.3457208030812375,3
0.1668555240793201,0.2667259786476869,0.456176833025264,0.8944889307583608,0.0445047029528293,0.0761156245472749,0.2385834354460468,0.4080451276095037,5
0.5736543909348442,0.6055160142348753,0.5652341343191623,0.7808616254212111,0.3473569203472018,0.3242490430584429,0.4728242190940179,0.4413696448680121,2
0.4342776203966006,0.2702846975088967,0.0966574245224869,0.583318236167977,0.1173785952637786,0.0419761563152896,0.1576619930140848,0.0563820383849964,3
0.7348441926345609,0.7322064056939502,0.570163277880468,0.1135910721402948,0.5380576250340247,0.4189811736039472,0.0831721106507674,0.0647654580294671,1
0.3617563739376771,0.3137010676156584,0.327711028958717,0.9043443603029095,0.1134833607210186,0.1185515535354905,0.2836937913192224,0.2963636208478792,4
0.2563739376770538,0.2160142348754448,0.5067005545286527,0.6434653429472081,0.0553804199893137,0.1299048163876574,0.1389976737256068,0.32604424609132,4
0.171671388101983,0.3112099644128113,0.4703481207640188,0.9137649914851986,0.053425846581916,0.0807453147827182,0.2843727704817815,0.4297876465650128,5
0.8257790368271956,0.6953736654804269,0.5150184842883547,0.2677995579549983,0.5742249957154234,0.4252914679038397,0.1862207602292052,0.1379217224310746,2
0.5025495750708215,0.2967971530249109,0.4028804682686413,0.5320120294213558,0.1491552831348985,0.2024674081327393,0.1578996557072635,0.214337255537826,4
0.5226628895184137,0.4596085409252668,0.3693006777572414,0.903039965216131,0.240220328047342,0.1930197593377083,0.4150448808101896,0.3334932711961929,2
0.2776203966005666,0.2749110320284698,0.8862446087492337,0.5930287329251058,0.0763209097416148,0.2460395797660762,0.1630301409909766,0.5255685173882643,4
0.5696883852691219,0.6987544483985765,0.7241990141712868,0.4936048407550997,0.398072293407801,0.4125677669967303,0.3449085782286968,0.3574681390650182,3
0.351558073654391,0.3496441281138789,0.5316543438077623,0.5649117721656582,0.1229202161442843,0.1869073769590462,0.1975180840401277,0.3003377975400131,3
0.7920679886685553,0.7939501779359431,0.505468268638328,0.5570854016449871,0.6288625205407641,0.4003652348761375,0.4422980537615538,0.2815889934531792,1
0.6841359773371105,0.6834519572953736,0.5030036968576717,0.4966484292909163,0.4675740727672315,0.3441229257539028,0.3394353410865496,0.2498159959718868,2
0.7356940509915015,0.9218861209964412,0.3757701786814564,0.802601543534186,0.6782261349087133,0.276451884995961,0.739907223674487,0.3015937254238537,1
0.5858356940509915,0.5612099644128113,0.3307917436845358,0.466357476720171,0.3287768290101115,0.1937896107477676,0.2617244629137756,0.1542672029045856,2
0.808215297450425,0.8846975088967971,0.2590110905730149,0.316062176165803,0.7150260603066748,0.2093367256104282,0.2796194199103866,0.081863608937585,2
0.6223796033994335,0.4259786476868327,0.1967806531115208,0.6579586216891917,0.2651204218039579,0.1224722648402298,0.2802763239010542,0.1294735272963551,2
0.2053824362606233,0.2608540925266904,1.0,0.7373817891952608,0.0535748490316857,0.2053824362606233,0.192349057466237,0.7373817891952608,4
0.7280453257790369,0.4259786476868327,0.2103357979051168,0.4363563897242654,0.3101317633300737,0.1531339945088244,0.1858785048042511,0.0917813694036494,2
0.8201133144475922,0.6087188612099644,0.4235212569316076,0.4434580963078371,0.4992184428336678,0.347335421761191,0.2699413073788453,0.187813930344793,2
0.3413597733711048,0.2222419928825623,0.4463185459026491,0.8484003043588537,0.0758644763239341,0.1523551976806493,0.188550174402884,0.3786567901848085,4
0.8263456090651559,0.7494661921708184,0.4019562538508943,0.4022971846806042,0.6193180970431381,0.3321547854059656,0.3015081391236129,0.161705869288977,2
0.8271954674220965,0.7772241992882564,0.3766943930991999,0.3137432515670857,0.6429163348220139,0.3115998945749756,0.2438488474813221,0.1181853237380329,2
0.418413597733711,0.3649466192170818,0.3927141096734452,0.9627522736331028,0.1526986279273738,0.1643169235092573,0.3513531874059597,0.3780864019759091,3
0.6855524079320114,0.6425266903914589,0.3890172520024642,0.6354940396391173,0.4404857197584507,0.2666917138373834,0.4083218820528206,0.2472181449643544,2
0.8671388101983004,0.7185053380782916,0.4330714725816413,0.312583789267727,0.6230438639823374,0.3755330814652703,0.2245931211856016,0.1353711219233239,2
0.7407932011331445,0.4234875444839856,0.2429913739987661,0.0648936555672305,0.3137166937183066,0.180006357792287,0.0274816548487559,0.015768598530084,2
0.5926345609065157,0.6827402135231316,0.3760782501540376,0.9223160259429688,0.4046154466545019,0.2228769686465288,0.6297022404881087,0.3468629971256576,2
0.3920679886685553,0.253202846975089,0.4894485520640792,0.8183992173629477,0.0992727309386751,0.1918971093645002,0.207221011798483,0.4005643119486704,3
0.464872521246459,0.4250889679715302,0.7214263709180564,0.4450523569694553,0.1976121802949804,0.33537129594236,0.1891868471174428,0.3210725067570015,3
0.6016997167138811,0.6612099644128114,0.6034349969192867,0.4998369506141527,0.397849848275584,0.3630866667015765,0.3304971723277921,0.3016191087539969,2
0.5988668555240794,0.8117437722419928,0.2602433764633396,0.9072430160513064,0.4861264403738167,0.1558511325335694,0.7364488681896902,0.2361039857699758,2
0.638243626062323,0.6081850533807828,0.2186537276648188,0.810282981267437,0.3881702337866582,0.1395543479968376,0.492801998215676,0.1771713943174876,2
0.4427762039660057,0.3473309608540925,0.6511860751694414,0.5389688032175077,0.1537898843668404,0.2883296984390473,0.1872005522919172,0.3509689796059798,4
0.591501416430595,0.6064056939501777,0.4946857670979696,0.7581071777962969,0.358689826903108,0.2926073319265044,0.4597205092401742,0.3750248307906379,2
0.5524079320113314,0.4523131672597864,0.3625231053604416,0.784340012319287,0.249861381347474,0.2002606389384875,0.3547673151807165,0.2843413769244349,2
0.698300283286119,0.641459074733096,0.4774337646333961,0.368382912424363,0.4479310536025728,0.3333921330938588,0.236302562151215,0.1758784407053782,2
0.6869688385269122,0.711387900355872,0.5285736290819507,0.3836008551034457,0.4887013196495721,0.3631136120463825,0.2728890068867573,0.2027612961009678,2
0.2954674220963173,0.2722419928825622,0.6311614294516339,0.9428964817565856,0.0804386398233746,0.1864876404867009,0.2566960172753693,0.595119891250403,3
0.0606232294617563,0.1798932384341637,0.6299291435613092,0.7785427008224934,0.0109057090722127,0.0381883390147648,0.1400545677102385,0.4904267367550219,5
0.8478753541076488,0.7466192170818503,0.5168669131238488,0.0786622703721148,0.6330400330668493,0.4382387169914106,0.0587307627191091,0.0406579248665485,2
0.7138810198300284,0.3176156583629893,0.4558687615526828,0.6765100184789303,0.2267397901061566,0.3254360564058812,0.2148701749083435,0.3083997843019725,1
0.7626062322946177,0.7640569395017792,0.6043592113370302,0.3560636254936772,0.5826745838920084,0.4608881011102791,0.2720528839626067,0.2151903318891624,1
0.638243626062323,0.4412811387900355,0.2423752310536038,0.6208558281097141,0.2816448741342635,0.1546944463353454,0.2739719668526851,0.1504800747890684,2
0.3169971671388102,0.2578291814946619,0.4823629081947054,0.4405594405594405,0.0817311201395259,0.1529076754305595,0.1135890799591867,0.2125095329808841,4
0.4762039660056658,0.7138790035587189,0.6635089340727092,0.6120149280771041,0.3399520127428347,0.3159655858856159,0.4369046070187441,0.4060773725650251,3
0.831444759206799,0.748932384341637,0.5476740603820112,0.0157614406319068,0.6226959059611061,0.4553607272581311,0.0118042533131131,0.0086321321883464,1
0.5648725212464589,0.6211743772241992,0.6665896487985208,0.8210080075365049,0.3508843365963323,0.376538175553612,0.5099891377775692,0.5472754394045322,2
0.7620396600566574,0.7999999999999997,0.458025261860751,0.657523823326932,0.6096317280453256,0.3490334148457281,0.5260190586615454,0.3011625213590002,2
0.6201133144475921,0.795017793594306,0.438000616142947,0.7681075401282655,0.4930011190305767,0.2716100138064903,0.6106591617959235,0.3364315758402237,2
0.3569405099150142,0.3097864768683274,0.7063308687615546,0.7446284285662526,0.1105753430181565,0.2521181004644642,0.2306758174615383,0.5259540448537524,4
0.6237960339943343,0.6902135231316727,0.739910659272951,0.4738939816660023,0.4305524583387941,0.4615533347646,0.3270880346765877,0.3506392083999755,2
0.7787535410764873,0.8596085409252668,0.2688693776956263,0.4949092358418783,0.6694231951851441,0.2093829799675005,0.4254282061124758,0.1330659382566237,1
0.6110481586402267,0.4167259786476868,0.6813770794824414,0.6888293054096162,0.2546396419102154,0.4163542097574012,0.2870530664180286,0.4693525003819229,2
0.5138810198300283,0.4501779359430604,0.5020794824399282,0.7365121924707416,0.231337896827397,0.258009116471963,0.3315615386033765,0.3697876604064067,3
0.2229461756373938,0.2644128113879003,0.32925138632163,0.8523134896191891,0.0589498250884639,0.0734053374037175,0.2253626059740417,0.2806253980377441,4
0.8062322946175638,0.7999999999999997,0.339417744916819,0.2963513170767056,0.6449858356940509,0.2736495473182059,0.2370810536613644,0.1005868957453045,1
0.6801699716713882,0.731850533807829,0.501771410967347,0.422587774919381,0.4977827568477614,0.3412898463831729,0.3092710886554117,0.2120424640788494,1
0.6439093484419264,0.5781138790035586,0.4962261244608754,0.4992572194644733,0.3722529311544161,0.3195246404814645,0.2886275277651376,0.2477444751239683,2
0.5101983002832862,0.3784697508896797,0.5008471965496,0.8107177796296967,0.1930946236125533,0.2555313883812548,0.3068321560982855,0.40604572712045,3
0.6541076487252124,0.8258007117437721,0.2873536660505245,0.7839052139570275,0.5401625618743257,0.1879602308528784,0.6473494836253673,0.2252580370666726,1
0.4821529745042494,0.588967971530249,0.6142174984596451,0.8115873763542156,0.2839726593610436,0.2961467938748771,0.4779989707708992,0.4984911680857128,2
0.6,0.6690391459074733,0.6989371534195961,0.4911409833689625,0.4014234875444839,0.4193622920517576,0.3285925440333272,0.3432766808436038,2
0.353257790368272,0.2106761565836299,0.5251848428835508,0.7470922859523894,0.0744229935580131,0.1855256371319512,0.1573945314177276,0.3923615448174185,4
0.6342776203966006,0.6300711743772242,0.6163739987677133,0.5867966230660531,0.3996400451644773,0.3909522332127224,0.3697236374158174,0.3616861810226137,2
0.5977337110481586,0.6494661921708184,0.4894485520640792,0.8917352077973839,0.3882078372465798,0.2925598993924099,0.5791518698328204,0.4364585062809903,2
0.34985835694051,0.3419928825622775,0.734365372766483,0.6704228414072972,0.1196490679785872,0.2569238627100869,0.2292798400684742,0.4923353198412345,4
0.5566572237960341,0.448932384341637,0.6111367837338264,0.5214319359397079,0.2499014547397498,0.3401937053929091,0.2340876822732888,0.3186662362662957,3
0.6838526912181303,0.7161921708185052,0.5375077017868151,0.3098300663067501,0.4897699434435896,0.3675760884173857,0.2218978677730727,0.1665360468849977,2
0.2422096317280453,0.3258007117437722,0.4697319778188529,0.6649153954853437,0.0789120704081941,0.1137736093583907,0.2166299090985167,0.3123320238035353,4
0.7135977337110482,0.8551601423487544,0.4709642637091846,0.8133265698032537,0.6102403395400885,0.3360790312417666,0.6955244652089745,0.3830477491025061,1
0.1793201133144476,0.2597864768683274,0.8163123844731999,0.8362259502155875,0.0465849404695895,0.1463812292837211,0.2172401934723768,0.6826215993788536,4
0.5396600566572238,0.7453736654804269,0.6327017868145433,0.7288307547374906,0.4022483945439698,0.3414438821194632,0.5432512511735494,0.4611325208078024,2
0.6801699716713882,0.5663701067615657,0.341266173752313,0.4607050980107975,0.3852279394715353,0.2321190037335137,0.260929595545973,0.1572230660263292,2
0.7206798866855525,0.7939501779359431,0.358518176216883,0.4114279502880538,0.5721839242688498,0.2583768386106941,0.3266532943390207,0.1475043983819234,1
0.2351274787535411,0.3048042704626335,0.4099661121380187,0.7383963187071996,0.0716678596271914,0.0963942983214038,0.2250663512358421,0.302717467997416,5
0.628328611898017,0.591814946619217,0.6160659272951321,0.5101271785209608,0.3718542639097516,0.387091848935015,0.3019008889253942,0.3142719732739651,2
0.5592067988668555,0.3419928825622775,0.6250000000000036,0.224319721729048,0.1912447450928996,0.3495042492917867,0.076715748249685,0.1401998260806558,3
0.3220963172804533,0.2734875444839857,0.6379390018484301,0.9165187144461756,0.0880893309003659,0.2054778031449476,0.2506564526875038,0.5846830338691996,4
0.2110481586402267,0.3437722419928825,0.8104590264941507,0.8736186093699048,0.0725524986642202,0.1710458851949412,0.3003258279897963,0.7080320876771067,4
0.6937677053824364,0.5998220640569395,0.3366451016635885,0.6834667922750823,0.4161371770185397,0.2335534997093848,0.4099584620568154,0.2300857477691318,2
0.2371104815864023,0.3227758007117437,0.7987523105360488,0.8339070256168701,0.0765335255511981,0.189392545019454,0.2691650079126338,0.666085163483719,4
0.5957507082152975,0.8165480427046262,0.1536506469500942,0.9462299358672416,0.4864590747330961,0.0915374817382572,0.7726422020809202,0.1453888418095478,1
0.5254957507082153,0.6181494661921708,0.4404651879235999,0.7772383057357151,0.3248349177865373,0.2314625845887472,0.4804494437946395,0.3423464163973021,3
0.2413597733711048,0.2604982206405694,0.7528496611213846,0.8649226421247147,0.0628737914973838,0.1817076235907704,0.2253108092652281,0.6511567180198041,4
0.528328611898017,0.7240213523131672,0.5550677757239697,0.6862205152360594,0.3825211960521408,0.2932581874575647,0.4968383054262501,0.380898895048236,3
0.6852691218130312,0.7923487544483986,0.5609211337030224,0.6072321460922496,0.5429721351305032,0.3843819326990401,0.481139634617222,0.340609343806984,1
0.321529745042493,0.2731316725978647,0.7725662353666074,0.6775245479908691,0.0878199570534211,0.2484030246858639,0.1850534130188583,0.5234325894097681,4
0.5546742209631729,0.4793594306049821,0.3884011090573018,0.8334722272546107,0.2658883187321685,0.2154360825875912,0.3995327722818364,0.3237215374341503,2
0.3685552407932012,0.3352313167259787,0.6798367221195356,0.603463893619334,0.1235512586573649,0.250557386820826,0.2022999956545952,0.4102569153556601,4
0.3560906515580737,0.2734875444839857,0.6336260012322867,0.8620239863763179,0.0973863579083201,0.2256282956229418,0.2357528233203559,0.5462008114539416,3
0.2113314447592068,0.2348754448398576,0.6400955021565053,0.454038189789485,0.0496365670964684,0.1352723072546042,0.1066424218010889,0.2906278030915311,4
0.701699716713881,0.658896797153025,0.2910505237215055,0.5480995688249575,0.4623476959059611,0.2042300700448071,0.3611410504197184,0.1595246665580352,2
0.3410764872521247,0.4039145907473309,0.438000616142947,0.6382477626000942,0.1377657697619791,0.1493917115683026,0.2577975838260166,0.2795529132706986,3
0.645042492917847,0.5612099644128113,0.3132316697473847,0.5373745425558896,0.362004274495176,0.2020477371146727,0.3015799479041415,0.1683227252445183,2
0.5314447592067989,0.6181494661921708,0.4389248305606905,0.7578173122214573,0.3285122942143095,0.2332643008872111,0.4684443670208795,0.332624835362761,3
0.4660056657223797,0.6332740213523133,0.6169901417128827,0.6920178267328525,0.2951092819049732,0.2875209017330573,0.4382369119826018,0.4269681769837438,3
0.5280453257790368,0.4101423487544483,0.4281423290203321,0.8049204681329034,0.216573750163822,0.2260785556073368,0.3301319713605591,0.3446205239025572,2
0.5790368271954675,0.4715302491103202,0.4980745532963659,0.7605710351824342,0.2730333793715282,0.2884035090475275,0.3586322496856673,0.3788210785986455,3
0.5101983002832862,0.5781138790035586,0.4518638324091206,0.9575346932859888,0.2949527184377929,0.230540159254625,0.5535640958160457,0.4326752961728987,2
0.513314447592068,0.6537366548042703,0.7094115834873733,0.655784629877894,0.3355724698315405,0.3641512150932353,0.4287104502084309,0.4652212127083578,3
0.7694050991501417,0.8565836298932384,0.4176678989525584,0.2475089677162215,0.6590598126883954,0.3213558112054245,0.2120121299974893,0.1033765505179508,2
0.6152974504249292,0.8341637010676154,0.4290665434380791,0.9155041849342368,0.5132587985039265,0.2640035502400872,0.7636803592476336,0.3928122161328289,2
0.0753541076487252,0.1749110320284697,0.6736752926679017,0.8915902750099642,0.0131802647364229,0.0507642005239835,0.1559489751485399,0.6006423394571926,5
0.4096317280453258,0.5843416370106761,0.6641250770178715,0.7082502989238741,0.2393648745375177,0.2720467029370658,0.4138601390864773,0.4703667843207484,3
0.5810198300283287,0.7850533807829182,0.4370764017252035,0.6767998840537701,0.4561315818656559,0.2539500566397712,0.5313240370898993,0.2958132580102567,2
0.9620396600566572,0.8576512455516013,0.2910505237215055,0.0746041523243594,0.8250945127176311,0.2800021469003492,0.0639843441643082,0.0217135776058037,1
0.3572237960339944,0.4192170818505338,0.4574091189155886,0.6502771839559405,0.1497543173409414,0.1633974217995913,0.2726073034519921,0.2974427137641968,3
0.8325779036827196,0.7629893238434161,0.271025878003698,0.0532990325736438,0.635248051777847,0.2256501573520873,0.0406665928248726,0.0144454171000195,1
0.774787535410765,0.5395017793594306,0.2442236598890979,0.355338961556578,0.4179992539796155,0.189221447534471,0.1917060020355061,0.0867821816925389,2
0.496600566572238,0.7016014234875446,0.6505699322242755,0.7769484401608753,0.3484156644118033,0.3230733969374377,0.5451081315932975,0.5054592940572172,3
0.6657223796033994,0.7138790035587189,0.6591959334565622,0.3537447008949599,0.475245228998014,0.4388414854455867,0.252530914589071,0.2331870683117655,2
0.2790368271954674,0.3423487544483986,0.6616605052372151,0.852458422406609,0.0955279102356013,0.1846276480619424,0.2918380791299494,0.5640380704632763,4
0.434844192634561,0.596085409252669,0.6003542821934715,0.8004275517228885,0.2592042785277187,0.2610605731351215,0.4771231847458498,0.4805401082624725,3
0.5750708215297451,0.6064056939501777,0.4900646950092451,0.775499112286677,0.3487262206002439,0.2818219067616905,0.4702670773439492,0.3800447359427107,2
0.6101983002832863,0.6149466192170819,0.3988755391250791,0.8324576977426716,0.3752393818112166,0.2433931759987027,0.5119170468680914,0.3320470129859303,2
0.4492917847025496,0.3263345195729538,0.5652341343191623,0.3999782600818869,0.1466194187089815,0.253955052983057,0.1305267133434485,0.22608136558387,4
0.6317280453257791,0.7640569395017792,0.6290049291435658,0.6956411464183485,0.482676196909056,0.397360054388145,0.5315094453239124,0.4375617100122221,1
0.2045325779036827,0.2096085409252669,0.489140480591498,0.6537555708540164,0.0428717752260744,0.1000451634524253,0.1370327513284753,0.3197783141169027,4
0.5209631728045326,0.4544483985765124,0.456176833025264,0.6734664299431137,0.2367508795983587,0.237651330292765,0.306055740582689,0.3072197831602804,3
0.2589235127478754,0.2466192170818505,0.5784812076401771,0.4512844668285082,0.0638555139979635,0.1497823863408277,0.111295421890447,0.2610595833602088,4
0.1447592067988669,0.2535587188612099,0.6693622920517583,0.7407152433059168,0.0367049590192856,0.096896354458484,0.1878148081336176,0.4958068530169243,5
0.6104815864022664,0.5610320284697509,0.5335027726432564,0.6837566578499221,0.3424997227626949,0.3256936189932628,0.3836093847332392,0.3647860727762199,2
0.4198300283286119,0.2455516014234874,0.2753388786198414,0.5921591362005869,0.1030899357817587,0.1155955292109362,0.1454056241916031,0.1630444325259635,3
0.3838526912181303,0.2763345195729537,0.3289433148490488,0.7959346353128736,0.1060717490145473,0.1262657766630201,0.219944215060657,0.2618173773429854,3
0.2079320113314448,0.2535587188612099,0.6709026494146677,0.7726004565382802,0.0527229744034357,0.139502137300387,0.1958995819514322,0.5183396932305141,4
0.7592067988668556,0.7608540925266903,0.4558687615526828,0.2377984709590926,0.577645599991935,0.3460986631618102,0.1809299398258149,0.1084048944552431,1
0.3014164305949008,0.2622775800711744,0.5695471349353056,0.7456429580781911,0.0790547720101216,0.1716708644677521,0.1955654306418601,0.4246788104581199,4
0.7773371104815865,0.7939501779359431,0.425985828712264,0.3805572665676292,0.6171669371830675,0.3311345931972953,0.3021435095061853,0.1621120025712855,1
0.6637393767705383,0.6781138790035587,0.4432378311768339,0.5079531867096633,0.4500908834292743,0.2941944018264368,0.3444501057919086,0.2251440688165525,2
0.2881019830028329,0.3423487544483986,0.667821934688849,0.8050654009203231,0.0986313550351335,0.1924008236766457,0.2756131372545732,0.537640333593664,4
0.3062322946175638,0.154270462633452,0.6823012939001849,0.6321605855284611,0.0472425977639551,0.2089426908515864,0.0975237059881096,0.4313239854587675,4
0.6325779036827196,0.7806049822064057,0.477125693160815,0.6101308018406464,0.4937934632484148,0.3018191707728328,0.4762711437143978,0.2911090817469822,1
0.6371104815864024,0.7806049822064057,0.5008471965496,0.4166455306351678,0.4973316161422682,0.3190949985949152,0.3252355770278436,0.2086757459735442,2
0.5858356940509915,0.6612099644128114,0.6055914972273584,0.4714301242798651,0.3873603984152107,0.3547771150895685,0.3117142956982168,0.2854940748007231,3
0.7637393767705383,0.8873665480427045,0.4034966112138036,0.403456646979963,0.6777167743691591,0.3081662503774545,0.3580139321154938,0.1627933898280989,2
0.1529745042492918,0.2966192170818506,0.6437923598274793,0.8544874814304866,0.0453751776839091,0.0984838170840903,0.2534574077481533,0.5501125121131724,5
0.6322946175637394,0.4202846975088967,0.5492144177449205,0.1299684771187361,0.2657437520792797,0.3472653202285163,0.0546237620915399,0.0713805614859606,3
0.7458923512747876,0.711387900355872,0.5399722735674715,0.2175078807203159,0.5306187936648756,0.4027611887544341,0.1547324745764809,0.1174482248713913,2
0.7430594900849858,0.7790035587188612,0.315696241528034,0.7133229464835682,0.5788459871160263,0.2345810882515674,0.5556811138265234,0.2251933732005654,2
0.5487252124645893,0.7946619217081848,0.4115064695009245,0.9463748686546614,0.4360510318268425,0.2258039749074478,0.7520480717814442,0.3894393810244808,2
0.1424929178470255,0.2498220640569394,0.461722119531732,0.9070980832638864,0.0355978748500398,0.0657921320465895,0.2266131154630775,0.4188272496277731,5
0.711331444759207,0.6998220640569394,0.300292667898951,0.6518714446175586,0.4978054398999929,0.2136076173071575,0.4561940198720387,0.1957522152313499,2
0.9070821529745042,0.7569395017793595,0.2781115218730789,0.0,0.68660631294547,0.2522699980276483,0.0,0.0,1
0.28328611898017,0.2738434163701068,0.592036352433766,0.7678176745534258,0.0775760386317583,0.1677156805761376,0.2102618151490609,0.4545759753767865,4
0.239943342776204,0.2864768683274021,0.663200862600128,0.7836153483821877,0.0687382174145353,0.1591306319043366,0.2244876709778153,0.5196943749937667,4
0.1390934844192634,0.241103202846975,0.6154497843499698,0.8595601289901809,0.0335358845886302,0.0856050549903215,0.2072427001390915,0.529016096022839,5
0.2325779036827195,0.2281138790035587,0.6320856438693774,0.5396934671546071,0.0530542477795812,0.1470091539990818,0.1231115702655171,0.3411324926785165,4
0.1934844192634561,0.2549822064056939,0.1434842883549016,0.9726077031776512,0.0493350841289203,0.0277619742057784,0.2479976581234117,0.1395539241389406,4
0.5280453257790368,0.597864768683274,0.5427449168207019,0.4956338997789774,0.3156996965511679,0.2865939164175038,0.2963220468429473,0.2690027797090612,3
0.5155807365439095,0.351067615658363,0.5328866296980941,0.1018515163592882,0.1810036998578529,0.2747460810341449,0.035756768999444,0.0542753112823413,3
0.8441926345609065,0.7772241992882564,0.3449630314232905,0.2434508496684662,0.6561269444416442,0.2912152503233444,0.1892158916996193,0.0839815431042098,2
0.3648725212464589,0.5064056939501779,0.6046672828096114,0.4685314685314685,0.184773522325164,0.2206264759939885,0.2372670034591742,0.2833056499877199,3
0.7104815864022663,0.4234875444839856,0.2134165126309319,0.145766150947498,0.3008801024265824,0.1516285024584638,0.0617301493336379,0.031108903594849,2
0.6402266288951842,0.8596085409252668,0.3227818853974113,0.8081089894561397,0.5503442783260916,0.2066535583564163,0.6946573893349841,0.2608429432232496,2
0.4121813031161473,0.5064056939501779,0.5587646333949472,0.5911446066886481,0.2087309588378212,0.2303123347279456,0.2993589947750698,0.3303106994397827,3
0.3475920679886686,0.2948398576512455,0.8042975970425168,0.4093988912641761,0.102483995846481,0.2795674650343253,0.1207071108229074,0.3292785444756474,4
0.4393767705382437,0.3377224199288257,0.6964725816389432,0.3634551976520888,0.148387386206688,0.3060138736889521,0.122746968886773,0.2531365798188426,4
0.2427762039660057,0.2731316725978647,0.8736136783733848,0.7204246530671401,0.0663098706561954,0.2120926125682693,0.1967707904729643,0.6293728311568538,5
0.2773371104815864,0.2653024911032029,0.358518176216883,0.5936084640747854,0.073578226286129,0.0994303950471185,0.1574858042589867,0.2128194239269971,4
0.5022662889518413,0.5256227758007117,0.6234596426370942,0.5682452262763145,0.2640026009899892,0.3131427610185744,0.2986826331708599,0.3542779657044657,3
0.4444759206798868,0.3001779359430604,0.5070086260012339,0.8073843255190405,0.1334218644460798,0.2253531258345428,0.2423589603470855,0.4093508175363416,3
0.1198300283286119,0.2807829181494662,0.9515557609365396,0.8005724845103084,0.0336462250360408,0.1140249537892794,0.2247870783909727,0.7617893596830625,5
0.154957507082153,0.2571174377224199,0.637630930375849,0.8173846878510092,0.0398422771768169,0.0988056994095154,0.2101638565737914,0.5211897589894119,5
0.6130311614730879,0.7774021352313166,0.1884627233518188,0.5108518424580599,0.4765717338925125,0.1155335221907467,0.3971373131137479,0.0962765294589402,2
0.423229461756374,0.2069395017793595,0.2928989525569925,0.8118772419290554,0.0875828939542105,0.1239634660397016,0.1680094719507992,0.2377979937658803,3
0.6288951841359774,0.6313167259786477,0.6752156500308111,0.473314250516323,0.3970320486324641,0.4246398705576206,0.2988112029950025,0.3195891893312251,2
0.7042492917847026,0.8110320284697509,0.3323321010474451,0.3680930468495235,0.5711687316645329,0.2340446467999854,0.2985352504519801,0.1223291356404577,2
0.276487252124646,0.34288256227758,0.7328250154035771,0.86883582738505,0.0948026574455858,0.2026167747971364,0.2979086546923472,0.636704628586629,4
0.7229461756373938,0.7261565836298932,0.4358441158348718,0.4838943439979708,0.5249721250491466,0.3150918367168818,0.3513830636753948,0.2109025025172909,2
0.3597733711048159,0.3466192170818506,0.8107670979667319,0.7415848400304359,0.1247043642192493,0.2916924120163596,0.2570475566511191,0.6012525886475996,4
0.4614730878186969,0.4039145907473309,0.5717036352433773,0.7436138990543135,0.186395713407196,0.2638258418729353,0.30035650371055,0.4251267693068528,3
0.9,0.9284697508896796,0.4090418977202752,0.3235986811116345,0.8356227758007116,0.3681377079482477,0.3004515868399481,0.1323654186216811,1
0.7997167138810198,0.6953736654804269,0.5405884165126338,0.304757418747056,0.5561019426774065,0.4323175920156275,0.2119202833564936,0.1647483304209486,2
0.6260623229461757,0.442526690391459,0.6265403573629094,0.5421573245407441,0.2770492877521599,0.3922533115501501,0.2399190865005036,0.3396834438646766,3
0.3813031161473088,0.2523131672597865,0.4229051139864452,0.7354976629588028,0.0962077969211537,0.1612550377976643,0.1855757448533064,0.3110457229903565,3
0.3286118980169972,0.435409252669039,0.3671441774491697,0.8112975107793761,0.1430806609337352,0.1206479449974608,0.3532464428606998,0.2978631572616529,4
0.7971671388101983,0.7453736654804269,0.6397874306839206,0.3006993006993006,0.5941873922555018,0.5100175155650291,0.2241333399696388,0.1923836330028572,1
0.7135977337110482,0.8165480427046262,0.177064078866298,0.5714337475995508,0.5826868327402135,0.1263525254006245,0.4666031081377826,0.101180390151831,2
0.6444759206798867,0.595373665480427,0.4469346888478114,0.5986811116344795,0.383703991209057,0.2880386450789719,0.3564389678877168,0.2675713563474179,2
0.4824362606232296,0.6389679715302491,0.7001694393099207,0.5911446066886481,0.3082613188430635,0.3377871261033414,0.3777224702168923,0.4139013878162743,3
0.591784702549575,0.641459074733096,0.4672674060382036,0.6799884053770064,0.3796056677386509,0.2765217028934298,0.4361847333423679,0.3177364183165682,2
0.6062322946175638,0.8693950177935942,0.3933302526186075,0.830428638718794,0.5270553365660883,0.2384495015874844,0.7219705211352361,0.3266327062489896,2
0.3606232294617564,0.2813167259786476,0.5618453481207659,0.5307076343345773,0.1014493462240278,0.2026144838973753,0.1492969341428766,0.2981756155630587,4
0.6980169971671388,0.8713523131672597,0.5205637707948227,0.4425884995833182,0.608218725111651,0.3633623601242049,0.385650512893151,0.2303955382535149,1
0.0,0.2501779359430605,0.9244454713493582,0.6639008659734047,0.0,0.0,0.1660933483200368,0.6137401489740312,5
0.5988668555240794,0.7327402135231317,0.2346734442390641,0.8246313272220007,0.4388138275886403,0.1405381476264537,0.6042405347865123,0.1935190737866176,1
0.2002832861189802,0.1946619217081849,0.5655422057917434,0.3738903583463168,0.0389875293619509,0.1132686514149469,0.0727822156638559,0.2114507779834414,4
0.3294617563739377,0.2540925266903915,0.5026956253850905,0.6125946592267837,0.083713770124908,0.1656189836608669,0.1556557247999728,0.3079486553275744,4
0.1988668555240793,0.1937722419928825,0.9842113370301924,0.7889778615167216,0.0385348764529754,0.1957270137663442,0.1528820091088451,0.7765209559705945,4
0.3898016997167139,0.2387900355871886,0.5113216266173772,0.9307221276133192,0.0930807617473007,0.1993140391573686,0.2222471699745683,0.4758983522200285,3
0.421529745042493,0.3231316725978648,0.7660967344423923,0.7204246530671401,0.1362096115653322,0.3229325611473881,0.2327920231263214,0.5519149741265295,3
0.5869688385269123,0.6332740213523133,0.5609211337030224,0.6367984347258957,0.3717121167824344,0.329243226354862,0.4032679055497265,0.3571936999467595,2
0.4742209631728046,0.4889679715302492,0.2322088724584112,0.8066596615819412,0.2318788624197272,0.1101183151544987,0.394430738438999,0.1873135304736261,3
0.5949008498583569,0.597864768683274,0.5110135551447961,0.3550490959817384,0.3556702589900496,0.3040023982447795,0.2122713456403275,0.181434900788574,3
0.8022662889518414,0.8295373665480427,0.2476124460874942,0.4704155947679262,0.6655098646073816,0.1986511182209018,0.3902273136669167,0.1164807560981896,1
0.3464589235127479,0.2752669039145907,0.3717652495378942,0.7373817891952608,0.095368675208936,0.1288013881543469,0.2029768021147808,0.274132924864875,4
0.2926345609065156,0.4035587188612098,0.4586414048059133,0.9995652016377404,0.1180952284939461,0.1342143261089259,0.4033832521911734,0.4584419882742392,4
0.6620396600566573,0.5610320284697509,0.4728126925446716,0.4825899489111923,0.3714254534090107,0.3130207542427472,0.2707484179567596,0.2281746531396963,2
0.1702549575070822,0.281138790035587,0.8129235982748,0.8194137468748868,0.0478652727511013,0.1384042726807804,0.2303689893349324,0.6661207715853691,4
0.5776203966005666,0.6023131672597865,0.6456407886629734,0.6112902641400051,0.3479083705503413,0.3729352884090093,0.3681881751092379,0.3946739282413501,2
0.6971671388101984,0.6055160142348753,0.5248767714109697,0.5053443965361063,0.4221458671478834,0.3659268369525202,0.3059941248064714,0.2652435353044963,2
0.2118980169971671,0.2434163701067615,0.7950554528650677,0.6250588789448894,0.0515794461302712,0.1684706738648925,0.1521495634157666,0.4969564700668606,5
0.7790368271954674,0.7706405693950177,0.2855052372150339,0.4669372078698504,0.600357384089603,0.2224190941476893,0.3598407557445412,0.1333130182974072,2
0.4937677053824362,0.5866548042704626,0.5156346272335206,0.7870937352802638,0.2896711965562085,0.2546037267048233,0.4617523212133504,0.4058527847890781,2
0.7198300283286119,0.731850533807829,0.5094731977818867,0.1630131526504582,0.5268079904831993,0.366734106392004,0.1193012627849349,0.0830508321613357,2
0.2345609065155807,0.2784697508896796,0.707871226124464,0.94767926374144,0.0653181172058511,0.1660389164960498,0.2639000084973937,0.6708348823973823,4
0.8118980169971671,0.7629893238434161,0.3893253234750453,0.4901264538570238,0.6194695190184789,0.3160924580961699,0.3739612516261418,0.1908186401915626,1
0.6526912181303117,0.8026690391459074,0.2996765249537887,0.7856444074060656,0.5238950329156291,0.1955962361171471,0.6306124416029825,0.2354391858608283,1
0.451558073654391,0.5362989323843416,0.7158810844115848,0.7260770317765137,0.2421701128103797,0.3232618834425117,0.3893943369705359,0.5197848128745154,3
0.6878186968838528,0.6204626334519573,0.425985828712264,0.4307040110148918,0.4267658000060488,0.2930010175958575,0.2672357449126206,0.1834738050618747,2
0.2946175637393768,0.3377224199288257,0.6490295748613697,0.7972390303996522,0.0994989565795973,0.1912155121404602,0.2692454946082811,0.5174317089631768,4
0.5577903682719547,0.4441281138790035,0.3615988909426981,0.7321642088481468,0.247730384200498,0.2016963785456579,0.3251747091254403,0.2647497659074279,2
0.2087818696883853,0.3039145907473308,0.5424368453481208,0.9692742490669952,0.0634518564818081,0.1132509787596501,0.2945765867271222,0.5257700659410696,5
0.6473087818696884,0.731850533807829,0.428758471965498,0.5637523098662995,0.4737332775498271,0.2775391242042954,0.4125824289110479,0.2417135789452945,2
0.4745042492917847,0.7535587188612097,0.2420671595810226,0.784340012319287,0.3575668141905173,0.1148618958351877,0.5910462548349074,0.189862958927874,2
0.6609065155807367,0.8596085409252668,0.3089186691312413,0.8311533026558935,0.5681208855463592,0.2041663612133671,0.7144664777812493,0.2567587721004944,1
0.2909348441926346,0.435409252669039,0.3480437461491092,0.939852893220769,0.1266757230852983,0.1012580530581119,0.4092206458560892,0.3271099217856352,4
0.4835694050991502,0.6690391459074733,0.7303604436229243,0.7369469908330013,0.3235268617745204,0.3531799652306889,0.4930463853259937,0.53823693115137,3
0.7019830028328612,0.6334519572953737,0.461722119531732,0.3079459400702923,0.4446725071325598,0.3241210799432384,0.1950689584786905,0.142185452150447,2
0.2439093484419264,0.2864768683274021,0.7432994454713509,0.8405739338381826,0.0698743862974202,0.1812976834421624,0.2408049881636074,0.624798138899593,4
0.3178470254957507,0.248932384341637,0.5676987060998187,0.6959310119931883,0.0791224179125543,0.1804413451116137,0.1732397661527527,0.3950791350432703,4
0.7824362606232296,0.736476868327402,0.6382470733210113,0.167506069060473,0.576246206889599,0.4993876534030123,0.1233643451674906,0.106910258341354,1
0.7379603399433429,0.6430604982206406,0.3794670363524339,0.2177977462951554,0.4745531438710393,0.280031623143935,0.1400571272438953,0.0826470653108619,2
0.6492917847025497,0.4135231316725979,0.2192698706099811,0.4667922750824304,0.2684971721794885,0.1423701256198517,0.1930294034326634,0.1023534817590632,2
0.5362606232294618,0.582918149466192,0.5704713493530491,0.6770897496286097,0.3125960501245047,0.3059213213386181,0.3946879038760364,0.3862603031037511,2
0.2152974504249292,0.2681494661921708,0.8862446087492337,0.700423928403203,0.0577318964039801,0.1908062047165489,0.1878183025095421,0.6207469303862979,5
0.4963172804532578,0.597864768683274,0.5535274183610603,0.5318670966339359,0.2967306160716986,0.2747252229372741,0.3179845986992926,0.2944030209109751,3
0.6580736543909349,0.8026690391459074,0.3052218114602603,0.7766585745860357,0.5282153478572077,0.2008584328674744,0.6233997918074033,0.2370531370212935,1
0.4968838526912182,0.3215302491103202,0.3847042513863208,0.506503858835465,0.159763188934703,0.191153330575526,0.1628563119067055,0.1948541878375802,3
0.3657223796033995,0.2427046263345195,0.6009704251386339,0.6559295626653139,0.0887625134838143,0.2197883339529678,0.1591971394084498,0.3941942681359718,3
0.7101983002832861,0.8793594306049822,0.416127541589649,0.4876625964708866,0.6245195729537367,0.2955330727380311,0.428830703159986,0.2029298373946551,2
0.5356940509915015,0.3418149466192171,0.3711491065927319,0.6001304395086777,0.1831082334438922,0.1988223684325371,0.2051335541452259,0.2227378764627492,2
0.2036827195467422,0.2459074733096085,0.8461953173136223,0.7789774991847529,0.0500871029205689,0.172355363498157,0.1915563885895602,0.659167112102814,5
0.6696883852691219,0.8873665480427045,0.4466266173752302,0.6111453313525852,0.5942590707005535,0.2991006582082278,0.5423099230347583,0.2729537720666693,2
0.3235127478753541,0.4868327402135231,0.9084257547751128,0.6466538642704445,0.1574965975421652,0.2938873121680393,0.3148122727124441,0.5874370247281219,4
0.8235127478753541,0.7855871886120996,0.4487831176833055,0.223450125004529,0.6469410643896243,0.3695786184434473,0.1755395554973301,0.1002806437462568,1
0.6093484419263456,0.7316725978647688,0.2158810844115848,0.5954925903112431,0.4458435575090985,0.1315468024275691,0.4357056105622477,0.1285555861554547,2
0.6611898016997168,0.7695729537366548,0.4349199014171283,0.3250480089858327,0.508833788674604,0.2875646033732514,0.250148156381446,0.1413698480239522,2
0.5059490084985836,0.6300711743772242,0.6290049291435658,0.8256458567339395,0.3187838859596947,0.3182444202409089,0.5202156545720427,0.5193353136126103,2
0.1447592067988669,0.3161921708185053,0.6576555760936564,0.8415884633501214,0.0457717278436986,0.0952016995421695,0.266103683162485,0.5534753456982991,5
0.3662889518413598,0.3265124555160142,0.8452711028958717,0.7299902170368491,0.1195979050941094,0.309613466301519,0.2383508982673697,0.6170396358579342,4
0.591784702549575,0.6149466192170819,0.4355360443622906,0.8649226421247147,0.3639160021372476,0.2577435684625566,0.5318812546588993,0.3767049862303793,2
0.3410764872521247,0.2852313167259787,0.668746149106596,0.6433204101597882,0.097285695563195,0.2280935874006633,0.183495127666573,0.4302180469360342,4
0.8436260623229462,0.3227758007117437,0.2528496611213811,0.1788108264792202,0.2723020777675843,0.213310563971522,0.0577158076927589,0.0452122568801049,1
0.4379603399433428,0.2702846975088967,0.1225354282193471,0.5724482771114894,0.11837397800248,0.0536656577980483,0.1547240094185679,0.0701451947692838,3
0.7274787535410765,0.8288256227758005,0.2990603820086264,0.6114351969274248,0.6029530309598459,0.2175600739371537,0.5067731578804171,0.1828560435666353,2
0.7053824362606234,0.8071174377224198,0.412430683918668,0.6814377332512047,0.5693264645690724,0.2909213606111851,0.5500002772290862,0.2810458303727812,2
0.6073654390934845,0.6140569395017793,0.6709026494146677,0.5107069096706403,0.3729569626888994,0.4074830822507218,0.313603121934765,0.3426346187724099,2
0.8022662889518414,0.7754448398576511,0.2762630930375849,0.1383745787890864,0.6221132539594527,0.2216365664256205,0.107301853089473,0.038227789134046,2
0.7002832861189803,0.6176156583629894,0.6049753542821925,0.3424399434762127,0.4325059227969716,0.4236541291177281,0.2114962711398459,0.2071677261248957,2
0.2892351274787536,0.3261565836298932,0.5917282809611848,0.6218703576216529,0.0943359410442269,0.171148604776592,0.2028271113025782,0.3679782776961778,4
0.3388101983002833,0.3113879003558718,1.0,0.6686836479582592,0.1055013962678818,0.3388101983002833,0.2082199971400272,0.6686836479582592,4
0.7127478753541077,0.7466192170818503,0.5371996303142339,0.3464980615239682,0.532151260673636,0.3828878951474823,0.2587021114154039,0.1861386305552744,2
0.6784702549575071,0.8565836298932384,0.4475508317929808,0.727526359650712,0.5811665137660924,0.303649926953028,0.6231871699926206,0.3256050274129954,2
0.3575070821529745,0.1866548042704626,0.7725662353666074,0.6824522627631435,0.0667304144445676,0.2761979005758239,0.1273829935299888,0.5272395754603445,3
0.5444759206798867,0.7946619217081848,0.4096580406654375,0.9352150440233342,0.432674281451312,0.2230489388552325,0.7431797840939874,0.3831183625354399,2
0.6413597733711048,0.7946619217081848,0.4262939001848451,0.5827385050182978,0.5096641900134081,0.2734077592120366,0.4630801002511953,0.2484178700921361,2
0.3858356940509915,0.2800711743772242,0.2553142329020339,0.7811514909960506,0.1080614559495125,0.0985093442528527,0.2187780154497835,0.1994390937039367,4
0.4439093484419264,0.3709964412811387,0.5270332717190414,0.7191202579803615,0.1646887885233836,0.2339549962560164,0.2667910565638884,0.379000302322831,3
0.6274787535410765,0.711387900355872,0.5732439926062867,0.3718612993224391,0.446380792999506,0.3596984259555028,0.2645376289485964,0.2131672559193564,2
0.6787535410764873,0.8186832740213522,0.3686845348120791,0.6927424906699517,0.555684171262085,0.2502459335438361,0.5671366903153822,0.2554034429172122,1
0.671671388101983,0.6386120996441281,0.4906808379544074,0.6495525200188412,0.4289374754266934,0.329576279543881,0.4148120986383667,0.318722974818242,2
0.3600566572237961,0.2667259786476869,0.4373844731977847,0.5605637885430632,0.0960364642666317,0.1574831913411853,0.1495169250936035,0.245181897345662,4
0.6512747875354108,0.7640569395017792,0.6499537892791132,0.7137577448458277,0.4976110209389774,0.4232985160205896,0.5453515580725949,0.4639095508898601,2
0.8212464589235129,0.8507117437722419,0.418900184842883,0.3009891662741403,0.6986440071376004,0.3440202934446226,0.2560550184976271,0.1260844173879426,1
0.1725212464589235,0.2604982206405694,0.6724430067775735,0.7012935251277219,0.0449414777252427,0.1160107057018533,0.182685715442524,0.4715799266705291,4
0.2390934844192634,0.2864768683274021,0.7312846580406678,0.810282981267437,0.068494752653917,0.1748453969932927,0.2321273309324864,0.5925475128723305,5
0.8260623229461757,0.8693950177935942,0.339417744916819,0.2692488858291967,0.7181744679564082,0.28038021081514,0.2340836398863798,0.091387849649512,1
0.2518413597733711,0.345373665480427,0.6434842883548981,0.7421645711801153,0.0869793735445041,0.1620559581720975,0.2563240983381856,0.4775712409280546,5
0.8787535410764873,0.8713523131672597,0.4475508317929808,0.2791043153737453,0.7657039307209178,0.3932868782498092,0.2431981908158773,0.1249133685025301,1
0.2702549575070821,0.2722419928825622,0.6145255699322263,0.9455052719301424,0.0735747482181202,0.1660785817890492,0.2574062395112308,0.5810371661067953,4
0.551558073654391,0.332562277580071,0.2704097350585357,0.7541939925359615,0.1834274091921808,0.1491466725662802,0.2508164718949664,0.2039413977043886,2
0.3141643059490085,0.34288256227758,0.7334411583487395,0.8456465813978769,0.1077214621999536,0.2304210324670685,0.2899574666109801,0.6202320082141104,4
0.4152974504249292,0.347508896797153,0.4044208256315471,0.7369469908330013,0.1443195588398375,0.1679549377835263,0.2560956357823579,0.2980367104793665,3
0.8320113314447593,0.93576512455516,0.5538354898336415,0.4994021522518932,0.7785671872007097,0.4607974032978485,0.4673231172051078,0.276586635616402,1
0.5696883852691219,0.4053380782918149,0.5091651263093055,0.5309974999094169,0.2309163953101529,0.2900654586424968,0.2152335061910412,0.2703654091113037,2
0.21671388101983,0.2010676156583629,0.9028804682686412,0.6002753722960976,0.0435741433367273,0.1956667303754987,0.1206959378460124,0.5419769092288336,4
0.1552407932011331,0.2492882562277579,0.6878465804066565,0.6130294575890429,0.0386997066325244,0.1067818487430163,0.1528210444986207,0.4216702160911706,4
0.6300283286118981,0.6496441281138788,0.3920979667282829,0.338816623790717,0.4092942042281208,0.2470328266299437,0.2201102301530084,0.1328493092820817,2
0.281586402266289,0.2818505338078292,0.486367837338264,0.8507192289575709,0.0793652777917796,0.1369545694941174,0.2397756688022762,0.4137624715701692,4
0.7651558073654392,0.8263345195729536,0.4330714725816413,0.5286785753106996,0.6322746564777756,0.3313671522501454,0.4368653565378805,0.2289556091321688,2
0.0988668555240793,0.1749110320284697,0.690619223659894,0.9086923439255046,0.0172929037331263,0.0682793510077345,0.1589403156723791,0.6275604011075214,5
0.3501416430594901,0.2902135231316726,0.5079328404189773,0.6030290952570745,0.1016158398274071,0.1778484393081745,0.1750071982854605,0.3062982812092119,4
0.5614730878186969,0.6313167259786477,0.6545748613678377,0.6720171020689156,0.3544673515268214,0.3675261686206952,0.4242556366798065,0.4398855014235765,2
0.3062322946175638,0.2768683274021353,0.768253234750464,0.728251023587811,0.0847860232072828,0.2352639509250005,0.2016296428296502,0.5594812045816723,4
0.1453257790368272,0.241103202846975,0.6786044362292074,0.8620239863763179,0.0350385107820108,0.0986187183528564,0.2078367440462474,0.5849733012909551,5
0.6492917847025497,0.711387900355872,0.570163277880468,0.3135983187796658,0.4618983194378637,0.3702023322668648,0.2230900495517978,0.1788022453732181,2
0.3719546742209632,0.2845195729537366,0.243607516943932,0.9692742490669952,0.1058283850674946,0.090610954602658,0.2757774954195952,0.236122493052905,4
0.4269121813031162,0.2352313167259786,0.5485982747997546,0.6207108953222942,0.1004231145342917,0.2342032861538896,0.1460106412128243,0.3405209263232217,3
0.2518413597733711,0.1925266903914591,0.6545748613678377,0.463603753759194,0.0484861835008518,0.1648490231603421,0.0892560963643145,0.3034633628465336,4
0.6628895184135978,0.442526690391459,0.5880314232902037,0.368382912424363,0.2933463046787575,0.3897998669969056,0.16301927103192,0.2166207283086886,3
0.3031161473087819,0.2807829181494662,0.9380006161429436,0.8217326714736042,0.0851098363795832,0.2843231329385127,0.2307284974351152,0.7707857521470278,3
0.8184135977337111,0.8693950177935942,0.3452711028958717,0.2786695170114858,0.7115247043642192,0.2825745655144967,0.242273889700733,0.0962165314820155,1
0.6458923512747876,0.7886120996441283,0.4666512630930377,0.8885466864741476,0.5093585232828931,0.3014064815445116,0.7007186680522105,0.4146414335602943,2
0.58328611898017,0.582918149466192,0.5646179913739999,0.6792637414399072,0.3400080650852378,0.3293338368949195,0.3959551631596326,0.3835245293049884,2
0.1181303116147309,0.241103202846975,0.6034349969192867,0.8792709880792782,0.0284815964836228,0.0712839642253095,0.2119950513963383,0.5305828859828374,5
0.5169971671388102,0.6537366548042703,0.7177295132470753,0.5949128591615638,0.33797999858861,0.371064125120655,0.3889163424483247,0.4269865168304551,3
0.3084985835694051,0.2555160142348753,0.6462569316081357,0.4609949635856371,0.0788263284707589,0.1993693480230197,0.1177915956777534,0.2979211906536581,4
0.2722379603399434,0.2681494661921708,0.8806993222427622,0.6476683937823833,0.0730004637424011,0.2397597871601401,0.1736719340622867,0.5704011154422033,5
0.6351274787535411,0.4259786476868327,0.2063308687615546,0.6272328707561867,0.270550744508181,0.1310464044655539,0.2671878100694503,0.1294175031389279,2
0.7960339943342777,0.7946619217081848,0.4087338262476905,0.4773723685640783,0.6325779036827194,0.3253660203274817,0.3793496437735183,0.1951182347481184,2
0.596600566572238,0.8172597864768684,0.3446549599507094,0.607811877241929,0.4875776516488059,0.2056213443785252,0.4967402050128434,0.2094853782083825,2
0.6226628895184136,0.5912811387900355,0.5245686999383885,0.5991159099967389,0.3681688223967417,0.3266294624545546,0.3542459375301002,0.3142774540193939,2
0.441643059490085,0.3419928825622775,0.6773721503388792,0.4263560273922967,0.1510387829786375,0.2991567088890404,0.1458107268056929,0.2888016990846621,4
0.7195467422096318,0.6884341637010675,0.4056531115218753,0.6598427479256495,0.4953605597169154,0.2918863748627658,0.4542582903424088,0.2676672638111841,2
0.2385269121813031,0.2864768683274021,0.677064078866298,0.7521649335120837,0.0683324428135049,0.1614980040808563,0.2154778546182303,0.5092638578638893,4
0.7005665722379604,0.7850533807829182,0.4247535428219358,0.5062139932606253,0.5499821559989113,0.2975681335406933,0.3974050068088753,0.2150161870634901,1
0.868271954674221,0.8713523131672597,0.48359519408503,0.0856190441682668,0.7565707761636405,0.4198921444392682,0.074604352187189,0.0414049582819277,1
0.5524079320113314,0.3103202846975088,0.5294978434996942,0.6465089314830246,0.1714233867309184,0.2924988087321257,0.2006248356772944,0.3423250850235531,3
0.328328611898017,0.2763345195729537,0.4238293284041887,0.8768071306931411,0.0907285292308932,0.139155295076616,0.2422920772182291,0.3716165773416777,4
0.8515580736543911,0.7706405693950177,0.2688693776956263,0.2563498677488314,0.6562451987539444,0.2289578893351424,0.1975536080462969,0.0689246294139844,2
0.686685552407932,0.8633451957295372,0.2697935921133698,0.7379615203449399,0.5928466726482714,0.1852633618364896,0.6371155332230689,0.1990972894153049,2
0.639943342776204,0.793238434163701,0.2722581638940227,0.3904126961121779,0.5076276551772806,0.1742297995004525,0.3096903557416528,0.1062930438044165,2
0.2852691218130312,0.288612099644128,0.6052834257547737,0.8553570781550057,0.0823321202100954,0.1726686713130473,0.2468664022717827,0.5177334625092556,4
0.2688385269121813,0.2702846975088967,0.2790357362908224,0.968549585129896,0.0726629399251963,0.0750155563002805,0.2617841316392013,0.2702599466208911,4
0.4254957507082153,0.3758007117437721,0.3172365988909433,0.8126019058661547,0.1599016059600979,0.1349828247972229,0.3053763745888466,0.2577870648692774,3
0.5073654390934844,0.3709964412811387,0.4198243992606301,0.6750606906047318,0.188230772332725,0.2130043906730279,0.2504451138631433,0.2834069488975976,2
0.8195467422096318,0.7870106761565837,0.3628311768330299,0.534475886807493,0.6449920357283276,0.2973571089455964,0.4206382290657547,0.19392451499924,2
0.1441926345609065,0.2731316725978647,0.7660967344423923,0.9223160259429688,0.039383575453913,0.1104655064677557,0.2519137188296186,0.7065832955987932,4
0.1668555240793201,0.2733096085409252,0.7978280961183017,0.7363672596833217,0.0456032179690098,0.1331220251030254,0.2012562474864024,0.5874944888369956,5
0.4920679886685553,0.7064056939501778,0.5877233518176226,0.6652052610601833,0.347599629006079,0.2891998476224392,0.469904784058528,0.3909566656770076,2
0.6359773371104817,0.7612099644128113,0.2519254467036376,0.4105583535635349,0.4841122861492242,0.160218874744948,0.3125211097054808,0.1034300966194035,2
0.1090651558073654,0.2715302491103202,0.5840264941466451,0.779847095909272,0.0296144889256298,0.0636969405797332,0.2117520762202044,0.4554513653943346,5
0.3728045325779037,0.5843416370106761,0.6964725816389432,0.7241929055400558,0.2178452108515721,0.2596481352512321,0.4231760679347941,0.50438050252609,3
0.3725212464589236,0.248220640569395,0.4192082563154677,0.5814341099315192,0.0924674624217434,0.1561639821685099,0.1443239472160977,0.2437419793867281,3
0.3424929178470255,0.3316725978647686,0.8683764633394944,0.8117323091416355,0.1135955158126077,0.297412788718824,0.2692293637437737,0.7048892317908145,4
0.5994334277620397,0.3046263345195729,0.4906808379544074,0.4862132685966881,0.1826032078876533,0.2941304966321604,0.1481133658073896,0.2385755340595743,4
0.8810198300283286,0.8576512455516013,0.3113832409118906,0.3459183303742889,0.7556077545794562,0.274334809981864,0.2966772869046392,0.1077131708027761,1
0.7011331444759207,0.7158362989323844,0.4832871226124489,0.4795463603753759,0.5018965552004678,0.3388486199619861,0.3432766917776045,0.2317585806650879,2
0.3668555240793201,0.4320284697508897,0.9056531115218752,0.6450596036088263,0.1584920306876493,0.3322438468614244,0.2786841134452367,0.584200237125401,3
0.3028328611898017,0.2850533807829182,0.7688693776956264,0.3830211239537664,0.0863235308943171,0.2328389135287888,0.1091814662942942,0.2944932132186117,4
0.1155807365439093,0.1852313167259787,0.7044824399260641,0.7017283234899814,0.0214091720181867,0.0814245992889048,0.1299820613439627,0.4943552814974484,4
0.660056657223796,0.5948398576512456,0.5877233518176226,0.4259212290300372,0.3926280080247598,0.387930710973105,0.2533549232468709,0.2503238523358148,2
0.4226628895184137,0.3494661921708185,0.8172365988909469,0.4278053552664951,0.1477063905719153,0.3454155823074484,0.1495035084952662,0.3496181935253237,4
0.145042492917847,0.2807829181494662,0.932455329636479,0.775499112286677,0.0407254544171463,0.1352456455450076,0.2177469037701737,0.7231182803800703,4
0.6288951841359774,0.6797153024911032,0.5322704867529318,0.4804159570998949,0.4274696803201839,0.3347423457766313,0.3265460776017079,0.2557112353294366,2
0.2413597733711048,0.2715302491103202,0.631469500924215,0.4791115620131163,0.0655364793886665,0.1524113356338332,0.130093281785056,0.3025443389514436,4
0.2331444759206798,0.2450177935943061,0.4420055452865092,0.8369506141526866,0.0571245450787857,0.1030511512098574,0.2050677928270906,0.369936812586437,4
0.1677053824362606,0.2213523131672596,0.7331330868761583,0.4749085111779412,0.0371219743328661,0.1229503647112423,0.1051220974920566,0.3481711427836446,5
0.8053824362606232,0.8637010676156583,0.3027572396796074,0.3656291894633863,0.6956096700372002,0.2438353632887036,0.3157943212909745,0.110696884148227,2
0.2419263456090651,0.2572953736654804,0.5057763401109092,0.9220261603681292,0.0622465294930085,0.1223606216585598,0.2372330654612659,0.4663390168775067,4
0.6056657223796035,0.595373665480427,0.4019562538508943,0.7230334432406971,0.3605974211889952,0.2434511248536011,0.4304750713671481,0.2906278142539438,2
0.6441926345609066,0.7421708185053378,0.2694855206407887,0.4698358636182469,0.478100974867178,0.1736005875176072,0.3486984674647166,0.1266139623228778,2
0.7705382436260624,0.7309608540925266,0.4404651879235999,0.5854922279792747,0.563233292671862,0.3393952722810742,0.4279718990282669,0.2578889442246984,1
0.2898016997167139,0.302135231316726,0.7026340110905771,0.9204318997065112,0.0875593035798897,0.2036245306928216,0.2780949049291203,0.6467267576265058,4
0.7943342776203967,0.6492882562277579,0.2630160197165772,0.4447624913946156,0.5157519179780831,0.2089226400241593,0.2887790624731231,0.1169796602058402,2
0.5773371104815864,0.6229537366548042,0.3554374614910678,0.8879669553244685,0.3596543102839918,0.2052072369741632,0.5531623328453672,0.3156167204884815,2
0.2325779036827195,0.2572953736654804,0.4912969808995697,0.8450668502481973,0.0598412186343794,0.114264821903271,0.2174317910069204,0.4151787921852481,5
0.7444759206798868,0.6752669039145908,0.4959180529882943,0.3106996630312691,0.5027199499964716,0.3691990490802372,0.2098051995024317,0.1540815719545861,2
0.5821529745042493,0.4638790035587188,0.3252464571780677,0.8140512337403529,0.2700485417317754,0.189343192493181,0.3776212751532206,0.2647672797354849,2
0.8184135977337111,0.7870106761565837,0.3424984596426377,0.5162143555925939,0.6441002389281503,0.2803053965743854,0.4062662090366624,0.1768026216358802,1
0.1487252124645892,0.2850533807829182,0.7710258780037016,0.7592666400956556,0.0423946246206889,0.1146709875217969,0.2164315226749538,0.5854142278186734,5
0.3473087818696884,0.351067615658363,0.505468268638328,0.9172433783832749,0.1219288659482019,0.1755535686545581,0.3220144458274379,0.4636374223913647,3
0.2484419263456091,0.2535587188612099,0.7232747997535434,0.5873763542157324,0.0629946165556037,0.179691784528005,0.1489343958643093,0.4248345149753502,4
0.5320113314447592,0.6128113879003557,0.5655422057917434,0.6779593463531286,0.326022602401379,0.3008748618914714,0.4154612079786787,0.3834146241736769,3
0.5736543909348442,0.3927046263345195,0.3985674676524979,0.6621616725243666,0.2252767332372243,0.2286399779026368,0.2600339521817219,0.2639161009945794,3
0.8441926345609065,0.8846975088967971,0.2439155884165131,0.1612739592014201,0.7468551208250582,0.2059117431958099,0.14267866995542,0.0393372326548751,2
0.5147308781869688,0.5546263345195729,0.7180375847196565,0.614043987100982,0.2854833002328793,0.3695961165539988,0.3405649657996015,0.440906661409617,3
0.2609065155807366,0.2604982206405694,0.580329636475664,0.6328852494655604,0.0679656830623128,0.151411783341101,0.1648654813554413,0.3672820667531586,4
0.184985835694051,0.2733096085409252,0.8227818853974149,0.7621652958440523,0.0505584063391569,0.1522029946641677,0.2083070986506163,0.6270957990990479,5
0.3648725212464589,0.1841637010676157,0.5812538508934075,0.3793978042682705,0.0671962739306201,0.2120835580596909,0.0698713038109715,0.2205264347514355,4
0.3691218130311615,0.2966192170818506,0.6333179297597056,0.6972354070799667,0.1094886231891363,0.2337714624580443,0.2068134205698051,0.44157168456705,4
0.1660056657223796,0.1852313167259787,0.6357825015403584,0.4320084061016702,0.030749448045729,0.105543497422847,0.0800214858989037,0.2746633851177829,5
0.4235127478753542,0.3275800711743772,0.4725046210720904,0.6781042791405485,0.1387343360922646,0.2001117304540439,0.2221334480245106,0.3204074054626679,3
0.4645892351274789,0.4329181494661921,0.5122458410351207,0.7101344251603319,0.2011291119333018,0.2379839034837388,0.307430081212649,0.3637634058642462,3
0.1711048158640226,0.2213523131672596,0.7389864448552075,0.4062103699409397,0.0378744467855594,0.1264441395729589,0.0899156050189552,0.3001839571459736,4
0.453257790368272,0.2106761565836299,0.4641866913123849,0.5233160621761657,0.0954906092163761,0.2103962340226107,0.1102502166577544,0.2429163514121806,4
0.2101983002832861,0.2135231316725978,0.5575323475046225,0.5249103228377838,0.0448821993487443,0.117192351798422,0.1120804959795979,0.2926544845211589,5
0.8042492917847026,0.827224199288256,0.3492760320394339,0.4049059748541613,0.6652944764247476,0.2809050014050858,0.3349480208357643,0.1414239522461202,1
0.7662889518413598,0.8508896797153026,0.4789741219963055,0.5454907786514003,0.6520273608016696,0.3670325779036845,0.464152473934341,0.2612759667616355,1
0.686685552407932,0.3709964412811387,0.443545902649415,0.3491068516975252,0.2547578962225156,0.3045765631790884,0.1295173996066441,0.1548449136572742,3
0.4433427762039661,0.30355871886121,0.3714571780653131,0.5511431573607739,0.1345805651608481,0.1646828565643669,0.1673043107575587,0.2047260819432398,4
0.6753541076487253,0.3275800711743772,0.4540203327171923,0.2176528135077357,0.2212325466514774,0.3066244966565967,0.0712987241401675,0.0988188028056151,2
0.708215297450425,0.8814946619217082,0.2180375847196565,0.7060763071125764,0.6242880041938444,0.1544175529176037,0.6224024956291287,0.1539511726306006,2
0.2405099150141643,0.2923487544483986,0.7448398028342602,0.2641762382695024,0.0703127740868811,0.1791413576788348,0.0772315942129523,0.1967689772261527,4
0.8005665722379605,0.795017793594306,0.4290665434380791,0.3562085582810971,0.6364646698859799,0.3434963319422129,0.2831921420640466,0.1528371748447319,1
0.4090651558073655,0.596085409252669,0.5861829944547168,0.8023116779593462,0.2438377708104402,0.2397870379582468,0.4782462849045924,0.4703014618721979,3
0.8294617563739377,0.8693950177935942,0.3280191004312982,0.2202616036812926,0.7211299184418255,0.2720792991679437,0.1914943408517429,0.0722500130990927,1
0.2053824362606233,0.294661921708185,1.0,0.8655023732743938,0.060518383353664,0.2053824362606233,0.2550305925520277,0.8655023732743938,4
0.554957507082153,0.4016014234875444,0.2540819470117057,0.8301387731439545,0.2228717248192916,0.1410046839081959,0.3333849129868158,0.2109232757703246,2
0.1662889518413597,0.3112099644128113,0.4805144793592113,0.8746331388818436,0.0517507787847932,0.0799042491172399,0.272194548025684,0.4202738873601218,4
0.8059490084985836,0.9231316725978644,0.3535890326555773,0.6244791477952099,0.743997056243888,0.2849747302847358,0.5764764802066811,0.2208089777824875,1
0.4000000000000001,0.2763345195729537,0.4515557609365395,0.6288271314178049,0.1105338078291815,0.1806223043746158,0.1737666432547777,0.2839505138249082,4
0.6073654390934845,0.7845195729537365,0.5217960566851545,0.5649117721656582,0.4764900749044791,0.3169208910858276,0.4431843422559407,0.2947687350910629,2
0.2487252124645892,0.2864768683274021,0.6148336414048075,0.79042718939092,0.0712540199409232,0.1529246280887878,0.2264391058575411,0.4859812271185867,5
0.4830028328611899,0.4523131672597864,0.3557455329636489,0.876952063480561,0.218468541126894,0.1718261001991562,0.3966569653678978,0.3119717792064638,2
0.7410764872521247,0.7850533807829182,0.4155113986444867,0.3779484763940722,0.5817846017360097,0.3079257277206734,0.2967097291549193,0.1570419000420537,1
0.8033994334277622,0.9163701067615658,0.0405884165126302,0.6152034494003404,0.73621122458238,0.0326087108299771,0.5637540506070735,0.0249701338442678,1
0.3790368271954675,0.2859430604982206,0.4444701170671621,0.847965505996594,0.1083829504098071,0.1684705429563351,0.2424698519815883,0.3768953277192215,4
0.3419263456090652,0.249644128113879,0.5288817005545319,0.7147722743577667,0.0853599044287399,0.180838587130119,0.178438701232019,0.378029975971566,4
0.2677053824362607,0.2681494661921708,0.8862446087492337,0.6305663248668429,0.0717850553970542,0.2372524519172878,0.1690860234118028,0.5588360058720574,5
0.6671388101983003,0.8830960854092526,0.1632008626001244,0.5043298670241674,0.5891476717107054,0.1088776292983832,0.4453717313240111,0.0823070693333501,2
0.5484419263456092,0.4793594306049821,0.3930221811460264,0.8365158157904271,0.2629008095329307,0.2155498421242796,0.4009917451493612,0.3287692704851013,2
0.8161473087818698,0.7327402135231317,0.2217344423906375,0.3507011123591433,0.5980239533031566,0.1809679684213673,0.2569728079528384,0.0777625155947309,1
0.7252124645892352,0.8774021352313167,0.6055914972273584,0.7101344251603319,0.6363029649269606,0.4391825022385375,0.6230734609369388,0.4300513697655349,1
0.2835694050991502,0.291459074733096,0.7839648798521281,0.6217254248342332,0.0826488764328128,0.2223084545982947,0.1812075170602266,0.487410897981183,4
0.8668555240793201,0.755693950177936,0.3582101047443018,0.3593970796043334,0.6550774752250663,0.3105164080786299,0.2715941987686128,0.1287396655298644,1
0.3053824362606233,0.2459074733096085,0.8400338878619884,0.5276640457987607,0.0750958232939824,0.2565315952167772,0.1297565322586988,0.4432556798773192,4
0.7365439093484419,0.6998220640569394,0.2981361675908829,0.5882459509402513,0.5154496789087939,0.2195903783955511,0.4116674955601437,0.175377393414181,2
0.6597733711048159,0.8258007117437721,0.2288200862600149,0.748396681039168,0.5448413194479449,0.1509693996882648,0.6180265118688217,0.1712481931120912,1
0.3818696883852692,0.0092526690391459,0.3788508934072716,0.5049095981738468,0.0035333138427106,0.1446716726099156,0.0046717614065907,0.1912854523580684,3
0.4124645892351276,0.2603202846975089,0.3123074553296376,0.7166564005942244,0.1073728992973294,0.1288157662776069,0.1865601982329804,0.2238171368152796,3
0.7314447592067989,0.7973309608540925,0.1080560690080076,0.7834704155947678,0.5832035526700472,0.0790370453763953,0.6246852192669314,0.0846587332932406,1
0.546742209631728,0.8793594306049822,0.3942544670363546,0.7708612630892422,0.4807829181494662,0.2155555584646357,0.6778641213855934,0.3039154964382203,2
0.8172804532577904,0.7275800711743771,0.3314078866296981,0.4618645603101561,0.5946369703507303,0.2708531877979261,0.3360434496633857,0.1530655578415435,2
0.3614730878186969,0.2224199288256227,0.786429451632781,0.54578064422624,0.0803988184650126,0.2842730822332659,0.1213924920432028,0.4292179727506278,3
0.2580736543909349,0.2768683274021353,0.7679451632778829,0.7517301351498242,0.0714524210377748,0.1981864146589664,0.2081302651767129,0.5772875213785367,4
0.4084985835694051,0.3266903914590746,0.4019562538508943,0.7514402695749847,0.1334525621767664,0.1641985603549545,0.2454883158255642,0.302046115751067,3
0.7093484419263457,0.8250889679715302,0.4050369685767094,0.4938947063299393,0.5852755738812215,0.2873123425824591,0.4075070735323716,0.2000456146479627,1
0.8977337110481587,0.8085409252669037,0.3720733210104754,0.3779484763940722,0.7258544453741694,0.3340227632527469,0.3055868108068796,0.1406245447827917,1
0.4543909348441927,0.4946619217081849,0.4971503388786189,0.7472372187398093,0.224769893036807,0.2259006072411628,0.3696297985937133,0.3714892365192129,3
0.1623229461756374,0.2195729537366548,0.5442852741836148,0.6850610529367007,0.0356417287510207,0.0883499892654989,0.1504208788832542,0.372868643030168,5
0.6113314447592069,0.6987544483985765,0.7251232285890374,0.3921518895612159,0.4271705664714244,0.4432906309617969,0.2740178772788069,0.2843584442559205,2
0.4594900849858358,0.4946619217081849,0.4962261244608754,0.7360773941084822,0.2272922484449507,0.2280109841007195,0.3641094582956548,0.3652608325817125,3
0.2589235127478754,0.3281138790035586,0.7916666666666679,0.468096670169209,0.0849563981329327,0.204981114258735,0.1535890141978685,0.3705765305506243,4
0.4586402266288953,0.4754448398576512,0.189695009242147,0.9989854704880612,0.2180581291018519,0.0870017620291886,0.4749624870363165,0.1895025580570033,3
0.4433427762039661,0.2523131672597865,0.3480437461491092,0.62433421500779,0.1118612200457693,0.1543026806581745,0.157527743217268,0.2172956190403746,3
0.2852691218130312,0.2718861209964412,0.7266635859519432,0.7865140041305845,0.0775607149698063,0.2072946830180189,0.2138422416924435,0.571531086642952,4
0.2351274787535411,0.2555160142348753,0.6835335797905131,0.5582448639443458,0.0600788362082001,0.1607175272595257,0.1426405026021495,0.3815791102515466,4
0.6954674220963173,0.5185053380782918,0.5680067775723998,0.5175187506793725,0.3606035708164891,0.3950302093315131,0.2683362347828632,0.2939541579066845,3
0.4135977337110482,0.286832740213523,0.5966574245224905,0.2033044675531721,0.1186333713064429,0.2467761585843728,0.0583143775259276,0.1213031200041919,3
0.4815864022662889,0.3496441281138789,0.5658502772643246,0.5036052030870682,0.1683838577318963,0.2725057992491081,0.1760826021469909,0.284965143798574,3
0.6977337110481587,0.7825622775800712,0.3893253234750453,0.6089713395412877,0.5460200820622424,0.2716454027532681,0.476557998452417,0.2370879637539434,2
0.5322946175637394,0.3419928825622775,0.6394793592113359,0.2492481611652595,0.1820409706330083,0.3403914209513032,0.0852410971102542,0.1593890543865639,4
0.7793201133144476,0.6834519572953736,0.5030036968576717,0.3469328598862277,0.5326278568044115,0.3920008980327067,0.2371119421393239,0.1745085110841771,2
0.4912181303116148,0.347508896797153,0.3908656808379547,0.6283923330555454,0.1707026705513494,0.1920003089441964,0.2183719264159217,0.2456169970931065,3
0.5461756373937677,0.7421708185053378,0.2300523721503395,0.8383999420268851,0.4053556198522072,0.1256490009931599,0.622235971208921,0.192875895473992,2
0.914730878186969,0.848220640569395,0.5267252002464602,0.1463458820971772,0.775893611444356,0.4818118049846516,0.1241335978571607,0.0770840640528805,2
0.5158640226628896,0.5925266903914589,0.4493992606284678,0.6605674118627485,0.3056632020404665,0.2318289103695297,0.3914038223314861,0.2968585064863797,3
0.3161473087818697,0.2738434163701068,0.5895717806531131,0.70303271857676,0.0865748591130422,0.1863915317872165,0.1925208814750237,0.4144882517486993,4
0.7507082152974505,0.7016014234875446,0.6058995686999431,0.4307040110148918,0.5266979524764853,0.4548537838682293,0.3021825472298431,0.2609633745112585,2
0.7507082152974505,0.43932384341637,0.2722581638940227,0.2754809956882494,0.3298040184287197,0.2043864403170425,0.1210253698139301,0.0750019500737799,2
0.4951841359773372,0.7535587188612097,0.3397258163894037,0.4717199898547048,0.3731503231074772,0.1682268348579823,0.3554687112161342,0.1602554586605908,2
0.2912181303116147,0.2711743772241993,0.5217960566851545,0.7907170549657596,0.0789708951236478,0.151956472031824,0.2144222049408928,0.4125930412348319,4
0.8303116147308783,0.7754448398576511,0.2815003080714717,0.5405630638791259,0.6438608571169336,0.2337329753420633,0.41917683850271,0.1521686690140325,1
0.3436260623229462,0.2332740213523131,0.5581484904497849,0.3295409253958475,0.0801590333995342,0.1917943679647561,0.0768733368672519,0.1839327700511174,4
0.7303116147308782,0.6023131672597865,0.4934534812076414,0.2941773252654081,0.4398763017551642,0.3603748086553257,0.1771868765166203,0.1451628252445682,2
0.2796033994334278,0.2645907473309608,0.6647412199630338,0.7575274466466178,0.0739804724123678,0.1858639048451882,0.2004347532319431,0.5035597190393547,4
0.3396600566572239,0.3377224199288257,0.6936999383857057,0.5156346244429144,0.1147108162874396,0.2356221603752014,0.1741413731659522,0.3576957072055862,4
0.2269121813031162,0.2597864768683274,0.856669747381396,0.9642016015073008,0.0589487161392437,0.194388801034702,0.2504865370463806,0.8260023423879969,4
0.711331444759207,0.9530249110320284,0.4540203327171923,0.9428964817565856,0.6779165868559274,0.3229589392217762,0.8986038356384826,0.428094174364995,1
0.6189801699716715,0.6533807829181494,0.7858133086876151,0.4778071669263377,0.4044297480668999,0.4864028553774616,0.3121900208102334,0.375467230757041,2
0.298300283286119,0.3177935943060498,0.3810073937153433,0.682162397188304,0.0947979192080086,0.1136546134793927,0.2167868401029022,0.2599089170433265,4
0.623229461756374,0.3838078291814946,0.5014633394947658,0.3428747418384723,0.2392003467986652,0.3125267271638767,0.1315980103461894,0.171939113070726,2
0.5305949008498584,0.6389679715302491,0.6989371534195961,0.4450523569694553,0.3390331475003276,0.3708524896189528,0.2843742017575291,0.311063627502913,3
0.3677053824362606,0.2790035587188612,0.8751540357362906,0.6470886626327041,0.1025911102597965,0.3217988494010496,0.180540039681153,0.5663022545822101,3
0.46657223796034,0.3352313167259787,0.6752156500308111,0.3147577810790245,0.1564096256792314,0.3150368769407212,0.1055166654008687,0.2125293797535292,3
0.7107648725212464,0.7870106761565837,0.3693006777572414,0.7814413565708902,0.5593795429112942,0.2624859491481356,0.6150026904115743,0.2885868226091679,1
0.5671388101983003,0.6852313167259786,0.6782963647566227,0.4624442914598354,0.3886212736785861,0.3846881932699033,0.3168813107494352,0.3136742817996584,3
0.5677053824362607,0.6128113879003557,0.6154497843499698,0.6394072248994529,0.3478963233292671,0.3493941551947137,0.3918360289241486,0.3935230386761809,3
0.1739376770538244,0.2733096085409252,0.8252464571780678,0.768542338490525,0.0475388384260986,0.1435414517584514,0.2100500056799726,0.6342368420306531,5
0.4045325779036828,0.448932384341637,0.5784812076401771,0.7717308598137613,0.1816077747421693,0.2340144941955164,0.3464549749662134,0.4464317997582568,3
0.3373937677053825,0.5149466192170817,0.6462569316081357,0.6944816841189898,0.1737397800248001,0.2180430610609885,0.3576209953452591,0.4488136022367889,4
0.2195467422096317,0.2880782918149466,0.1773721503388792,0.566795898402116,0.0632466504692871,0.0389414777656179,0.1632815942193995,0.1005338073028402,5
0.4087818696883853,0.2948398576512455,0.7623998767714113,0.1992463495054167,0.1205251882693335,0.3116552470768121,0.0587457653257073,0.1519053923100832,4
0.8526912181303117,0.755693950177936,0.364987677141098,0.3196854958512989,0.6443735949109313,0.3112217870239957,0.2415843951744602,0.1166812665464657,1
0.1677053824362606,0.2434163701067615,0.6684380776340149,0.5372296097684699,0.0408222354400007,0.1121006634445713,0.1307704815237129,0.359104727601708,5
0.7518413597733712,0.8145907473309607,0.4232131854590264,0.4234573716439,0.6124430151321162,0.3181891768295343,0.3449444568302088,0.1792127431595217,1
0.5039660056657225,0.6332740213523133,0.5695471349353056,0.7695568680024638,0.3191485790327947,0.2870323946317022,0.4873403724592116,0.4382989093405904,3
0.3490084985835694,0.2823843416370106,0.0,0.8965179897822384,0.0985545350982427,0.0,0.2531626423103936,0.0,4
0.4257790368271955,0.5457295373665481,0.7189617991374035,0.5682452262763145,0.2323601967880798,0.3061188623522712,0.3101082044465225,0.40854661023486,2
0.3668555240793201,0.3279359430604982,0.5932686383240906,0.6457842675459255,0.1203051122559051,0.2176438772322088,0.2117758727913062,0.3831235530580915,3
0.7541076487252125,0.7601423487544482,0.4438539741219998,0.3917170911989563,0.5732291593156774,0.3347136768024826,0.297760749751235,0.1738651876601666,1
0.6203966005665723,0.442526690391459,0.6357825015403584,0.6098409362658066,0.2745420543788371,0.3944373026553499,0.269870891190936,0.3877261960007888,3
0.4994334277620397,0.4153024911032028,0.3619069624152793,0.9210116308561904,0.2074159466897865,0.1807484347700106,0.3824984246295993,0.3333205216723064,2
0.5940509915014165,0.8258007117437721,0.2571626617375244,0.8415884633501214,0.4905677315939633,0.1527677341823197,0.6949843520298777,0.2164251293227102,2
0.8790368271954676,0.93576512455516,0.5473659889094264,0.2121453675857819,0.8225720060891394,0.4811548622056517,0.1985182363227094,0.1161211589211452,1
0.4603399433427762,0.5567615658362989,0.7174214417744942,0.7308598137613682,0.2562995876725172,0.3302577458593634,0.4069146543166052,0.5243345013237191,3
0.4135977337110482,0.3893238434163701,0.580329636475664,0.8350664879162288,0.1610234593166856,0.2400230224516911,0.325111294583756,0.4846138313654345,3
0.2334277620396601,0.288612099644128,0.7528496611213846,0.9279684046523424,0.0673700765174961,0.1757360115478813,0.2678229096701243,0.6986206989738679,4
0.6303116147308782,0.8165480427046262,0.1687461491065924,0.8843436356389724,0.514679715302491,0.1063626577229938,0.722109064759296,0.1492295830010001,2
0.1932011331444759,0.2597864768683274,0.8465033887862035,0.9899996376680312,0.050191041706572,0.1635454139241333,0.2571885179706985,0.838038048183102,4
0.7920679886685553,0.7850533807829182,0.3970271102895886,0.3106996630312691,0.6218156523141755,0.3144724646939631,0.2439158208708113,0.1233561893812537,1
0.2093484419263456,0.2741992882562277,0.4611059765865697,0.8507192289575709,0.0574031937737541,0.0965318177613243,0.2332666070860527,0.3922717208694543,4
0.5203966005665722,0.3238434163701068,0.4999229821318565,0.1159099967390121,0.1685270129948685,0.2601582204465213,0.0375366893354096,0.0579460712286606,3
0.4093484419263457,0.2352313167259786,0.589263709180532,0.6599876807130693,0.096291572994062,0.24121418123679,0.15524977115706,0.3889067887504399,3
0.3736543909348442,0.2845195729537366,0.298444239063464,0.8085437878183992,0.1063119877410704,0.1115150003752716,0.2300465332244875,0.241305235504953,4
0.0620396600566572,0.2587188612099643,0.3920979667282829,0.9565201637740496,0.0160508301997116,0.0243256245647291,0.2474698074959906,0.375049611350409,5
0.4436260623229462,0.5912811387900355,0.5273413431916225,0.9560853654117902,0.2623077233272509,0.2339423635801929,0.5653152436411706,0.5041833408021067,2
0.0841359773371104,0.3112099644128113,0.5076247689463962,0.9014457045545128,0.0261839545129192,0.0427095060558298,0.2805388856344915,0.4575961674922059,5
0.6662889518413597,0.8514234875444838,0.1625847196549621,0.9576796260734084,0.5672940630891291,0.108328402444326,0.8153909271817186,0.155704073524414,1
0.1478753541076487,0.291459074733096,0.7704097350585357,0.8011522156599877,0.0430996138840442,0.1139246123797608,0.2335030834966298,0.61721546620817,5
0.8362606232294618,0.848220640569395,0.5319624152803435,0.2625819776078842,0.7093335215186556,0.4448592209369898,0.222727453248538,0.1396837430173791,2
0.1402266288951841,0.2158362989323843,0.4543284041897735,0.7210043842168194,0.0302659965925014,0.0637089405308605,0.1556189178033811,0.3275727712950579,5
0.0793201133144476,0.2653024911032029,0.4746611213801621,0.6683937823834196,0.0210438236569112,0.0376501739338372,0.1773265355042133,0.317260542269642,5
0.6062322946175638,0.8551601423487544,0.4136629698089997,0.8279647813326572,0.5184256953615678,0.2507758513856259,0.7080424802641904,0.342498370343326,2
0.608215297450425,0.4192170818505338,0.4102741836105998,0.1505489329323525,0.2549742421340216,0.2495350346209512,0.0631126843396125,0.0617663405522678,2
0.1172804532577903,0.2213523131672596,0.773798521256932,0.5334613572955541,0.0259602996179165,0.0907514413032208,0.1180829054227168,0.4127916094230156,4
0.0396600566572238,0.2327402135231315,0.622227356746766,0.7782528352476539,0.0092304900547417,0.0246775722222513,0.1811307310505214,0.484250204556824,5
0.7560906515580738,0.8613879003558716,0.1819932224276073,0.8002826189354686,0.6512873388243121,0.137603374124443,0.6893537648161214,0.1456460126728708,1
0.315014164305949,0.2852313167259787,0.665049291435615,0.7118736186093699,0.0898519048723196,0.2094999467638537,0.2030486495784377,0.4734310456478687,4
0.5447592067988669,0.7850533807829182,0.4361521873074565,0.85158882568209,0.4276650570100713,0.2375979196012008,0.66854268663868,0.3714223290078318,2
0.6240793201133145,0.4243772241992882,0.5063924830560715,0.2063480560889886,0.2648450495498674,0.3160290765361262,0.087569415261964,0.1044931044966964,2
0.4810198300283286,0.4233096085409252,0.7633240911891583,0.5652016377404978,0.2036203159497141,0.3671740246003373,0.2392552840186199,0.4314320264668894,3
0.3405099150141644,0.3396797153024911,0.7574707332101056,0.5447661147143011,0.1156643109896868,0.2579262949910898,0.185045998752598,0.4126443883406622,3
0.8773371104815865,0.8160142348754448,0.2528496611213811,0.2551904054494728,0.7159195709374654,0.2218343910744808,0.208239003450406,0.064524807539327,2
0.1042492917847025,0.2749110320284698,0.5396642020948867,0.8586905322656617,0.0286592803927696,0.0562596108699485,0.2360635004182291,0.4634045409415819,5
0.5626062322946176,0.642170818505338,0.4290665434380791,0.8844885684263921,0.3612893046888389,0.2413955114073725,0.5679927479449909,0.3795044527652069,2
0.2892351274787536,0.294661921708185,1.0,0.7723105909634407,0.0852265784884014,0.2892351274787536,0.2275705228888714,0.7723105909634407,4
0.245042492917847,0.2793594306049822,0.7546980899568716,0.7417297728178558,0.0684549312955551,0.1849331013633693,0.207209206997159,0.5597820428097801,5
0.4019830028328612,0.2722419928825622,0.5917282809611848,0.8415884633501214,0.1094366537961347,0.237864711241904,0.2291157204494102,0.4979916946949324,3
0.7801699716713882,0.7677935943060498,0.3301756007393734,0.5725932098989093,0.5990095067192241,0.2575930890754205,0.4396333987035219,0.1890563070576585,1
0.5413597733711049,0.7946619217081848,0.4358441158348718,0.789412659878981,0.4301979978425896,0.2359484717734958,0.6273161813202007,0.3440608627738089,2
0.8662889518413599,0.8683274021352311,0.3579020332717206,0.4337475995507083,0.7522224350508604,0.3100465772648503,0.3766349263002591,0.1552391478059265,1
0.276487252124646,0.2850533807829182,0.7639402341343242,0.4395449110475017,0.0788136259615094,0.2112197361232579,0.1252937629000174,0.3357860422581791,4
0.4906515580736544,0.7384341637010675,0.4940696241528073,0.5808543787818399,0.3623138729547447,0.2424160308874397,0.428922717427871,0.286982504612256,3
0.8147308781869689,0.848220640569395,0.5187153419593358,0.6162179789122795,0.6910715473874164,0.4226134060835835,0.5226888088033516,0.3196417196529738,2
0.1830028328611898,0.2727758007117437,0.7152649414664225,0.7962245008877131,0.0499187442662284,0.1308955105346484,0.2171907757759544,0.5695114710215816,5
0.4708215297450426,0.576512455516014,0.592036352433766,0.8141961665277728,0.2714344762231205,0.2787434611175408,0.4693942312366518,0.4820337285966577,3
0.7926345609065156,0.7532028469750888,0.3064540973505885,0.3589622812420738,0.597014607885637,0.2429061088914862,0.2703714121882025,0.1100054618809478,1
0.648441926345609,0.595373665480427,0.3847042513863208,0.6485379905069024,0.3860652465395743,0.2494583658422913,0.3861224406114049,0.2494953221335467,2
0.3331444759206799,0.285409252669039,0.7503850893407282,0.5998405739338382,0.0950825159033399,0.2499866473271094,0.1712000499270241,0.4501114226615368,3
0.7498583569405101,0.6494661921708184,0.4669593345656224,0.4830247472734518,0.4870076517496194,0.3501533593754115,0.3137082433359606,0.2255529145655389,2
0.8572237960339945,0.755693950177936,0.3388016019716566,0.1514185296568715,0.6477988366114545,0.2904287953445419,0.1144260668065361,0.0513008404159408,1
0.489801699716714,0.3279359430604982,0.5886475662353661,0.6692633791079388,0.1606235823092355,0.2883205784761893,0.2194755173836176,0.3939602592823453,3
0.591501416430595,0.5131672597864769,0.4931454097350602,0.4983876227399543,0.3035391610295082,0.2916962083645342,0.2557562106729588,0.2457775684229773,2
0.7260623229461758,0.6117437722419928,0.4336876155268037,0.3660639878256457,0.4441641043218776,0.314884237562379,0.2239373647944074,0.1587574180103372,3
0.226628895184136,0.8145907473309607,0.6936999383857057,0.822747200985543,0.1846098010948353,0.1572124506256557,0.6702022573152696,0.570739682630683,4
0.686685552407932,0.7101423487544484,0.5168669131238488,0.3666437189753251,0.4876444910427147,0.3549250417598327,0.2603692317492033,0.1895060072430242,2
0.6841359773371105,0.8234875444839856,0.2134165126309319,0.8068045943693611,0.5633774560704888,0.1460059144486404,0.6643935342956233,0.1721854229049226,1
0.3393767705382436,0.3508896797153024,0.8659118915588451,0.7710061958766621,0.1190838063169779,0.2938703813279026,0.2705381171296756,0.6676234334751499,4
0.5189801699716714,0.3215302491103202,0.3954867529266792,0.5072285227725641,0.1668678233343078,0.2052497822554323,0.1630893132829222,0.2006021614631175,3
0.3450424929178471,0.3494661921708185,0.82925138632163,0.677669480778289,0.1205806861371266,0.2861269655919959,0.2368225729979643,0.5619583564032553,4
0.6002832861189802,0.576512455516014,0.6385551447935924,0.3724410304721185,0.3460707912856753,0.3833139806848789,0.2147168930123956,0.2378241361401984,3
0.5257790368271955,0.6177935943060496,0.6323937153419621,0.6546251675785353,0.3248229209722459,0.3324993585480685,0.4044232352015434,0.4139808418813445,3
0.491501416430595,0.6713523131672597,0.6407116451016677,0.8694155585347296,0.3299706128456645,0.3149106810910463,0.5836841463258958,0.5570446727857719,2
0.2546742209631729,0.291459074733096,0.7186537276648188,0.6878147758976776,0.0742271128002984,0.1830225782353179,0.2004698581708889,0.494300652641808,4
0.4903682719546743,0.3496441281138789,0.5264171287738755,0.4172252617848472,0.1714543869023015,0.2581382577641866,0.1458803628838478,0.2196345243607078,3
0.3583569405099151,0.3455516014234875,0.3304836722119546,0.5198376752780898,0.1238308146744226,0.1184311176623577,0.1796307411726068,0.1717978638800287,3
0.451558073654391,0.4345195729537366,0.2334411583487394,0.9989854704880612,0.1962108213281179,0.1054122397756064,0.43407874002346,0.2332043254042934,3
0.8878186968838527,0.7677935943060498,0.4925292667898944,0.3006993006993006,0.6816615083725666,0.4372766918185635,0.2308749968892317,0.1481032060976605,1
0.8597733711048159,0.7612099644128113,0.2448398028342602,0.0957643392876552,0.6544680572217797,0.2105067426634503,0.0728967693011723,0.0234469219497426,1
0.8739376770538243,0.8597864768683275,0.5461337030191018,0.1408384361752236,0.7513997963565978,0.4772868197773169,0.1210909828467403,0.0769166166757942,1
0.638243626062323,0.7240213523131672,0.6884627233518188,0.6292619297800643,0.4621020132469025,0.4394069449608067,0.4555990733585555,0.4332233818780041,2
0.853257790368272,0.8402135231316724,0.3076863832409131,0.3638899960143483,0.7169187341848717,0.2625358034905468,0.3057452955835858,0.1119639967712051,1
0.2087818696883853,0.299288256227758,0.6311614294516339,0.8136164353780933,0.0624859617110078,0.131775063316106,0.2435058441825539,0.5135233123785803,4
0.7580736543909349,0.6565836298932383,0.4262939001848451,0.4486756766549511,0.4977387517264322,0.3231621747576899,0.2945931044229126,0.1912677041193135,2
0.4198300283286119,0.5064056939501779,0.5627695625385094,0.5062139932606253,0.2126043168368735,0.2362675613830229,0.2563496485444376,0.284881827538154,3
0.4373937677053825,0.3163701067615658,0.6601201478743093,0.6523062429798181,0.1383783129857953,0.2887324386169784,0.2063701957327609,0.4306004935751726,3
0.8569405099150144,0.7921708185053379,0.3070702402957508,0.4691111996811478,0.6788432651497586,0.2631409282987667,0.3716162030214358,0.1440500888115179,1
0.5073654390934844,0.7322064056939502,0.5593807763401131,0.6310011232291024,0.371496224531973,0.2838104732082556,0.4620230644284264,0.3529698981833786,3
0.238243626062323,0.291459074733096,0.792898952556996,0.759701438457915,0.0694382668131823,0.1889031215581965,0.221421878326346,0.602366474809324,4
0.5657223796033995,0.7637010676156583,0.125924214417747,0.6976702054422261,0.4320427852771869,0.0712381462300965,0.5328114807398637,0.0878535725429804,2
0.411614730878187,0.3930604982206406,0.3850123228589019,0.8956483930577195,0.161789491193935,0.1584767436583525,0.3520440036057833,0.3448356682759954,2
0.2402266288951841,0.291459074733096,0.7081792975970451,0.7152070727200261,0.0700162309840411,0.1701235253150975,0.2084535916575449,0.5064948423953068,5
0.3311614730878187,0.3480427046263346,0.8304836722119546,0.8117323091416355,0.1152583347615255,0.275024196265092,0.2825175083062347,0.6741304289490351,4
0.3419263456090652,0.2455516014234874,0.4278342575477509,0.6453494691836661,0.0839605617331867,0.14628780420967,0.1584665956358467,0.2761026110070289,3
0.8342776203966007,0.9026690391459076,0.300292667898951,0.4746186456031014,0.7530765779843338,0.2505274523972835,0.4284235567872835,0.142524499322742,1
0.3325779036827196,0.2622775800711744,0.5787892791127582,0.8046306025580638,0.0872277277630478,0.1924925251213536,0.2110365672901399,0.465711566406646,4
0.3113314447592069,0.3476868327402135,0.3286352433764641,0.5136055654190368,0.1082458439607633,0.1023144851191881,0.1785738923182914,0.1687888899909916,4
0.7124645892351276,0.8451957295373665,0.2448398028342602,0.4059205043661001,0.6021720282681239,0.1744396895547208,0.3430822768218817,0.0993854962553794,2
0.2742209631728046,0.1850533807829181,0.6829174368453508,0.4185296568716257,0.0507455163166755,0.187270277299235,0.077450327962009,0.2858212005145347,4
0.8254957507082153,0.8487544483985764,0.3680683918669132,0.6333200478278198,0.7006431905477201,0.3038388934561431,0.5375332078538613,0.2331050915410621,1
0.3368271954674221,0.340035587188612,0.9426216882316716,0.5740425377731075,0.1145332331918582,0.3175006196338407,0.1951948914029196,0.5411049460724797,4
0.8065155807365441,0.9676156583629892,0.3095348120764036,0.5659263016775968,0.7803971046343997,0.2496446487199776,0.5475991509826995,0.175173891438869,1
0.1926345609065156,0.2158362989323843,0.383163894023415,0.745787890865611,0.0415775306725272,0.0738106084804312,0.1609680981530224,0.2857589923795772,4
0.7186968838526913,0.6033807829181496,0.4823629081947054,0.4785318308634371,0.4336478884598712,0.3466727190056565,0.2887369107576362,0.2308260055990244,2
0.5096317280453259,0.490035587188612,0.6419439309919923,0.5146200949309757,0.2497376831026382,0.3271549948596584,0.2521821603985599,0.3303572467074628,3
0.3135977337110482,0.2718861209964412,0.7346734442390641,0.8901409471357657,0.0852628713719718,0.2303919271310606,0.2420169692568416,0.6539629154904557,4
0.3507082152974505,0.2519572953736655,0.6601201478743093,0.6679589840211602,0.0883634933916708,0.2315095589428881,0.1682971390345129,0.4409331833060216,4
0.3779036827195468,0.2530249110320284,0.4629544054220602,0.6154933149751802,0.0956190456987892,0.1749521747402346,0.1557351412624032,0.2849453416755874,4
0.7645892351274788,0.8548042704626334,0.4444701170671621,0.3311351860574657,0.6535741433367274,0.3398370668454024,0.2830557711423603,0.1471796949120183,2
0.138243626062323,0.2718861209964412,0.7278958718422679,0.8937642668212615,0.0375865232425675,0.100626964719271,0.2430020995912611,0.6505673202193275,5
0.6974504249291785,0.5880782918149464,0.5131700554528678,0.4856335374470089,0.4101554545179598,0.3579106732365327,0.2855905411498868,0.2492125893414538,2
0.5189801699716714,0.3855871886120996,0.4829790511398677,0.7517301351498242,0.2001121046848064,0.2506565500533251,0.2898575094074144,0.3630699073879066,3
0.3521246458923513,0.2519572953736655,0.6564232902033282,0.667089387296641,0.0887203734134465,0.2311428186183391,0.1680780377957373,0.4378930104689834,4
0.3997167138810198,0.2923487544483986,0.2873536660505245,0.6994093988912642,0.116856683435323,0.1148600631153796,0.2044714666153642,0.2009778548415983,3
0.8195467422096318,0.8596085409252668,0.2734904497843509,0.3873691075763614,0.7044893792908773,0.2241382071462116,0.3329857933632387,0.1059417514636216,1
0.4175637393767706,0.5149466192170817,0.6481053604436262,0.4301242798652125,0.2150230358997106,0.2706252978169703,0.221491043759773,0.2787658514375987,3
0.4130311614730879,0.2953736654804271,0.4555606900801017,0.923040689880068,0.1219985281219441,0.1881607609452658,0.2726419119574578,0.4205010536537769,3
0.5076487252124646,0.5567615658362989,0.7328250154035771,0.5554911409833689,0.2826392991440928,0.3720176848734307,0.3092761174620927,0.407077803947688,3
0.3628895184135978,0.3314946619217082,0.8221657424522526,0.8049204681329034,0.120295938221447,0.298355330334656,0.2668268384575799,0.6617780342975033,3
0.2354107648725212,0.2604982206405694,0.7522335181762188,0.9294177325265408,0.0613240853689272,0.1770838678766112,0.2421116655549565,0.6991391707938036,4
0.688101983002833,0.3418149466192171,0.3252464571780677,0.3476575238233268,0.2352035425886907,0.2238027321488744,0.1188345379474396,0.1130743779348367,2
0.2668555240793201,0.2555160142348753,0.6638170055452903,0.4269357585419761,0.0681858598893066,0.1771432349075534,0.1090889233569888,0.2834072167955416,4
0.7203966005665723,0.7788256227758005,0.3810073937153433,0.5752020000724662,0.5610633310818303,0.2744764312232629,0.4479820559283246,0.2191562149074631,1
0.5572237960339944,0.6389679715302491,0.6893869377695623,0.4386753143229827,0.3560481586402266,0.3841428064002066,0.2802994757533507,0.3024170316162212,3
0.728328611898017,0.7275800711743771,0.3480437461491092,0.6904235660712343,0.5299173832830945,0.2534902185125665,0.5023384273425759,0.2402976043650594,2
0.3379603399433428,0.3265124555160142,0.8791589648798563,0.8037610058335447,0.1103482604619277,0.2971208626350336,0.2624379796627321,0.7066336938994113,4
0.4770538243626063,0.4754448398576512,0.2639402341343206,0.9968114786767636,0.2268127791275594,0.1259136980969393,0.4739288738477423,0.2630986550697233,2
0.4410764872521246,0.3163701067615658,0.4367683302526224,0.4454871553317148,0.139543415361971,0.1926482408508025,0.1409388188932008,0.1945746809832237,3
0.3807365439093485,0.2813167259786476,0.5880314232902037,0.4476611471430123,0.1071075579930035,0.2238850518136073,0.1259345682621178,0.2632388215062308,4
0.1764872521246459,0.2718861209964412,0.7309765865680866,0.8420232617123808,0.0479844343854908,0.1290080491308549,0.2289344384157504,0.6154992896574428,4
0.7019830028328612,0.731850533807829,0.505468268638328,0.2695387514040362,0.5137466353472523,0.3548301330554609,0.1972620790969396,0.1362432860031349,2
0.1892351274787536,0.2535587188612099,0.743607516943932,0.8199934780245661,0.0479822164870505,0.1407166632630444,0.2079164957624566,0.6097533141040663,5
0.6611898016997168,0.5686832740213522,0.4774337646333961,0.1547519837675277,0.3760075811801235,0.3156743361627044,0.0880048647902168,0.0738838221946169,2
0.5725212464589235,0.3838078291814946,0.5362754158964904,0.3588173484546541,0.2197381367636829,0.3070290695543363,0.1377169075830407,0.1924249227733955,3
0.6067988668555241,0.6752669039145908,0.4808225508317925,0.6367984347258957,0.4097511921204117,0.2917625790033143,0.4300089074350132,0.3061870477505978,2
0.1691218130311615,0.2747330960854092,0.917667898952562,0.7891227943041415,0.0464633593096287,0.1551976588313539,0.2167981484707462,0.7241526566646562,5
0.315014164305949,0.2530249110320284,0.4318391866913131,0.6483930577194825,0.0797064308973415,0.1360354605101247,0.1640595957432569,0.2800015307018749,4
0.143342776203966,0.2617437722419928,0.646873074553298,0.3837457878908655,0.0375190789672658,0.0927245823580648,0.1004430701045307,0.2482348176598419,5
0.8084985835694052,0.8177935943060496,0.3776186075169434,0.4847639407224898,0.6611849626485738,0.3053041093068999,0.3964368454734097,0.1830558842700527,1
0.6821529745042494,0.4101423487544483,0.3566697473813924,0.542302257328164,0.2797798231730061,0.243303329091896,0.2224211215554124,0.1934228091255951,2
0.178470254957507,0.294661921708185,1.0,0.8805753831660568,0.0525883882935287,0.178470254957507,0.2594720346126316,0.8805753831660568,5
0.6915014164305949,0.748932384341637,0.51717498459643,0.1866371969998912,0.5178878045829847,0.3576272343909024,0.1397786409559683,0.0965240894835396,2
0.3067988668555241,0.2870106761565836,0.7044824399260641,0.9107214029493822,0.0880545502202776,0.2161344142889313,0.2613867656507746,0.641587236042669,4
0.7388101983002834,0.8507117437722419,0.3985674676524979,0.4791115620131163,0.6285145121127499,0.2944657098123837,0.4075858323816207,0.1909582819946004,1
0.546742209631728,0.5925266903914589,0.4555606900801017,0.5441863835646218,0.323959351970401,0.2490742583157496,0.3224449568096423,0.247909924428894,3
0.3314447592067989,0.3211743772241991,0.5861829944547168,0.6385376281749338,0.1064515641224682,0.1942872814481639,0.2050819250633015,0.3742998989555952,3
0.6589235127478754,0.93576512455516,0.4916050523721509,0.7512953367875648,0.6165976429788392,0.3239301279936609,0.7030359744067265,0.3693405833884035,2
0.7002832861189803,0.7891459074733095,0.3994916820702414,0.6536106380665967,0.5526256893127539,0.2797573478973476,0.5157941601112733,0.2611120132202285,2
0.4056657223796034,0.3224199288256226,0.5390480591497244,0.2737418022392114,0.1307947133366265,0.2186733203122961,0.0882598123945642,0.1475599872051946,3
0.8382436260623229,0.7327402135231317,0.204482439926064,0.385050182977644,0.6142148135453107,0.171406101909695,0.2821417532921598,0.078736000909246,1
0.5903682719546742,0.5781138790035586,0.4832871226124489,0.5414326606036449,0.3413000917403445,0.2853173834346582,0.3130097356407904,0.2616674326315382,2
0.238243626062323,0.2455516014234874,0.5790973505853394,0.9426066161817456,0.0585011039085419,0.1379662526465355,0.2314585641158021,0.5458609940750607,4
0.5923512747875355,0.7161921708185052,0.5461337030191018,0.5705641508750317,0.4242373453771939,0.3235029951878022,0.408633577806406,0.3116043125273305,2
0.6787535410764873,0.5912811387900355,0.4805144793592113,0.3576578861552955,0.4013341667254745,0.3261509044035893,0.2114763622231399,0.1718597929546279,2
0.3339943342776204,0.2572953736654804,0.5060844115834904,0.7962245008877131,0.0859351970401137,0.1690293261351091,0.2048648804775147,0.4029568080201166,4
0.7869688385269122,0.7973309608540925,0.0861829944547167,0.5773759918837638,0.6274746201848921,0.0678233310467997,0.460359754382766,0.0497599919068049,1
0.3478753541076488,0.3314946619217082,0.7426833025261885,0.9163737816587558,0.1153188229008095,0.2583612168561359,0.3037730169448865,0.6805755065107372,4
0.3359773371104816,0.2731316725978647,0.5938847812692565,0.5070835899851445,0.0917660520399624,0.1995318273612856,0.1385005890795723,0.3011492269235568,4
0.3719546742209632,0.3097864768683274,0.6773721503388792,0.620131164172615,0.1152265280816186,0.2519517375056511,0.1921082485452887,0.4200595801677568,3
0.3671388101983003,0.2852313167259787,0.6789125077017886,0.4992572194644733,0.1047194862540703,0.249255130306379,0.1424037940928026,0.3389519708548478,4
0.5371104815864023,0.7855871886120996,0.4943776956253884,0.4598355012862785,0.4219471132035526,0.2655354421829282,0.361240878679523,0.2273324154926556,2
0.309915014164306,0.3113879003558718,0.5541435613062227,0.8301387731439545,0.0965037855493835,0.1717374096512769,0.2584951695732954,0.4600160561283694,4
0.411614730878187,0.301067615658363,0.344038817005547,0.3135983187796658,0.1239238655953545,0.141611445073388,0.0944142981094652,0.1078899946078846,3
0.3521246458923513,0.281138790035587,0.4081176833025282,0.8092684517554984,0.0989958968878851,0.1437082947153095,0.2275167533405136,0.3302767657002778,4
0.2351274787535411,0.248932384341637,0.5630776340110941,0.8634733142505162,0.0585308439103565,0.1323950244275377,0.2149464709317566,0.4862025108198986,4
0.6110481586402267,0.5998220640569395,0.3813154651879245,0.8875321569622088,0.3665201677537729,0.2330021128641227,0.5323613703059796,0.3384297373012866,2
0.5711048158640226,0.5948398576512456,0.4318391866913131,0.8049204681329034,0.339715907372496,0.2466254391982116,0.4787987766847502,0.347596200309704,2
0.4490084985835694,0.6537366548042703,0.6955483672211962,0.7991231566361099,0.2935333138427106,0.3123071280582424,0.5224160991959195,0.5558288068068944,3
0.1053824362606232,0.1855871886120996,0.4398490449784376,0.910866335736802,0.0195576300747028,0.0463523639467361,0.1690451224507979,0.4006436878768412,5
0.6138810198300284,0.8596085409252668,0.3129235982748035,0.8308634370810535,0.5276973677578055,0.1920978576378184,0.7142173068573966,0.259996776406374,2
0.2861189801699717,0.2870106761565836,0.7017097966728301,0.9453603391427224,0.0821192019598157,0.2007724913993083,0.2713285101489699,0.6633686113623974,4
0.2368271954674221,0.2686832740213523,0.6662815773259396,0.5369397441936301,0.0636315062554817,0.1577935973497126,0.1442667284221319,0.3577530596903184,4
0.5708215297450425,0.4167259786476868,0.6977048675292679,0.7810065582086307,0.2378761606161725,0.3982649597936189,0.3254657222997532,0.5449120772344421,3
0.6181303116147309,0.8565836298932384,0.4481669747381431,0.8439073879488388,0.5294803060699848,0.2770255917503196,0.7228772536629378,0.3782114210161996,2
0.863172804532578,0.8891459074733096,0.1610443622920527,0.454038189789485,0.7674865665924008,0.1390091138537917,0.4037061982879104,0.0731202907308856,1
0.8008498583569406,0.7453736654804269,0.6363986444855243,0.2406971267074893,0.5969323944229935,0.5096597642947811,0.179409299604568,0.1531793251682066,1
0.8056657223796034,0.7629893238434161,0.2978280961183017,0.0106887930722125,0.614714344762231,0.2399498882040935,0.0081554349988696,0.0031834228904995,1
0.7929178470254958,0.6998220640569394,0.298444239063464,0.3372223631290988,0.554901404332967,0.2366417634953642,0.2359956502111646,0.100642071559247,2
0.418413597733711,0.2923487544483986,0.2873536660505245,0.6056378854306315,0.1223226941417237,0.1202326812341712,0.177057481452407,0.1740322666775794,3
0.4297450424929179,0.4946619217081849,0.5248767714109697,0.748396681039168,0.2125785085641123,0.2255631904335527,0.3702033404428623,0.3928160336785237,3
0.7937677053824362,0.8197508896797153,0.4626463339494755,0.357078155005616,0.6506917826862783,0.3672337189026715,0.292715135251045,0.1652008993467908,2
0.1223796033994334,0.2749110320284698,0.9056531115218752,0.8768071306931411,0.033643503069773,0.1108334686055099,0.2410439531887728,0.7940831061168108,5
0.3977337110481587,0.3704626334519573,0.4999229821318565,0.9657958621689192,0.1473454780075207,0.1988362229215656,0.3577912784761013,0.4828235475460935,3
0.3246458923512748,0.2653024911032029,0.2830406654343811,0.1286640820319575,0.0861293639672154,0.0918879894016432,0.0341349014785851,0.036417167395829,4
0.7728045325779037,0.8891459074733096,0.1447165742452263,0.5782455886082829,0.687135987418467,0.1118376245158576,0.5141446986255498,0.0836817206558051,1
0.4858356940509916,0.4412811387900355,0.4253696857671016,0.9989854704880612,0.2143901283356688,0.206659776512912,0.440833446051671,0.4249381356674067,3
0.464872521246459,0.3377224199288257,0.6912353666050564,0.3712815681727598,0.1569978728337685,0.3213363276484129,0.1253901096782737,0.2566429508895979,4
0.4889518413597735,0.34288256227758,0.7183456561922377,0.1995362150802564,0.1676530601957799,0.3512364313279894,0.0684174886938886,0.1433359733559422,3
0.6291784702549575,0.8110320284697509,0.3415742452248942,0.7012935251277219,0.5102838910003731,0.2149111610890906,0.5687715102370385,0.239543806526607,2
0.6385269121813032,0.795017793594306,0.431531115218732,0.619116634660676,0.5076402568729649,0.2755442305107711,0.4922087408654627,0.2671680918055897,2
0.4252124645892352,0.3494661921708185,0.7744146642020944,0.0886626327040833,0.148597380863569,0.3292907679794175,0.0309845926389358,0.0686616429328063,4
0.6226628895184136,0.4412811387900355,0.2590110905730149,0.6472335954201238,0.2747693889689796,0.161276594073509,0.2856119780501613,0.1676406794052597,2
0.6705382436260624,0.7074733096085409,0.5917282809611848,0.3260625384977715,0.4743879104372285,0.396776442219582,0.2306805432503807,0.1929404253911264,2
0.6161473087818697,0.4715302491103202,0.5276494146642037,0.6194065002355158,0.2905320939985684,0.3251097668256779,0.2920689013566044,0.3268294772884728,2
0.3762039660056658,0.291814946619217,0.7851971657424528,0.6530309069169171,0.109781940257881,0.2953942878487188,0.190564179242659,0.5127580172533869,3
0.4804532577903683,0.4275800711743772,0.7439155884165132,0.7505706728504655,0.205432238161967,0.3574166679757525,0.3209290617188022,0.5583612237417322,3
0.4767705382436262,0.4754448398576512,0.2257393715341962,0.9962317475270844,0.226678092204087,0.1076258816691366,0.4736532436641226,0.224888728589178,3
0.2254957507082153,0.3437722419928825,0.8150800985828752,0.8730388782202254,0.0775191797808312,0.1837970987172715,0.300126532512718,0.7115966149264241,4
0.6974504249291785,0.4638790035587188,0.289202094886015,0.584332765679916,0.3235326081477523,0.2017041239686597,0.2710597010903097,0.1689902599451706,2
0.0889518413597734,0.2973309608540925,0.2451478743068413,0.7205695858545598,0.0264481364612422,0.0218063548250278,0.2142476473243717,0.1766461022624063,5
0.2430594900849859,0.2644128113879003,0.2476124460874942,0.8766621979057212,0.0642680431078805,0.0601845548847224,0.2318007163857476,0.2170724712158745,4
0.4841359773371105,0.5457295373665481,0.7349815157116453,0.58940541323961,0.2642073029346829,0.3558309944337682,0.3216559434885914,0.4332020839914972,3
0.4342776203966006,0.290035587188612,0.4330714725816413,0.3840356534657051,0.1259559646346012,0.1880732485744068,0.1113840062542881,0.1663148859702458,3
0.7498583569405101,0.7706405693950177,0.2910505237215055,0.5614333852675821,0.5778712711582471,0.218246667504483,0.4326633436999818,0.1634054808168675,2
0.4606232294617564,0.3480427046263346,0.856669747381396,0.5505634262110946,0.1603165545955864,0.3946019856210056,0.1916195839268507,0.4716510312496942,3
0.7436260623229461,0.7629893238434161,0.4115064695009245,0.5588245950940252,0.5673787464841267,0.30600693553539,0.426377199957861,0.2299599361974259,1
0.6535410764872521,0.4234875444839856,0.2811922365988906,0.4837494112105511,0.276766505701007,0.183770677006697,0.2048618502991301,0.1360265788916912,2
0.8399433427762041,0.7327402135231317,0.1832255083179319,0.32736693358455,0.6154602643331688,0.1538990459384329,0.239874916815156,0.0599819728125118,1
0.7175637393767706,0.6923487544483985,0.4866759088108452,0.3367875647668392,0.4968043611948424,0.3492209849908983,0.2331744509800304,0.1639063941590928,2
0.5733711048158641,0.4053380782918149,0.582178065311151,0.5620131164172615,0.2324091417741171,0.3338040805070169,0.2278053165833668,0.3271917087952919,2
0.3954674220963173,0.2923487544483986,0.3403419593345695,0.7178158628935831,0.1156144082747774,0.1345941572892518,0.2098525734402414,0.2443028572186368,3
0.4637393767705383,0.7535587188612097,0.2337492298213206,0.8130367042284141,0.3494548506447026,0.1083987221579325,0.612670897225504,0.1900467034298566,2
0.3830028328611898,0.2019572953736654,0.5261090573012943,0.6192615674480959,0.0773502162450979,0.2015012593403257,0.1250643912906741,0.3257991194730396,4
0.6847025495750709,0.6332740213523133,0.5418207024029584,0.2441755136055653,0.4336043369995868,0.3709860163478614,0.1546300094167628,0.1322993482913705,2
0.4620396600566573,0.34288256227758,0.1339340727048679,0.8486901699336933,0.1584253425140887,0.0618828534225607,0.2910010600466595,0.1136685309238059,3
0.6240793201133145,0.6781138790035587,0.4814386937769583,0.6546251675785353,0.4231968485679433,0.3004559326885663,0.4439104116800352,0.3151618855925324,2
0.5626062322946176,0.658896797153025,0.3409581022797319,0.8956483930577195,0.3706994445172543,0.1918251532939228,0.590139857560985,0.3053785764068514,2
0.6246458923512748,0.7327402135231317,0.2562384473197809,0.8656473060618137,0.4577031645378202,0.1600582935807696,0.6342945918794571,0.2218121216318303,1
0.8538243626062324,0.7439501779359431,0.3141558841651282,0.4408493061342801,0.6352027864869498,0.2682339475562879,0.3279699197415347,0.138495403552198,1
0.4575070821529746,0.3998220640569394,0.2491528034504,0.7907170549657596,0.18292142590707,0.113989172116826,0.3161461250014344,0.197009370980763,3
0.3736543909348442,0.4540925266903914,0.5276494146642037,0.9994202688503206,0.1696736664885627,0.19715852066348,0.4538292751078324,0.5273435198624128,3
0.5711048158640226,0.5976868327402135,0.6428681454097358,0.6636110003985651,0.3413418285564505,0.3671450938090729,0.396631556999783,0.426614373099725,2
0.4946175637393769,0.3163701067615658,0.5008471965496,0.1259103590709807,0.1564822114463722,0.2477278201630599,0.0398342737416732,0.0630618503572541,3
0.8045325779036828,0.7836298932384341,0.2087954405422074,0.4598355012862785,0.6304557781295052,0.1679827340339572,0.3603408447802082,0.0960115560680152,2
0.1898016997167139,0.2338078291814946,0.5057763401109092,0.4799811587376353,0.0443771233857227,0.0959972090295493,0.1122233527724648,0.2427631137885145,5
0.1898016997167139,0.2597864768683274,0.9065773259396188,0.9411572883075472,0.0493079148730253,0.172069917387973,0.2444999361083663,0.853231857722439,4
0.1696883852691218,0.3254448398576511,0.6779882932840415,0.4291097503532737,0.0552242093696127,0.1150467387187367,0.1396515539850778,0.2909313872735571,4
0.3906515580736544,0.2907473309608541,0.6850739371534225,0.7672379434037464,0.1135808978456141,0.2676252009446373,0.223072384256534,0.5256147186210993,3
0.2328611898016997,0.3161921708185053,0.5526032039433169,0.564187108228559,0.0736288851027794,0.128679839558472,0.178391546498603,0.3117716036306165,5
0.5827195467422096,0.827224199288256,0.3896333949476265,0.6340447117649188,0.4820397104634398,0.2270469952995092,0.5244971290026881,0.2470449935935546,2
0.2821529745042493,0.2768683274021353,0.768253234750464,0.7302800826116889,0.0781192221225288,0.2167649353573547,0.2021914250077914,0.5610400357402661,4
0.7940509915014164,0.8809608540925268,0.3920979667282829,0.4380955831733033,0.6995278396661055,0.3113457792462824,0.3859450591265169,0.1717763873948936,2
0.8696883852691218,0.8576512455516013,0.3126155268022188,0.412152614225153,0.7458893268678233,0.2718780927146775,0.3534832029475511,0.1288453066189078,2
0.3586402266288953,0.291814946619217,0.7722581638940262,0.6847711873618609,0.1046565785892149,0.2769628429149681,0.1998264674863792,0.528820139839603,3
0.569971671388102,0.6681494661921706,0.5094731977818867,0.6298416609297439,0.3808262679826196,0.290385290067183,0.4208283695357985,0.3208874450901314,2
0.8509915014164308,0.7772241992882564,0.3523567467652526,0.2163484184209572,0.6614111882894965,0.2998525969639714,0.1681512262745091,0.0762318248826161,1
0.6189801699716715,0.6494661921708184,0.5057763401109092,0.7525997318743434,0.4020066940207474,0.3130655249695005,0.4887880820892086,0.380647137955857,2
0.4821529745042494,0.6859430604982205,0.4278342575477509,0.942316750606906,0.3307294869597653,0.2062815598714652,0.6463756358700395,0.4031553873707147,2
0.7005665722379604,0.7825622775800712,0.3877849661121395,0.8118772419290554,0.5482369723670018,0.2716691844745951,0.6353445035594281,0.314833788748676,2
0.444759206798867,0.2934163701067616,0.595733210104747,0.5923040689880068,0.130499632030486,0.26495782998993,0.1737917099219258,0.3528552043763288,4
0.3492917847025497,0.253202846975089,0.4290665434380791,0.9399978260081888,0.0884416743116954,0.1498694187136407,0.2380101256956677,0.4033216180446424,4
0.8178470254957507,0.8165480427046262,0.0945009242144188,0.5482445016123771,0.6678113879003558,0.0772872997753617,0.4476679747151598,0.051809612097843,1
0.6070821529745043,0.4731316725978648,0.286429451632781,0.6799884053770064,0.28722979444114,0.1738862081725353,0.321724051583178,0.1947687060687851,2
0.7920679886685553,0.7421708185053378,0.2744146642020979,0.2495380267400991,0.5878497474620183,0.2173550711357127,0.1851998415539062,0.0684768938135384,1
0.3464589235127479,0.2704626334519573,0.6619685767097963,0.5018660096380304,0.093704192836188,0.2293449204861418,0.1357360026067271,0.3322195280991118,4
0.6960339943342776,0.6149466192170819,0.4028804682686413,0.5905648755389687,0.4280237516760256,0.2804185015682866,0.3631658736410456,0.2379270536001516,2
0.0983002832861189,0.2973309608540925,0.2128003696857696,0.7199898547048806,0.0292277176816912,0.0209183366235019,0.2140752753046006,0.1532141072512021,5
0.2991501416430595,0.3845195729537366,0.5248767714109697,0.863763179825356,0.115029084713639,0.1570169605127433,0.3321338490396075,0.4533692290904056,3
0.3413597733711048,0.1841637010676157,0.5636937769562564,0.4637486865466139,0.0628660792596251,0.1924223799524897,0.08540567447967,0.2614122486779638,4
0.3660056657223797,0.2572953736654804,0.485443622920517,0.7196999891300409,0.0941715645257225,0.1776751163777077,0.185175477630256,0.3493737701391437,4
0.8019830028328613,0.7886120996441283,0.4922211953173132,0.4272256241168157,0.6324534997429256,0.3947530322785591,0.3369152964565351,0.2102895073729641,2
0.5062322946175638,0.3377224199288257,0.6955483672211962,0.2657704989311206,0.1709659955843658,0.352109045955886,0.0897566560447094,0.1848562365871036,4
0.1830028328611898,0.1852313167259787,0.5664664202094905,0.6115801297148447,0.0338978556954623,0.1036649596190738,0.1132837927105255,0.3464396067508238,4
0.0963172804532578,0.1855871886120996,0.4493992606284678,0.9263741439907244,0.0178752532940832,0.0432849146214388,0.1719231729861788,0.4163118553747613,5
0.8305949008498584,0.748932384341637,0.5578404189772037,0.147505344396536,0.62205941951549,0.463339407490414,0.110471529282032,0.0822844431195403,2
0.768271954674221,0.8475088967971528,0.3178527418361092,0.4818652849740932,0.6511173167461413,0.2441973472689881,0.4083851160732393,0.1531622020246536,1
0.4317280453257791,0.3473309608540925,0.6400955021565053,0.8265154534584587,0.149952516810662,0.2763471799678511,0.2870744066104824,0.5290488242216038,3
0.3059490084985836,0.3177935943060498,0.5082409118915585,0.6924526250951122,0.097228635085137,0.1554958030716383,0.2200570086156353,0.3519327536200433,4
0.088385269121813,0.1749110320284697,0.6508780036968602,0.8953585274828797,0.0154595586382103,0.0575280275222153,0.1566080840775214,0.5827691709610171,5
0.1110481586402266,0.2667259786476869,0.4721965495995093,0.8794159208666981,0.029619428790338,0.0524365573492939,0.2345630721315268,0.4152571634961299,5
0.6447592067988669,0.8341637010676154,0.4475508317929808,0.696075944780608,0.5378347262407628,0.2885625193090154,0.580641286322329,0.311529368077646,1
0.3892351274787536,0.253914590747331,0.2485366605052377,0.8501394978078916,0.0988324780982529,0.0967391987348999,0.2158628226640323,0.2112908317487732,4
0.6124645892351275,0.8293594306049822,0.3853203943314867,0.9146345882097178,0.5079532829937596,0.2359950970381513,0.7585608212892339,0.3524273601981854,2
0.5342776203966006,0.6797153024911032,0.5039279112754187,0.6989746005290047,0.3631566743621022,0.26923740528766,0.4751037320321705,0.3522328104791515,3
0.1172804532577903,0.1816725978647686,0.8911737523105359,0.6731765643682741,0.0213066446221003,0.1045172616024253,0.1222977352704639,0.5999172848355898,5
0.4617563739376771,0.3215302491103202,0.3615988909426981,0.6107105329903257,0.1484686419404594,0.1669705927015858,0.1963619098066758,0.2208322514163258,3
0.2609065155807366,0.2597864768683274,0.8850123228589091,0.9046342258777492,0.0677799844747109,0.2309054814031318,0.2350117383952871,0.8006124375817378,4
0.6107648725212466,0.6852313167259786,0.6086722119531736,0.424326968368419,0.4185152178077082,0.3717556059408052,0.2907621272574344,0.2582760344281899,2
0.6065155807365439,0.7772241992882564,0.392406038200864,0.8389796731765644,0.4713985865938121,0.2380003761439234,0.6520753047037783,0.3292206896822713,2
0.2974504249291785,0.2793594306049822,0.7479205175600789,0.6263632740316678,0.0830955813414253,0.2224692757614965,0.1749804875853591,0.4684699440943905,4
0.38328611898017,0.2823843416370106,0.0,0.8028914091090258,0.1082339983668202,0.0,0.2267239619672639,0.0,4
0.7614730878186969,0.7453736654804269,0.6407116451016677,0.1947534330954019,0.5675819866321212,0.4878846747969639,0.1451640802912168,0.1247807925077525,2
0.269971671388102,0.3258007117437722,0.4506315465187924,0.8230370665603826,0.0879569626888994,0.1216577517938836,0.268146062076879,0.3708864661463955,4
0.1192634560906515,0.2850533807829182,0.7482285890326601,0.8340519584042898,0.0339964513624953,0.0892363274738667,0.2377493304917566,0.6240615200167686,5
0.2660056657223796,0.2964412811387901,0.0948089956869999,0.9497083227653176,0.0788550603369189,0.0252197300141906,0.2815327519087223,0.0900408922769648,4
0.2062322946175637,0.294661921708185,0.9996149106592718,0.8672415667234319,0.0607688042502999,0.2061528767591925,0.2555430666359435,0.8669076012402502,4
0.7835694050991502,0.7144128113879004,0.5482902033271735,0.3930214862857349,0.5597920216144284,0.4296234284427654,0.280779584953243,0.2154898306275535,2
0.6036827195467422,0.7891459074733095,0.3717652495378942,0.7717308598137613,0.4763937475426693,0.2244282568740092,0.609008249692888,0.2869027156747566,2
0.2402266288951841,0.2864768683274021,0.7371380160197205,0.8386898076017246,0.0688193723347413,0.1770801806189016,0.2402652295798534,0.6182301408314964,5
0.3271954674220964,0.2540925266903915,0.412430683918668,0.8999963766803145,0.0831379230389241,0.1349454504039834,0.2286823533628984,0.3711861211585852,4
0.4694050991501416,0.5323843416370106,0.7180375847196565,0.5386789376426682,0.2499039246721038,0.3370505036488586,0.2867842315706162,0.3867917233242919,3
0.5934844192634562,0.4209964412811388,0.3261706715958112,0.8318779665929925,0.2498548284657183,0.1935772116128115,0.3502176635158399,0.2713341950493941,2
0.7473087818696885,0.6626334519572953,0.6293130006161469,0.2288126381390629,0.4951917978083131,0.4702911319052113,0.1516189082615427,0.1439947678861903,2
0.6331444759206799,0.4202846975088967,0.5630776340110941,0.1650422116743358,0.2661009345417519,0.3565094934886106,0.0693647160097475,0.0929315780615431,3
0.791501416430595,0.8565836298932384,0.438000616142947,0.5238957933258451,0.6779871563517588,0.3466781080746159,0.4487605603328503,0.2294666802714181,1
0.6677053824362607,0.6690391459074733,0.710643869377698,0.3727308960469582,0.4467210387829786,0.4745007365788198,0.2493715603445841,0.2648789262034269,2
0.5713881019830028,0.6055160142348753,0.5649260628465811,0.7733251204753795,0.3459846460939783,0.3227920308106385,0.4682607446579566,0.4368715156105141,2
0.2269121813031162,0.1925266903914591,0.685998151571166,0.5020109424254501,0.0436866512757956,0.1556613369429189,0.0966505052854692,0.3443785785723577,4
0.7277620396600567,0.711387900355872,0.5550677757239697,0.2362042102974745,0.5177211093524745,0.4039572566104471,0.1680328172187372,0.1311093456264559,2
0.1708215297450425,0.3231316725978648,0.7799599507085659,0.9470995325917606,0.0551978466222414,0.1332339519199051,0.3060378560830316,0.7386997047563755,5
0.6141643059490085,0.3930604982206406,0.3557455329636489,0.5075183883474039,0.2414037280856512,0.2184862083470795,0.1994854305799671,0.1805473995514993,2
0.2577903682719547,0.2234875444839857,0.3619069624152793,0.5125910359070981,0.0576129363967215,0.0932961291212193,0.1145577119393799,0.1855102647664392,4
0.3155807365439094,0.2823843416370106,0.0,0.9447806079930432,0.0891150585222747,0.0,0.2667912499795301,0.0,4
0.1730878186968839,0.290035587188612,0.5522951324707357,0.6515815790427191,0.0502016271309467,0.0955955597562661,0.188981845878938,0.3598653345128896,5
0.5713881019830028,0.5362989323843416,0.6462569316081357,0.3875140403637812,0.3064348290705997,0.3692635215449319,0.2078233661310385,0.2504336346805684,3
0.2147308781869689,0.2923487544483986,0.7605514479359243,0.2743215333888908,0.0627763047795711,0.1633138803216517,0.080197558604617,0.2086356394189239,4
0.7997167138810198,0.7453736654804269,0.6363986444855243,0.1011268524221891,0.5960877783714575,0.5089386326862989,0.0753772926684252,0.0643569918025688,1
0.3611898016997168,0.249644128113879,0.5335027726432564,0.7166564005942244,0.0901689131289506,0.1926957606572669,0.1789090622835759,0.382338176749555,4
0.2960339943342777,0.3224199288256226,0.6006623536660527,0.6056378854306315,0.0954472593832225,0.1778164758019901,0.1952697239146447,0.3637838777320942,4
0.4832861189801701,0.6176156583629894,0.5618453481207659,0.5760715967969854,0.2984850745516317,0.2715320577603475,0.3557908385199886,0.3236631468448877,3
0.548158640226629,0.3562277580071175,0.546441774491683,0.6072321460922496,0.1952693234401621,0.2995367800683872,0.2163129459922925,0.3318170114390417,3
0.7320113314447593,0.7421708185053378,0.2691774491682075,0.4240371027935794,0.5432774490135391,0.1970409429605236,0.3147079636569429,0.1141412256826527,2
0.4028328611898018,0.7135231316725977,0.5251848428835508,0.8173846878510092,0.2874305646567802,0.2115617129122973,0.5832228822566808,0.4292780488644525,3
0.3580736543909348,0.3466192170818506,0.8123074553296377,0.7482517482517483,0.1241152097426229,0.2908658990188844,0.2593584351591469,0.6078104735683304,3
0.2818696883852691,0.2476868327402135,0.6157578558225509,0.868111163447951,0.0698154103616182,0.1735634749414839,0.2150197045408448,0.5345462686203304,4
0.3405099150141644,0.3177935943060498,0.4222889710412829,0.5744773361353672,0.1082118697891988,0.1437935816406861,0.1825652174978231,0.2425954431631414,3
0.1237960339943343,0.2880782918149466,0.1437923598274828,0.9801442081234828,0.0356629500065528,0.0178009238653286,0.2823582692085264,0.140937248657315,5
0.3685552407932012,0.2604982206405694,0.5978897104128187,0.5092575817964418,0.0960079844343854,0.2203553861889737,0.1326606939056923,0.3044798681058069,3
0.858073654390935,0.7939501779359431,0.5051601971657433,0.3576578861552955,0.6812677305858278,0.4334646564348546,0.2839625423531901,0.180674528288092,1
0.3767705382436261,0.3496441281138789,0.5371996303142339,0.4908511177941229,0.1317356063431895,0.2024009938577708,0.1716232111148489,0.2636850390183313,3
0.7634560906515582,0.7850533807829182,0.3606746765249546,0.357947751730135,0.5993537850453158,0.2753592785367572,0.2810080926393871,0.1291026895681012,1
0.1056657223796034,0.3649466192170818,0.3628311768330299,0.9384035653465704,0.038562348149567,0.0383388184019037,0.3424672086344868,0.3404820699590072,4
0.6277620396600566,0.6597864768683274,0.5153265557609394,0.8310083698684734,0.4141889044589839,0.3235024497354792,0.5482880846036119,0.4282406810528332,2
0.5087818696883852,0.5170818505338078,0.4564849044978452,0.8420232617123808,0.2630818706965209,0.2322512431949376,0.4353949463587507,0.3843709082077403,3
0.5838526912181304,0.8258007117437721,0.264556377079483,0.8617341208014784,0.4821459679614489,0.1544619527367746,0.7116206502917546,0.2279772570050126,2
0.6730878186968839,0.7327402135231317,0.2559303758471998,0.7582521105837168,0.4931985119917736,0.1722636184172654,0.5556018134134779,0.1940597476486231,1
0.5801699716713881,0.3279359430604982,0.5781731361675924,0.1534475886807491,0.1902585867954392,0.3354386920315096,0.0503209797043808,0.0887192735849034,3
0.5025495750708215,0.249644128113879,0.5125539125077019,0.3863545780644225,0.1254585505025556,0.2575837509316326,0.0964511517836983,0.1980275506021821,3
0.1223796033994334,0.2718861209964412,0.732516943930996,0.9189825718323126,0.0332733156573548,0.0896451330816402,0.2498586067188208,0.6731703050444526,5
0.6628895184135978,0.3709964412811387,0.4299907578558226,0.4085292945396571,0.2459296522940126,0.2850363663973441,0.1515629144333069,0.1756638209654117,2
0.4240793201133145,0.5976868327402135,0.6416358595194112,0.943186347331425,0.25346662566915,0.2721044990653141,0.5637300606203304,0.6051821826569728,3
0.4458923512747876,0.3649466192170818,0.3437307455329659,0.7220189137287583,0.1627269061324892,0.1532669103311298,0.2634983615761002,0.2481800995048882,3
0.4835694050991502,0.2745551601423487,0.2485366605052377,0.8911554766477048,0.1327664754569374,0.1201847250658472,0.2446713346027416,0.2214848061569738,3
0.5243626062322947,0.4234875444839856,0.3252464571780677,0.8689807601724702,0.2220610325325375,0.170547079953712,0.3680025283292666,0.282632913602,2
0.0235127478753541,0.2540925266903915,0.4346118299445471,0.7837602811696076,0.0059744135170828,0.0102189183811324,0.1991476301619572,0.3406314900369759,5
0.5968838526912181,0.7845195729537365,0.5270332717190414,0.4923004456683212,0.4682670652162954,0.314577649720119,0.3862193354006455,0.2594587145493174,2
0.2169971671388102,0.1989323843416369,0.339417744916819,0.6737562955179537,0.0431677638543042,0.073652689123593,0.134031946332575,0.2286848424482137,4
0.8546742209631729,0.6884341637010675,0.4182840418977207,0.3891083010253994,0.5883869325456433,0.3574965876502616,0.267875447805564,0.162757792888859,2
0.1141643059490085,0.2850533807829182,0.7217344423906376,0.7427443023297944,0.0325429213755002,0.0823963116950218,0.2117217744363577,0.5360641448808172,5
0.6634560906515581,0.6313167259786477,0.643176216882317,0.3660639878256457,0.4188509269807345,0.4267191784528006,0.2311023182927742,0.2354436508265533,2
0.486685552407932,0.3423487544483986,0.5479821318545923,0.1296786115438963,0.1666161926748863,0.2666949865513285,0.0443953111406506,0.0710615620097678,3
0.7464589235127479,0.8514234875444838,0.1650492914356149,0.8275299829703975,0.6355526599659249,0.1232025164115708,0.7045784641482832,0.1365832373309905,1
0.5586402266288952,0.4889679715302492,0.2510012322858905,0.8269502518207181,0.2731571784299296,0.1402193852883218,0.4043521871892053,0.2075655322461277,2
0.6039660056657223,0.8341637010676154,0.431531115218732,0.8860828290880103,0.5038065186051434,0.2606301239791321,0.739138132164518,0.3823723114125181,2
0.6133144475920681,0.6033807829181496,0.4216728280961206,0.704771912025798,0.3700621515631144,0.2586180376283573,0.4252458280568472,0.2971831653066286,2
0.7594900849858358,0.6010676156583629,0.5991219963031433,0.3179463024022608,0.4565048944986037,0.4550272158891579,0.1911072258923197,0.1904886234124453,2
0.3960339943342776,0.2298932384341637,0.5387399876771433,0.6330301822529802,0.0910455374875243,0.2133593492273785,0.1455293586247065,0.3410386725862303,4
0.6056657223796035,0.3603202846975089,0.5011552680221811,0.6130294575890429,0.2182336455193411,0.3035325674309981,0.2208869486864434,0.3072229421235291,3
0.6691218130311615,0.6332740213523133,0.5455175600739395,0.2931627957534692,0.4237374613127943,0.3650176988370099,0.1856523825776863,0.1599254530438872,2
0.841643059490085,0.904626334519573,0.3511244608749209,0.3795427370556904,0.7613724758803545,0.2955214655125751,0.3433443550162153,0.1332667389276711,2
0.2509915014164306,0.2704626334519573,0.7848890942698716,0.677669480778289,0.0678838224471485,0.1970004922161774,0.1832842723813166,0.5318953849824055,5
0.1257790368271955,0.2540925266903915,0.4333795440542225,0.7578173122214573,0.0319595132721059,0.0545100616317492,0.1925557156320713,0.3284225212469315,5
0.3546742209631728,0.3211743772241991,0.5704713493530491,0.3512808435088227,0.113912272035325,0.2023314814136027,0.1128224061447374,0.2003956567983554,3
0.7311614730878188,0.7635231316725978,0.3428065311152188,0.4620094930975759,0.5582586976903612,0.2506469282743285,0.3527549350323306,0.1583798716710806,1
0.668271954674221,0.801423487544484,0.3046056685150944,0.9220261603681292,0.5355688405431835,0.2035594255034299,0.7389334210494758,0.2808543949673396,2
0.2271954674220963,0.2813167259786476,0.6909272951324752,0.5960723214609225,0.0639138850523726,0.1569755497723073,0.1676851139198786,0.4118426367703304,4
0.5220963172804532,0.5567615658362989,0.7334411583487395,0.4599804340736982,0.2906831631264303,0.3829269277157866,0.2560994267289326,0.3373685823847692,3
0.7538243626062324,0.8565836298932384,0.4410813308687622,0.6033189608319143,0.6457136088232034,0.3324978530996534,0.5167931454528176,0.2661127301820993,2
0.5923512747875355,0.595373665480427,0.4814386937769583,0.6747708250298923,0.3526703497222586,0.2851808239908271,0.4017407794572988,0.3248607846011918,2
0.6453257790368272,0.8341637010676154,0.4469346888478114,0.7295554186745896,0.5383073402357019,0.2884184762592958,0.6085686481755294,0.3260636240425625,1
0.4124645892351276,0.2069395017793595,0.2913585951940867,0.8543425486430667,0.0853552165979454,0.1201751032868527,0.1767972213651044,0.2489200447871795,3
0.190084985835694,0.2880782918149466,0.1595040049291469,0.8065147287945216,0.054759358019215,0.0303193165176933,0.2323393853947207,0.1286423292770709,5
0.4589235127478755,0.6565836298932383,0.4614140480591508,0.8424580600746405,0.3013216658433559,0.2117537557665225,0.5531441711166233,0.3887219838190991,3
0.7141643059490086,0.8402135231316724,0.3788508934072716,0.8401391354759229,0.6000505075963021,0.270561785348366,0.7058962629390226,0.3182874620614662,2
0.5062322946175638,0.4596085409252668,0.361290819470117,0.9234754882423276,0.2326686862984283,0.1828970805646173,0.4244372217313046,0.3336432159076369,3
0.2427762039660057,0.3142348754448398,0.5070086260012339,0.686510380810899,0.0762887502142288,0.1230896295985998,0.2157255040057024,0.3480666849105177,4
0.7033994334277621,0.7788256227758005,0.4216728280961206,0.6966556759302873,0.547825501799522,0.2966044283746933,0.5425732906667022,0.2937607690787387,1
0.1779036827195467,0.3142348754448398,0.5507547751078263,0.723178376028117,0.055903541580555,0.097981302767058,0.2272478669155968,0.3982939438522086,5
0.6637393767705383,0.5660142348754448,0.4167436845348149,0.6208558281097141,0.3756859354994808,0.2766091934461959,0.3514132365154804,0.2587377453713559,2
0.5662889518413599,0.7220640569395017,0.4654189772027131,0.468966266893728,0.4088968979665904,0.2635616247672021,0.3386236852410583,0.2182658002802534,2
0.4413597733711049,0.3039145907473308,0.5177911275415923,0.6178122395738976,0.134135674896414,0.228532174705326,0.1877621539487929,0.3198976961379648,3
0.4257790368271955,0.253914590747331,0.2389864448552074,0.7510054712127252,0.1081115098847701,0.1017554183052058,0.1906912468719856,0.179480127631939,4
0.5337110481586402,0.7322064056939502,0.5553758471965544,0.58940541323961,0.3907866482513887,0.2964102255292659,0.4315664191247323,0.3273415307201837,3
0.3895184135977338,0.2800711743772242,0.2383703019100451,0.7741947171998984,0.1090928795378706,0.0928496218488136,0.2168296236428185,0.1845450284761017,4
0.2963172804532578,0.3281138790035586,0.8101509550215695,0.3744700894959961,0.0972258123053037,0.240061727748601,0.122868833635341,0.3033773006321938,4
0.1073654390934844,0.241103202846975,0.6900030807147246,0.785064676256386,0.0258861512405109,0.0740824837367933,0.1892816078874382,0.5416970451772143,5
0.3889518413597734,0.2953736654804271,0.458025261860751,0.9608681473966448,0.1148861310777978,0.1781497689900315,0.2838151467399343,0.4401018848250029,4
0.5954674220963173,0.591814946619217,0.644100431300064,0.5594043262437045,0.3524065206214147,0.3835408233973752,0.331063841474477,0.3603125678046918,3
0.6597733711048159,0.3275800711743772,0.4309149722735697,0.2683792891046775,0.2161286078654744,0.2843062239164713,0.087915706626639,0.1156486539233424,2
0.5410764872521246,0.5843416370106761,0.6527264325323507,0.4585311061994999,0.3161735203088927,0.3531749252512153,0.2679388172169319,0.299295373154712,2
0.3461756373937677,0.3473309608540925,0.6989371534195961,0.3836008551034457,0.1202375167602552,0.2419550145832142,0.1332364535875313,0.2681128897153252,4
0.5354107648725213,0.3784697508896797,0.4986906962415318,0.627957534693286,0.202636778804956,0.2670043671094887,0.2376629317246653,0.3131565801863106,3
0.4062322946175637,0.3354092526690391,0.7346734442390641,0.7862241385557447,0.1362540703477059,0.2984480790478238,0.2637068507433414,0.5776179958166401,3
0.0946175637393767,0.1749110320284697,0.6690542205791772,0.9098518062248632,0.0165496557216738,0.0633042803607493,0.159143118419758,0.6087401910563324,5
0.6821529745042494,0.8693950177935942,0.3240141712877395,0.7302800826116889,0.5930603974070751,0.2210272307254608,0.6349018654164966,0.2366210957753683,1
0.1254957507082153,0.1852313167259787,0.6878465804066565,0.573028008261169,0.0232457431471978,0.0863218229802121,0.1061427324910813,0.3941553559596824,5
0.6951841359773372,0.7850533807829182,0.3554374614910678,0.5696945541505127,0.5457566562156605,0.247094484560646,0.4472406357494773,0.2024907861525439,2
0.2586402266288952,0.2434163701067615,0.7611675908810867,0.800717417297728,0.0629572651295958,0.1968685582080544,0.1949077271998739,0.6094801475010374,4
0.1643059490084986,0.2492882562277579,0.5831022797289016,0.7618754302692128,0.0409595435161755,0.0958071734398761,0.1899265974745848,0.4442513002594158,5
0.7577903682719547,0.7855871886120996,0.4786660505237243,0.223595057791949,0.5953104049680925,0.3627285227056551,0.1756534128383371,0.1070273632298961,1
0.3169971671388102,0.2476868327402135,0.6095964263709206,0.7359324613210623,0.0785160243162319,0.1932403402575241,0.1822807804553236,0.4486217984716753,4
0.1985835694050992,0.1660142348754447,0.9210566851509548,0.7446284285662526,0.0329676993336223,0.1829067241617052,0.1236189188349311,0.6858449920843972,5
0.7198300283286119,0.7316725978647688,0.2365218730745546,0.3115692597557881,0.5266799068482656,0.1702555465955929,0.2279666897003204,0.0736929449098914,2
0.3759206798866856,0.3097864768683274,0.6702865064695018,0.6192615674480959,0.1164551430040426,0.2519745592308864,0.1918388592397037,0.415082672635612,3
0.1660056657223796,0.3112099644128113,0.4654189772027131,0.9013007717670928,0.0516626173217868,0.0772621871503654,0.2804937811068763,0.4194824833478562,4
0.2838526912181304,0.3423487544483986,0.6647412199630338,0.8391246059639843,0.0971766152853528,0.1886885842501303,0.2872732636787732,0.557800714269499,4
0.7827195467422098,0.6934163701067614,0.4463185459026491,0.4437479618826768,0.5427505469135927,0.3493422499515636,0.3077021009709592,0.1980529450947404,2
0.8087818696883853,0.8809608540925268,0.3711491065927319,0.4450523569694553,0.7125051666952306,0.3001786683632435,0.3920737045117034,0.1651807846762029,2
0.8626062322946176,0.8597864768683275,0.5495224892175017,0.4309938765897314,0.7416571733892514,0.4740215239850687,0.3705627067049079,0.2368408279010899,1
0.7662889518413598,0.8548042704626334,0.4453943314849056,0.3999782600818869,0.6550270684423296,0.3413007554296515,0.3419031248102108,0.1781480497576677,2
0.211614730878187,0.2644128113879003,0.3794670363524339,0.8299938403565348,0.0559536459225953,0.0803008147748635,0.2194610047633114,0.3149553027908694,5
0.2467422096317281,0.2921708185053381,0.5122458410351207,0.5849124968295951,0.0720908733479177,0.1263926706916686,0.1708943629527037,0.2996189938704283,4
0.7107648725212464,0.6329181494661921,0.313847812692547,0.5240407261132648,0.4498559878217212,0.2230720005794902,0.3316748866165271,0.1644690356524622,2
0.6529745042492918,0.332562277580071,0.2704097350585357,0.5143302293561361,0.2171546883348622,0.1765706626940297,0.1710468325029569,0.1390799010527887,2
0.3280453257790369,0.435409252669039,0.3150800985828716,0.8655023732743938,0.1428339701390218,0.1033605535861091,0.3768477415306834,0.2727025730950053,4
0.7413597733711049,0.8295373665480427,0.2670209488601394,0.7223087793035978,0.6149856340669201,0.1979585901322903,0.5991821226180379,0.1928715756196557,1
0.7121813031161474,0.8085409252669037,0.3948706099815169,0.7505706728504655,0.575827729779319,0.2812194655789047,0.6068671063047179,0.2963782994227009,2
0.0393767705382436,0.2838078291814947,0.0233364140480567,0.980868872060582,0.0111754357666367,0.0009189126211557,0.278378265291215,0.022889962125256,5
0.3297450424929178,0.3039145907473308,0.489140480591498,0.7530345302366028,0.1002143296401963,0.1612916485576497,0.2288581810754656,0.3683396720219248,4
0.5175637393767705,0.5170818505338078,0.4583333333333321,0.8433276567991592,0.2676228161261379,0.2372167138810191,0.4360694253840492,0.3865251760329469,3
0.8005665722379605,0.8117437722419928,0.3335643869377698,0.6452045363962462,0.6498549292792839,0.2670404978714271,0.523740764241935,0.2152172556324818,2
0.1611898016997167,0.2608540925266904,1.0,0.7444834957788327,0.0420470194469367,0.1611898016997167,0.1942015666924855,0.7444834957788327,4
0.9002832861189803,0.9553380782918148,0.3351047443006791,0.4694010652559874,0.8600749044791468,0.301689200393076,0.4484367116297857,0.157298523947074,2
0.8096317280453259,0.8117437722419928,0.327711028958717,0.6028841624696548,0.6572135130503161,0.2653252466753579,0.489387464268072,0.1975717892258449,2
0.5617563739376771,0.332562277580071,0.3332563154651886,0.632305518315881,0.1868189791618359,0.1872088593675549,0.2102809632975767,0.2107198072822568,2
0.3192634560906516,0.2476868327402135,0.4774337646333961,0.6785390775028082,0.0790773542487877,0.1524271537512287,0.1680651949971368,0.3239574662230374,4
0.3280453257790369,0.3419928825622775,0.6034349969192867,0.6970904742925468,0.1121891665742542,0.1979540301508595,0.2383999807100132,0.4206487882071871,4
0.5985835694050993,0.5816725978647687,0.4731207640172528,0.7095546940106525,0.3481796598550301,0.2832023156851148,0.4127285221923172,0.3357050589423479,1
0.7439093484419265,0.6891459074733096,0.261783733826249,0.4772274357766586,0.5126620830098899,0.1947433668633796,0.328879334299466,0.1249303800219401,2
0.5229461756373938,0.6713523131672597,0.6065157116451054,0.8628935831008371,0.3510811246761364,0.3171750718688002,0.579305603031932,0.5233585156283991,2
0.2838526912181304,0.3163701067615658,0.4050369685767094,0.8257907895213594,0.0898025062252376,0.1149708335733322,0.2612555202435901,0.3344757980662989,4
0.5507082152974505,0.7535587188612097,0.3076863832409131,0.3564984238559366,0.41499097718589,0.1694454189859306,0.2686424955569201,0.1096897106673191,2
0.6385269121813032,0.6211743772241992,0.6373228589032678,0.64187108228559,0.3966365570151119,0.4069477971580639,0.3987138697969741,0.4090791132095868,2
0.3002832861189802,0.2861209964412811,0.5713955637707961,0.6628863364614661,0.0859173530390249,0.1715805375629019,0.189665699115665,0.3787703119383571,4
0.7592067988668556,0.7608540925266903,0.4718884781269281,0.2215659987680712,0.577645599991935,0.3582609409008973,0.1685793969274506,0.1045544419633379,2
0.6739376770538245,0.7316725978647688,0.2848890942698716,0.5533171491720714,0.4931017309689193,0.1919974944102052,0.4048469959778573,0.1576340214716188,2
0.3201133144475921,0.3137010676156584,0.32925138632163,0.9542012391753324,0.1004198885001966,0.1053977525618815,0.299333947449486,0.3141720808282954,4
0.5546742209631729,0.68576512455516,0.5091651263093055,0.5766513279466647,0.3803762362263466,0.2824207697772296,0.395447369734243,0.2936107462303923,2
0.3002832861189802,0.2234875444839857,0.3443468884781282,0.4937497735425197,0.067109574264313,0.1034016152370583,0.1103469244785417,0.170021198206147,4
0.7719546742209632,0.7046263345195728,0.1222273567467659,0.447951012717852,0.5439395925115682,0.0943539793583391,0.3156380801357106,0.0547518682365399,1
0.4694050991501416,0.6537366548042703,0.7149568699938413,0.6682488495959997,0.3068673192664804,0.335604400447534,0.4368587675116908,0.4777691058841412,3
0.4189801699716715,0.2948398576512455,0.7731823783117697,0.2582339939852892,0.1235320536731422,0.3239480842841665,0.0761376740273352,0.1996619736304931,4
0.8320113314447593,0.8715302491103202,0.2124922982131849,0.4699807964056668,0.7251230429566602,0.1767959999581088,0.4096024805684974,0.0998672995443031,1
0.7385269121813032,0.6637010676156582,0.3880930375847207,0.3663538534004854,0.4901611000776263,0.2866171526865062,0.2431494436270124,0.1421793797970618,2
0.6903682719546743,0.7601423487544482,0.4931454097350602,0.3556288271314177,0.5247781597491757,0.3404519443411733,0.2703285319404654,0.1753767236693219,2
0.3756373937677054,0.2572953736654804,0.4888324091189169,0.7724555237508604,0.0966497635921889,0.1836237321506186,0.1987492326234419,0.3776012946123478,4
0.5569405099150142,0.4405693950177934,0.3782347504621093,0.9060835537519476,0.2453709435141591,0.2106542547899453,0.3991926831120678,0.3427122868511891,2
0.2419263456090651,0.3352313167259787,0.6638170055452903,0.8324576977426716,0.081101287389231,0.1605948223047245,0.2790658901329526,0.5525995761586667,4
0.5237960339943343,0.3476868327402135,0.3492760320394339,0.4770825029892386,0.1821169840613752,0.1829494003515335,0.1658753044201018,0.1666334835995226,3
0.7118980169971673,0.7316725978647688,0.2633240911891583,0.4269357585419761,0.5208762715110947,0.187459898345143,0.3123771955737733,0.1124224706142197,2
0.6773371104815864,0.3930604982206406,0.3335643869377698,0.3940360157976738,0.2662344621092214,0.2259355380079908,0.1548799926863098,0.1314363820409524,2
0.6339943342776205,0.5976868327402135,0.6428681454097358,0.4002681256567266,0.3789300656296311,0.407574761877334,0.2392349882706307,0.2573196276075709,2
0.5354107648725213,0.4329181494661921,0.4111983980283433,0.5624479147795209,0.2317890375328904,0.2201600488027107,0.2434939104374687,0.2312776815317211,3
0.1699716713881019,0.2540925266903915,0.4469346888478114,0.8046306025580638,0.0431885314487917,0.0759662360647837,0.2044506228563906,0.3596173279917152,5
0.71671388101983,0.4135231316725979,0.1807609365372755,0.3221493532374361,0.2963777685925418,0.1295538723624099,0.1332162094170465,0.0582320187960765,2
0.5509915014164307,0.4638790035587188,0.4019562538508943,0.7173810645313234,0.2555933886463762,0.2214744798130282,0.3327780133866833,0.2883558052825774,3
0.7736543909348443,0.8487544483985764,0.4025723967960601,0.7108590890974309,0.6566426058290404,0.3114519024504363,0.6033448140560044,0.2861722472822168,1
0.4388101983002834,0.3266903914590746,0.3920979667282829,0.6767998840537701,0.1433550754589537,0.1720565865331757,0.2211040190609824,0.2653718584194209,3
0.3742209631728045,0.2973309608540925,0.6462569316081357,0.7611507663321135,0.1112674785519139,0.2418428914034978,0.2263136887083561,0.4918989587409728,3
0.3110481586402266,0.2893238434163701,0.4192082563154677,0.7343382006594441,0.0899936487453751,0.1303939562137064,0.2124615505822519,0.3078406366442836,4
0.5121813031161474,0.4638790035587188,0.3224738139248302,0.878691256929599,0.2375901525309245,0.1651650582368535,0.4076064247002606,0.2833549208844907,2
0.4696883852691219,0.2341637010676157,0.700785582255083,0.5183883474038915,0.1099839706430897,0.3291508485492713,0.1213877340184201,0.3632790798696864,3
0.5946175637393768,0.7806049822064057,0.4586414048059133,0.6636110003985651,0.4641614327623925,0.2727162347556974,0.518018053158097,0.3043594814674554,2
0.5713881019830028,0.5948398576512456,0.4253696857671016,0.8070944599442007,0.3398844172471848,0.2430511773915705,0.4800919536643173,0.3433135168108332,2
0.5155807365439095,0.7699288256227758,0.4752772643253244,0.5554911409833689,0.396960471000978,0.2450438020034251,0.427688641821181,0.2640123098435287,3
0.7192634560906516,0.93576512455516,0.3871688231669772,0.686510380810899,0.6730616575766435,0.2784763858416303,0.6424124720079213,0.2657954162304691,1
0.3473087818696884,0.3137010676156584,0.3283271719038829,0.9404326243704482,0.108951135664815,0.1140309101286573,0.295014718285605,0.3087695839256958,4
0.5235127478753541,0.4329181494661921,0.3705329636475696,0.5615783180550018,0.2266381700321594,0.1939787299775378,0.243117446232708,0.2080832785091372,3
0.7481586402266289,0.904626334519573,0.2833487369069623,0.4494003405920503,0.6768040083473632,0.2119898057142457,0.4065393828416341,0.1273370188723161,2
0.7980169971671389,0.4016014234875444,0.1709026494146677,0.1676510018478929,0.3204847620295787,0.1363832190938014,0.0673288809912267,0.0286520003928282,2
0.4742209631728046,0.3261565836298932,0.613909426987064,0.2433059168810464,0.1546702892341193,0.29112871976667,0.0793558266268608,0.1493677960150054,4
0.6212464589235127,0.4243772241992882,0.4888324091189169,0.1643175477372367,0.2636428477815974,0.3036854031721769,0.0697326247959625,0.080323742720906,2
0.4906515580736544,0.299288256227758,0.1397874306839206,0.979854342548643,0.1468462492312965,0.0685869206641786,0.2932588975385796,0.136971320989357,3
0.7660056657223797,0.7608540925266903,0.4663431916204565,0.2195369397441935,0.5828185456635046,0.357221526952327,0.167035579065155,0.102379557158895,2
0.5934844192634562,0.597864768683274,0.5217960566851545,0.3592521468169136,0.3548234250400734,0.3096778296757503,0.2147842016556636,0.1874563535647417,3
0.8892351274787537,0.8085409252669037,0.3646796056685168,0.4093988912641761,0.7189829927515046,0.3242859156355451,0.3310157583459814,0.1492994262273477,1
0.8226628895184137,0.8110320284697509,0.3252464571780677,0.3424399434762127,0.6672059520329057,0.2675681902677362,0.2777297619865796,0.1113773784118959,1
0.1773371104815864,0.3261565836298932,0.6203789279112755,0.8141961665277728,0.0578396661054711,0.1100162064794499,0.2655554400792539,0.50511014489997,5
0.6507082152974505,0.731850533807829,0.4201324707332112,0.5356353491068517,0.4762211547185789,0.2733836502193162,0.3920050161701923,0.2250378026323077,2
0.3014164305949008,0.3258007117437722,0.5144023413431924,0.8721692814957065,0.0982016876190859,0.1550493176173248,0.2841533726723556,0.4486459204490012,4
0.8779036827195468,0.7706405693950177,0.2574707332101056,0.1937389035834631,0.6765481939249745,0.2260345048776536,0.1493030589715264,0.0498820975569562,1
0.7900849858356941,0.5663701067615657,0.3542051756007396,0.3464980615239682,0.4474805177784722,0.2798521911474398,0.1962461440980054,0.122731406727413,2
0.101699716713881,0.2498220640569394,0.447858903265562,0.8794159208666981,0.0254068331434677,0.045547123589897,0.2196975005154526,0.3938542498336336,5
0.3977337110481587,0.301067615658363,0.3230899568699925,0.7385412514946195,0.1197447400522214,0.1285037675482916,0.2223508536528285,0.2386152610921068,4
0.208215297450425,0.2788256227758007,0.7513093037584717,0.6510018478930395,0.0580557599830633,0.1564340901593419,0.1815159956669738,0.489103745085998,5
0.5586402266288952,0.6128113879003557,0.6022027110289621,0.6312909888039422,0.3423410926174225,0.3364146589657544,0.3868623070179317,0.3801651449058881,3
0.463172804532578,0.2603202846975089,0.3455791743684528,0.5411427950288054,0.1205732763400643,0.160062875380289,0.1408704464639043,0.1870076803214914,3
0.2974504249291785,0.3322064056939502,0.334796672828098,0.9168085800210152,0.0988149365378605,0.0995854125975929,0.3045696830781558,0.3069444622112889,4
0.6220963172804533,0.6902135231316727,0.7426833025261885,0.3580926845175548,0.4293792908773806,0.4620205474072267,0.2471604133885401,0.2659494575479662,2
0.6552407932011333,0.7532028469750888,0.3680683918669132,0.5479546360375375,0.4935292308933089,0.2411734250391417,0.4127209918766717,0.2016847817023561,2
0.5869688385269123,0.8117437722419928,0.2639402341343206,0.9099967390122832,0.4764682991743369,0.1549246926703434,0.7386841856537429,0.2401847523563702,2
0.4314447592067989,0.5457295373665481,0.7229667282809622,0.5438965179897821,0.2354521488411481,0.311920205997707,0.2968203951378402,0.3932190861344802,3
0.2456090651558074,0.2604982206405694,0.7528496611213846,0.8312982354433132,0.0639807244462815,0.1849067014708897,0.2165517111546281,0.6258425948443034,4
0.1492917847025496,0.2603202846975089,0.4201324707332112,0.8736186093699048,0.0388636798967669,0.0627223263672527,0.2274206451082154,0.3670355448330902,5
0.7971671388101983,0.8551601423487544,0.4475508317929808,0.5095474473712814,0.6817055639006784,0.3567728160525348,0.4357446676274694,0.2280483839090071,1
0.3328611898016997,0.302135231316726,0.6481053604436262,0.9082575455632452,0.1005690925770971,0.2157291213941248,0.2744166036239129,0.5886465839429103,3
0.1798866855524079,0.2555160142348753,0.7278958718422679,0.7383963187071996,0.0459639289062735,0.1309387758129858,0.1886720842817683,0.5374756321704981,5
0.4855524079320114,0.3709964412811387,0.5100893407270526,0.7254973006268342,0.1801382153982639,0.2476751076504725,0.2691569166916279,0.3700684397759981,3
0.896317280453258,0.8633451957295372,0.2870455945779433,0.1880865248740895,0.7738312179286845,0.2572839266981906,0.1623835976315092,0.0539894083645821,2
0.7427762039660057,0.6204626334519573,0.4102741836105998,0.5054893293235262,0.4608648795781961,0.3047419006875334,0.3136372404539387,0.2073892219120793,2
0.6623229461756375,0.686476868327402,0.4888324091189169,0.6375230986629952,0.45466938191203,0.3237649213937756,0.4376448602565542,0.3116419521883888,2
0.7957507082152975,0.7016014234875446,0.6157578558225509,0.2475089677162215,0.5582998296250745,0.4899897498599279,0.1736526440756337,0.1524055912577935,2
0.6322946175637394,0.3603202846975089,0.4842113370301923,0.5825935722308779,0.227828576613269,0.3061642221675323,0.2099202818091686,0.2820984125551093,3
0.6739376770538245,0.5612099644128113,0.2907424522489243,0.7307148809739483,0.3782205397558296,0.1959422928895725,0.4100844723473012,0.2124498363891465,2
0.5104815864022663,0.4638790035587188,0.3218576709796679,0.8765172651183013,0.2368016896353573,0.1643024144774395,0.406597955545091,0.2821138055244445,2
0.281586402266289,0.2702846975088967,0.6524183610597696,0.9643465342947208,0.0761084955591624,0.1837121390632892,0.2606481113156015,0.6291573853982306,4
0.126628895184136,0.2793594306049822,0.740834873690698,0.8659371716366535,0.0353749760567782,0.093811101569332,0.2419077152081042,0.6415164551735205,5
0.6886685552407933,0.8026690391459074,0.4010320394331472,0.5937533968622051,0.5527729275251277,0.2761781552016943,0.4765874685490047,0.2381141356640089,1
0.1730878186968839,0.190747330960854,0.7423752310536074,0.734483133446864,0.0330160394382668,0.128496109397664,0.140100697340754,0.5452620858975932,5
0.334844192634561,0.2768683274021353,0.7694855206407887,0.7150621399326063,0.0927077515550492,0.2576577579029497,0.1979780586717323,0.550229963036558,3
0.6240793201133145,0.7754448398576511,0.3246303142329054,0.582448639443458,0.4839390884437409,0.2025950657946432,0.4516567919385391,0.189080484847058,2
0.0974504249291784,0.2617437722419928,0.695240295748615,0.5295481720352186,0.0255070418275482,0.0677514622485901,0.1386059361323499,0.3681632277389038,5
0.3427762039660057,0.3419928825622775,0.7531577325939658,0.6930323562447915,0.1172270220680894,0.2581645485662036,0.2370121332210834,0.5219626780435808,4
0.24985835694051,0.3352313167259787,0.6690542205791772,0.8565165404543644,0.0837603459921567,0.1671687882580267,0.2871311676540966,0.573056006386868,4
0.5855524079320114,0.748932384341637,0.550138632162664,0.4744737128156816,0.4385391610295081,0.322135000759271,0.3553487290464776,0.2610263193655597,2
0.7237960339943343,0.7327402135231317,0.443545902649415,0.2048987282147902,0.5303544604962044,0.3210367652320837,0.1501375378627235,0.0908819913577462,2
0.741643059490085,0.7393238434163699,0.3560536044362301,0.4125874125874126,0.5483143971852852,0.2640646845365582,0.3050357116193414,0.1469032353967662,2
0.824929178470255,0.827224199288256,0.3609827479975358,0.3957752092467117,0.6824013791295755,0.2977852017475423,0.327394830567253,0.1428680226231777,1
0.5257790368271955,0.3419928825622775,0.6117529266789923,0.5080981194970832,0.1798126883953504,0.3216468645654985,0.17376594051128,0.3108305116424329,3
0.1473087818696883,0.2213523131672596,0.7565465187923621,0.4591108373491793,0.0326071396167067,0.1114459461110561,0.1016252458473983,0.347338705736368,5
0.4297450424929179,0.6713523131672597,0.7248151571164563,0.9278234718649228,0.2885103283497827,0.3114857204945224,0.6228964340473938,0.6725005155361099,3
0.7994334277620397,0.7946619217081848,0.4053450400492941,0.4788216964382767,0.6352793039831439,0.3240463747929484,0.3805013694472141,0.1940879997192442,2
0.128328611898017,0.2718861209964412,0.7303604436229243,0.9163737816587558,0.0348907685018095,0.0937261419153497,0.2491493128780389,0.6692831616967057,4
0.3620396600566573,0.1841637010676157,0.5630776340110941,0.3328743795065038,0.0666745637292954,0.2038564352028834,0.0613033777205038,0.1874341180354332,4
0.2524079320113315,0.2813167259786476,0.7014017252002454,0.4282401536287545,0.0710065730444688,0.1770393589669741,0.1204711179514342,0.3003683825552265,4
0.7104815864022663,0.5603202846975089,0.4731207640172528,0.1837385412514945,0.3980972447652556,0.33614359097883,0.1029524317439423,0.0869305190163226,2
0.2841359773371105,0.2476868327402135,0.6179143561306262,0.8602847929272799,0.0703767402941739,0.1755716994898068,0.2130812156147283,0.5315823239106292,4
0.7869688385269122,0.8258007117437721,0.290126309303762,0.4520091307656074,0.6498794269756938,0.2283203646588812,0.3732694619009223,0.1311397408806272,1
0.2892351274787536,0.2549822064056939,0.2815003080714717,0.7753541794992571,0.0737498109745647,0.0814197774903605,0.197701519434597,0.218262440393544,4
0.4838526912181304,0.3238434163701068,0.489140480591498,0.108228559005761,0.1566925085439497,0.2366719379179259,0.0350491062972393,0.0529389693658032,3
0.4637393767705383,0.4412811387900355,0.4099661121380187,0.9937678901409472,0.2046394402830844,0.1901174293399254,0.4385310262543681,0.4074111582886858,3
0.7368271954674221,0.4889679715302492,0.2870455945779433,0.3046124859596361,0.3602848991360278,0.2115030004241446,0.1489457493624697,0.0874376721481491,2
0.5371104815864023,0.4615658362989323,0.5230283425754791,0.8341968911917099,0.24791184861835,0.2809240049640534,0.385036785720871,0.4363086173816173,3
0.7478753541076488,0.8487544483985764,0.3495841035120151,0.7989782238486902,0.6347625336465275,0.2614453352044532,0.6781363216651694,0.2793100861097665,1
0.3980169971671388,0.3258007117437722,0.4373844731977847,0.7402804449436573,0.1296742209631727,0.1740864546297131,0.2411838958526399,0.3237871724303032,4
0.6753541076487253,0.7806049822064057,0.4817467652495395,0.4472263487807529,0.5271847811841562,0.3253496567577627,0.3491071160322354,0.21544984685949,2
0.8320113314447593,0.8007117437722419,0.2916666666666678,0.3707018370230804,0.6662012440393978,0.242669971671389,0.2968253143423241,0.1081213691317322,2
0.2334277620396601,0.2645907473309608,0.7023259396179959,0.8586905322656617,0.0617628260058673,0.1639423723074302,0.2272015696581919,0.6030806349145579,4
0.8079320113314448,0.8007117437722419,0.3021410967344451,0.5673756295517953,0.6469206496426158,0.2441094639905488,0.4543043297122915,0.1714274949731757,2
0.6906515580736545,0.8613879003558716,0.1354744300677737,0.8798507192289575,0.5949188954865766,0.0935656262054482,0.7578927636632352,0.1191972747322638,1
0.7444759206798868,0.7946619217081848,0.4290665434380791,0.2917134678792709,0.591606665792949,0.3194297099590005,0.2318135849731002,0.1251644893372938,2
0.4875354107648725,0.3930604982206406,0.3243222427603243,0.6608572774375883,0.1916309114554454,0.1581185778443394,0.2597568907223545,0.2143307143630405,3
0.3875354107648726,0.2763345195729537,0.315696241528034,0.7391209826442986,0.1070894115512183,0.122343472637493,0.2042446416453016,0.2333377162553123,4
0.6076487252124647,0.6884341637010675,0.4943776956253884,0.8282546469074967,0.4183261419656629,0.3004079765202431,0.5701987951752855,0.409470623729148,2
0.4016997167138811,0.3199288256227758,0.5325785582255129,0.6883945070473567,0.1285153186212737,0.2139366559670757,0.2202372462048304,0.3666241540536439,4
0.6271954674220963,0.6229537366548042,0.2479205175600753,0.7002789956157831,0.3907137600435514,0.1554946248946194,0.4362414170197253,0.1736135310295146,2
0.8243626062322947,0.7999999999999997,0.4623382624768943,0.4989673538896336,0.6594900849858355,0.3811343750163633,0.3991738831117067,0.2306916994300268,1
0.1852691218130311,0.3112099644128113,0.4173598274799772,0.8546324142179065,0.0576575968062262,0.0773238887172535,0.2659701232147897,0.3566892369567818,5
0.1470254957507082,0.2338078291814946,0.529189772027113,0.7269466285010324,0.0343757119958061,0.0778043885784905,0.1699658131406328,0.3846927206123398,5
0.5303116147308783,0.4234875444839856,0.3141558841651282,0.8530381535562881,0.224580363533717,0.1666005142088159,0.3612510330007055,0.267986955357064,2
0.6580736543909349,0.7138790035587189,0.6391712877387548,0.3756295517953548,0.4697849646648454,0.4206217851040021,0.2681540501428761,0.2400916243337682,2
0.643059490084986,0.4731316725978648,0.2667128773875582,0.4691111996811478,0.3042518121238395,0.1715122469319425,0.2219513665395324,0.1251179978816883,2
0.5501416430594901,0.7601423487544482,0.4900646950092451,0.6291169969926445,0.418185960702872,0.269604996517834,0.4782184717353339,0.3083080292563325,2
0.1473087818696883,0.2733096085409252,0.8344886013555168,0.8001376861480489,0.040260905507445,0.1229274993498211,0.2186853177799649,0.6677057786055248,5
0.4240793201133145,0.2845195729537366,0.1022027110289585,0.5704192180876118,0.1206588670571512,0.0433420562068982,0.1622954323348916,0.0582983905115726,3
0.2059490084985836,0.2608540925266904,1.0,0.6402768216239718,0.0537226417186696,0.2059490084985836,0.1670188292705947,0.6402768216239718,4
0.8206798866855525,0.7790035587188612,0.3190850277264339,0.4580963078372404,0.6393125522970371,0.2618666643975861,0.3568586540411812,0.1461716730876228,1
0.6008498583569405,0.6781138790035587,0.4712723351817658,0.7166564005942244,0.4074446281491637,0.2831639158415086,0.4859746517196778,0.3377403354309992,2
0.6728045325779037,0.8774021352313167,0.6071318545902677,0.6512917134678791,0.5903201334771607,0.4084810636407609,0.57144474005518,0.3954199458770266,2
0.4453257790368273,0.300355871886121,0.6157578558225509,0.4317185405268307,0.1337562126359723,0.2742128468422238,0.1296691986493399,0.2658340828336423,4
0.5470254957507082,0.6690391459074733,0.7368299445471393,0.562302981992101,0.365981470466666,0.4030647656998657,0.3762027068132206,0.4143216750399309,3
0.3172804532577904,0.2870106761565836,0.7057147258163923,0.8941990651835212,0.0910628774207857,0.2239094880777222,0.2566446783169074,0.631049448111263,4
0.1603399433427762,0.2617437722419928,0.571087492298215,0.2773651219247073,0.0419679816116056,0.0915681361588639,0.0725985933009331,0.1583997519309697,5
0.3218130311614731,0.2019572953736654,0.4900646950092451,0.6028841624696548,0.0649924893893722,0.157709204966148,0.1217568548759889,0.2954522432065956,4
0.3807365439093485,0.3142348754448398,0.4660351201478754,0.1488097394833145,0.1196407004526529,0.1774366009854801,0.0467612099515183,0.0693505648192805,4
0.7671388101983003,0.8071174377224198,0.3834719654959961,0.5676654951266349,0.6191711108646779,0.2941762273550021,0.4581727199100384,0.2176838031604684,1
0.7189801699716715,0.6681494661921706,0.4515557609365395,0.3260625384977715,0.4803862167693284,0.3246596377498406,0.2178585110425501,0.1472354176842609,2
0.5566572237960341,0.8809608540925268,0.3794670363524339,0.8031812746838654,0.490393223312129,0.2112330669780546,0.7075712617366223,0.3047808179580565,2
0.8597733711048159,0.904626334519573,0.3428065311152188,0.2982354433131634,0.7777736332200861,0.2947359268936796,0.2697916359082069,0.102237057777795,1
0.6688385269121814,0.7601423487544482,0.4401571164510187,0.6582484872640313,0.5084124887844907,0.2943940373770128,0.5003625511729433,0.2897327560623811,1
0.5954674220963173,0.6062277580071175,0.2648644485520641,0.7647740860176093,0.3609888802637283,0.1577181503842602,0.4636272795483977,0.2025614665599629,2
0.391501416430595,0.2923487544483986,0.3015249537892828,0.682887061125403,0.1144549514582682,0.1180474464976739,0.199641181748939,0.2059074895491362,3
0.8220963172804533,0.9241992882562275,0.1474892174984603,0.3867893764266821,0.7597808313086607,0.12125034254406,0.3574704663986097,0.0570472624658887,2
0.3957507082152975,0.3314946619217082,0.7787276648182413,0.7614406319069531,0.1311892472251066,0.3081820248586638,0.2524135048474472,0.5929548851826276,3
0.6699716713881021,0.5610320284697509,0.4829790511398677,0.4599804340736982,0.3758755658161363,0.3235822821376168,0.2580637559847634,0.2221609135918192,2
0.5314447592067989,0.3455516014234875,0.3689926062846602,0.1104025508170585,0.183641587612029,0.1960991867960403,0.0381497782360725,0.040737724966461,4
0.2325779036827195,0.3039145907473308,0.5439772027110337,0.9855067212580166,0.0706838184146058,0.1265170774577219,0.2995098718698739,0.5360931894828582,4
0.2776203966005666,0.4873665480427046,0.7402187307455357,0.6724519004311751,0.1353028943574647,0.2054998176007436,0.3277305614378983,0.4977614922245877,3
0.6042492917847027,0.4596085409252668,0.3896333949476265,0.6672343200840609,0.277718135352293,0.2354357029527726,0.3066665923090977,0.2599767733599239,2
0.3747875354107649,0.2250889679715302,0.7870455945779469,0.6830319939128229,0.0843605395542024,0.2949748786477688,0.1537429666013738,0.5375773217648783,4
0.2396600566572238,0.4873665480427046,0.9019562538508978,0.661147143012428,0.1168022945167501,0.2161628869002435,0.3222210008382634,0.5963258003557134,4
0.5490084985835695,0.8820284697508897,0.580329636475664,0.7199898547048806,0.4842411258858993,0.318605902405053,0.6350515497815112,0.4178314506470496,2
0.308215297450425,0.2731316725978647,0.7611675908810867,0.7105692235225913,0.0841833597128829,0.2346034954330375,0.1940789605172913,0.5408622640229352,4
0.7524079320113315,0.8234875444839856,0.3227818853974113,0.5782455886082829,0.619598560382285,0.2428636508825848,0.4761780398717318,0.1866472013137174,1
0.4903682719546743,0.5948398576512456,0.6293130006161469,0.888256820899308,0.2916905930862057,0.3085951286307508,0.5283705609014924,0.558991565277903,2
0.6141643059490085,0.6987544483985765,0.734365372766483,0.4927352440305806,0.429150040829494,0.4510209994781119,0.3443009436491263,0.3618477011577012,3
0.4869688385269122,0.5976868327402135,0.6511860751694414,0.7568027827095183,0.2910548627423306,0.3171073266901614,0.452331058206632,0.4928194337499227,3
0.2767705382436261,0.291459074733096,0.7238909426987057,0.6221602231964927,0.0806672849898682,0.2003516858404066,0.1813342429885862,0.4503761504793462,4
0.3793201133144476,0.2427046263345195,0.5911121380160225,0.6028841624696548,0.0920627463631506,0.224220723173783,0.1463227753751973,0.3563721462534367,3
0.3937677053824363,0.2626334519572952,0.4897566235366604,0.9608681473966448,0.1034165717338924,0.1928503418458804,0.2523561184265919,0.4705915395329069,3
0.6079320113314448,0.7138790035587189,0.6819932224276037,0.4376607848110437,0.4339898984807396,0.4146055114248265,0.3124368449576348,0.2984816889634777,2
0.5090651558073654,0.6537366548042703,0.7026340110905771,0.6840465234247617,0.3327945520349217,0.3576864923313788,0.4471862859541947,0.4806343525265047,3
0.3481586402266289,0.2455516014234874,0.3474276032039469,0.6215804920468133,0.0854909116570725,0.1209599219086829,0.1526300852356942,0.2159542205501543,3
0.5045325779036828,0.5948398576512456,0.6370147874306866,0.8149208304648718,0.3001160868206426,0.3213947128651708,0.4847473907907592,0.519116619591419,2
0.3424929178470255,0.253202846975089,0.459873690696245,0.92144642921845,0.0867201818676721,0.1575034821676374,0.2333128592131413,0.4237489701835649,4
0.8373937677053825,0.8809608540925268,0.3791589648798528,0.368382912424363,0.7377111288094927,0.3175053541600127,0.3245309251624593,0.1396756837542469,2
0.7096317280453258,0.8177935943060496,0.3224738139248302,0.7243378383274757,0.5803322815118,0.2288376498248441,0.5923588442977006,0.2335799852955281,1
0.4685552407932012,0.576512455516014,0.7001694393099207,0.6779593463531286,0.2701279324145856,0.3280680602319006,0.390852007506074,0.4746864154109904,3
0.8067988668555242,0.6024911032028469,0.4971503388786189,0.4246168339432588,0.4860891393545916,0.4011003300641096,0.255827864720974,0.2110984028884573,2
0.6827195467422097,0.598220640569395,0.4038046826863848,0.6398420232617124,0.4084169245813716,0.2756853499360304,0.3827667050188392,0.2583712051726102,2
0.4014164305949009,0.3137010676156584,0.3489679605668527,0.7626000942063118,0.1259247628360872,0.1400814731227281,0.2392284637163217,0.2661229996032663,4
0.3940509915014165,0.291814946619217,0.8058379544054262,0.5186782129787311,0.1149899690502353,0.3175412449229314,0.1513580550329392,0.4179705901414426,3
0.5949008498583569,0.827224199288256,0.3911737523105394,0.6378129642378347,0.4921163791799822,0.2327095976918222,0.5276143186373119,0.2494956904932217,2
0.3376770538243627,0.2921708185053381,0.4571010474430075,0.2679444907424181,0.0986593812063351,0.154352535000585,0.0782855611742082,0.1224777073749425,3
0.0997167138810198,0.2485765124555159,0.3911737523105394,0.924779883329106,0.0247872329700684,0.0390065611369149,0.229878558186968,0.3617496170231492,5
0.3654390934844193,0.4868327402135231,0.8560536044362337,0.5670857639769558,0.1779077152621656,0.3128354531792469,0.2760759164129805,0.4854558122769483,3
0.6359773371104817,0.3103202846975088,0.5177911275415923,0.4414290372839594,0.1973566683132881,0.3293034224733356,0.1369843845237054,0.2285680389448609,3
0.7356940509915015,0.8375444839857652,0.3021410967344451,0.6285372658429653,0.6161764943090744,0.222283407427579,0.5264279199862701,0.189906938840263,1
0.4161473087818698,0.4969750889679715,0.6404035736290865,0.9347802456610744,0.2068148458056516,0.2665022237000363,0.4645624957529147,0.5986366098792274,3
0.1898016997167139,0.2544483985765123,0.5621534195933471,0.8036160730461248,0.0482947385400179,0.1066976745403803,0.204478822856932,0.451755523503056,5
0.4756373937677055,0.5934163701067615,0.3970271102895886,0.800862350085148,0.2822510156966721,0.1888409399932633,0.4752448287426989,0.3179640645940351,1
0.13342776203966,0.2578291814946619,0.4817467652495395,0.799992753360629,0.03440157067535,0.0642783927570915,0.2062614768006319,0.3853939211545557,5
0.3668555240793201,0.2731316725978647,0.6302372150338904,0.5783905213957026,0.1001998628935509,0.231206003815549,0.1579767705235593,0.3645232314064274,4
0.7645892351274788,0.7946619217081848,0.4266019716574263,0.2673647595927387,0.6075899509037934,0.326175275213426,0.2124645936550125,0.1140583335939761,2
0.2753541076487252,0.2852313167259787,0.6616605052372151,0.7878183992173629,0.0785396146905527,0.182190937985998,0.2247104793497211,0.5212683200613343,4
0.2929178470254958,0.3496441281138789,0.677064078866298,0.8530381535562881,0.102417005232224,0.1983241522798165,0.2982597814480615,0.5775614916753959,4
0.2209631728045326,0.3322064056939502,0.3508163894023397,0.8724591470705461,0.0734053814281249,0.0775175024741713,0.2898365173631156,0.3060729678763338,4
0.3359773371104816,0.2343416370106761,0.3816235366605056,0.7346280662342837,0.078733479176958,0.1282168596258809,0.1721539436353294,0.2803513607663955,4
0.6818696883852692,0.8250889679715302,0.4034966112138036,0.603463893619334,0.5626031574808706,0.2751321085528683,0.4979114011944575,0.2434956360652885,1
0.7084985835694052,0.7322064056939502,0.5978897104128187,0.3564984238559366,0.518767201314609,0.4236040129582039,0.2610304295671137,0.2131467394018522,2
0.7450424929178471,0.7914590747330962,0.2392945163277886,0.5205623392151889,0.5896706420815986,0.178284582986426,0.4120037873361495,0.1245677131809608,1
0.7674220963172804,0.6176156583629894,0.5867991373998791,0.2014203413167142,0.4739719032593026,0.4503226241405871,0.1244003567100204,0.1181932825394371,2
0.7127478753541077,0.8224199288256228,0.4071934688847811,0.6376680314504148,0.5861780569193391,0.2902262798056966,0.5244308970398252,0.2596542577232241,1
0.7090651558073655,0.8288256227758005,0.298444239063464,0.6950614152686692,0.5876913693506598,0.2116164108713457,0.576084710377484,0.2074370751822323,1
0.664872521246459,0.7532028469750888,0.3739217498459624,0.5417225261784848,0.5007838758783382,0.2486102965689727,0.4080269489881718,0.2025618349196342,2
0.2042492917847025,0.2263345195729537,0.6810690080098603,0.5625928475669408,0.0462286653292066,0.1391078625425238,0.1273341818692435,0.3831645526058589,4
0.3138810198300284,0.2019572953736654,0.5067005545286527,0.8134715025906736,0.0633905618340003,0.1590436868038944,0.1642865045267641,0.4121864614559506,4
0.4402266288951842,0.2555160142348753,0.1875385089340753,0.4849088735099097,0.112484953575353,0.0825594455760773,0.1239019826263754,0.0909390871069505,3
0.7096317280453258,0.8145907473309607,0.3141558841651282,0.6586832856262907,0.5780594396782031,0.2229349829557071,0.5365573098927329,0.206929229980719,1
0.3858356940509915,0.2455516014234874,0.6015865680837997,0.7049168448132177,0.0947425725605636,0.2321135710283669,0.1730934601142775,0.424068505455644,4
0.7906515580736544,0.7629893238434161,0.4007239679605661,0.5109967752454799,0.603258697690361,0.3168330296254787,0.3898850840307148,0.2047686553914222,1
0.8382436260623229,0.7999999999999997,0.4530961182994488,0.4905612522192834,0.6705949008498581,0.3798049331580932,0.3924490017754266,0.2222713991686741,1
0.5606232294617565,0.6128113879003557,0.6157578558225509,0.6583934200514512,0.3435562993356386,0.3452081576976851,0.4034709855261917,0.4054109206185577,3
0.1487252124645892,0.291459074733096,0.7713339494762828,0.8582557339034023,0.0433473128144122,0.1147168055170108,0.2501464220878598,0.6620017848923768,2
0.4841359773371105,0.6690391459074733,0.732516943930996,0.7160766694445451,0.3239059207807002,0.3546378065660261,0.4790833233294465,0.5245382935218041,3
0.7354107648725213,0.68576512455516,0.5147104128157736,0.2937425269031486,0.5043190547720101,0.3785235783766992,0.2014383805488851,0.1511923372838681,2
0.3226628895184136,0.2752669039145907,0.3338724584103509,0.924924816116526,0.0888184146058693,0.1077282521613001,0.2546011904861682,0.3088069222015663,4
0.5886685552407932,0.6220640569395018,0.613909426987064,0.687235044747998,0.3661895496658031,0.3613891754331781,0.4275042200069397,0.4219000725266727,2
0.7560906515580738,0.702491103202847,0.4484750462107243,0.3369324975542591,0.5311469559343907,0.3390877898970038,0.236692081911782,0.1511058174105411,2
0.7413597733711049,0.7569395017793595,0.289202094886015,0.614043987100982,0.561164497494783,0.2144027995231448,0.4647941496668287,0.1775828074217651,2
0.7317280453257791,0.8939501779359428,0.6296210720887281,0.342295010688793,0.6541284163196998,0.4607113963754064,0.3059946857118319,0.2155161516005004,2
0.2206798866855524,0.2201067615658362,0.7688693776956264,0.675205623392152,0.0485731352010726,0.169674007145862,0.1486173231558882,0.5191449274741113,5
0.2492917847025496,0.3279359430604982,0.5889556377079508,0.6546251675785353,0.0817517365136652,0.1468218020348432,0.2146751216810036,0.3855451830308904,5
0.8385269121813032,0.9026690391459076,0.3317159581022793,0.5699844197253523,0.7569122821166817,0.2781527580687667,0.5145072884816214,0.1890729278925669,1
0.7569405099150143,0.7322064056939502,0.5849507085643886,0.1379397804268269,0.5542366900890185,0.4427728876158772,0.1010003908285396,0.0806879722998885,2
0.1560906515580736,0.2829181494661921,0.4065773259396188,0.9278234718649228,0.0441608782877823,0.0634629197146543,0.2624980996913215,0.3772319861348534,5
0.711614730878187,0.7421708185053378,0.2691774491682075,0.421718178194862,0.5281396872763198,0.1915506380483108,0.3129869254894606,0.1135170234743565,2
0.2252124645892351,0.2731316725978647,0.7383703019100452,0.8791260552918583,0.0615126571431451,0.1662901954726588,0.2401171699062281,0.6491205708628365,4
0.5960339943342777,0.6012455516014233,0.5492144177449205,0.4747635783905214,0.3583627876967124,0.3273504631544796,0.2854494895696746,0.2607470022722452,2
0.3237960339943343,0.2752669039145907,0.3384935304990755,0.8169498894887497,0.0891303317774439,0.1096028627083409,0.2248792667329351,0.2765322523338764,4
0.7742209631728046,0.6430604982206406,0.3920979667282829,0.127359686945179,0.4978709183107679,0.3035704654584695,0.0818999837401916,0.0499374742943553,2
0.5770538243626062,0.6681494661921706,0.4691158348736906,0.5463603753759193,0.3855582047120259,0.27070508658292,0.3650503931559744,0.2563063036363773,2
0.3756373937677054,0.3224199288256226,0.5640018484288376,0.3851951157650639,0.1211129817628259,0.2118601844239769,0.1241945818089493,0.2172507572972561,3
0.6691218130311615,0.836832740213523,0.1767560073937168,0.8256458567339395,0.5599430403355075,0.1182713001314331,0.6909274847366045,0.1459378651574558,2
0.3634560906515581,0.2530249110320284,0.4481669747381431,0.5904199427515491,0.0919634450011593,0.162889016597461,0.149390953486246,0.2646067195680294,4
0.3575070821529745,0.291814946619217,0.8351047443006792,0.7595565056704952,0.1043259100944622,0.2985558604270417,0.2216499411565145,0.6343092414498762,4
0.1878186968838527,0.2813167259786476,0.7081792975970451,0.5733178738360085,0.0528365408849414,0.1330093128347991,0.1612839072125852,0.4060118491930158,5
0.8645892351274788,0.7923487544483986,0.5319624152803435,0.2864958875321568,0.6850562035627514,0.4599289777437984,0.2270046596406929,0.1524050442994917,1
0.6178470254957508,0.6496441281138788,0.4053450400492941,0.2551904054494728,0.4013806921859404,0.2504412272939123,0.16578294845125,0.1034401651171121,2
0.6804532577903682,0.8026690391459074,0.2873536660505245,0.7343382006594441,0.5461787626142973,0.1955307382020849,0.5894305379314505,0.2110147740804369,1
0.4512747875354108,0.4329181494661921,0.2827325939617999,0.717960795681003,0.195365045920579,0.1275900912694468,0.3108182590554947,0.2029909181257678,3
0.6155807365439093,0.755693950177936,0.3859365372766525,0.4973730932280155,0.4651906384523101,0.2375750978759676,0.3758618375336978,0.1919544493349979,1
0.6872521246458924,0.7806049822064057,0.505468268638328,0.3314250516323054,0.5364724325305213,0.3473841415627716,0.2587120465321929,0.1675248470319499,2
0.7243626062322946,0.9231316725978644,0.3492760320394339,0.7439037646291531,0.6686820642585665,0.2530024968625588,0.6867211264939581,0.2598277551288676,2
0.6155807365439093,0.2800711743772242,0.1582717190388152,0.0998224573354105,0.1724064198078493,0.0974290213799845,0.0279573928551487,0.0157990719211542,2
0.7626062322946177,0.43932384341637,0.2734904497843509,0.3078010072828725,0.3350311009849485,0.2085655214786041,0.1352243215269416,0.084180635925869,2
0.3716713881019831,0.3142348754448398,0.4681916204559471,0.208666980687706,0.1167921123466373,0.1740134294725786,0.065570442685852,0.0976961318238268,4
0.93342776203966,0.7754448398576511,0.3030653111521886,0.1470705460342765,0.7238217414535298,0.2828895751406406,0.1140450960173268,0.0445719807952002,1
0.6184135977337111,0.6752669039145908,0.5418207024029584,0.444472625819776,0.4175942354803262,0.3350692898996199,0.3001376539121085,0.2408244703205583,2
0.7940509915014164,0.5967971530249109,0.2565465187923621,0.3625856009275697,0.473887371084653,0.2037110176133119,0.2163900543614,0.0930200736822046,2
0.2413597733711048,0.2711743772241993,0.5572242760320414,0.8327475633175117,0.0654505862308832,0.1344915249799714,0.2258198018675956,0.464027158087047,4
0.6779036827195467,0.5998220640569395,0.322165742452249,0.7062212398999963,0.4066215862006391,0.2183973432544566,0.4236070817976668,0.2275202900879301,2
0.8529745042492919,0.8891459074733096,0.1607362908194716,0.5009964129135114,0.758418789632333,0.1371039579766088,0.445458910200857,0.0805283051255782,1
0.3444759206798867,0.2455516014234874,0.5895717806531131,0.7744845827747382,0.0845866139747763,0.2030932819473613,0.1901759295781384,0.4566142545548857,4
0.6694050991501417,0.6386120996441281,0.4823629081947054,0.8186890829377877,0.4274901958807577,0.3228961903864275,0.5228247542106264,0.3949052469531277,2
0.3135977337110482,0.344306049822064,0.6721349353049924,0.30127903184898,0.1079735969272025,0.2107799924596676,0.1037321933501381,0.2025001625805648,4
0.1679886685552408,0.3048042704626335,0.3745378927911318,0.8543425486430667,0.0512036635649693,0.0629181219334677,0.2604072572643369,0.3199836578905792,5
0.2830028328611899,0.3314946619217082,0.7377541589648828,0.9750715605637884,0.0938139284022058,0.2087865169421864,0.3232310173185654,0.7193630990943135,4
0.284985835694051,0.2724199288256228,0.4472427603203925,0.4602702996485379,0.077635821076084,0.1274578518080212,0.1253868022708028,0.2058525593083062,4
0.4702549575070822,0.2967971530249109,0.4552526186075205,0.4886771259828253,0.1395703325839524,0.2140848008182674,0.1450379797400982,0.2224715412572784,4
0.3070821529745043,0.3377224199288257,0.5492144177449205,0.893474401246422,0.1037085278195034,0.168653945845749,0.3017463369334002,0.4907090230505451,4
0.1484419263456091,0.3254448398576511,0.662276648182381,0.5970868509728613,0.0483096589477079,0.0983096214299058,0.194318834595972,0.3954366783360794,5
0.3056657223796034,0.2871886120996441,0.4977664818237848,0.7979636943367512,0.0877837145766334,0.1521501512430209,0.2291660858824762,0.3971995807531146,4
0.8181303116147309,0.8295373665480427,0.2346734442390641,0.5028805391499691,0.6786696641900134,0.1919934580630077,0.4171581981347252,0.1180127081631207,1
0.7351274787535412,0.8402135231316724,0.3736136783733812,0.7797021631218521,0.6176640488744165,0.2746536814104602,0.6551163014699973,0.2913073931996373,1
0.4107648725212465,0.4873665480427046,0.8468114602587846,0.3554838943439978,0.2001930579778815,0.3478404015227302,0.1732509584712117,0.3010278356679203,3
0.6628895184135978,0.6734875444839857,0.4721965495995093,0.7823109532954093,0.4464478340205458,0.3130141433605812,0.5268766829578513,0.3694045328599951,2
0.7852691218130312,0.9284697508896796,0.4152033271719055,0.5067937244103046,0.7290986259111026,0.3260463521021309,0.4705426430556884,0.2104224405650002,1
0.7053824362606234,0.9163701067615658,0.1832255083179319,0.6281024674807059,0.6463913784238808,0.1292440554423939,0.5755743251824974,0.1150843938798996,2
0.4002832861189802,0.291814946619217,0.8135397412199659,0.5218667343019674,0.1168086457713749,0.3256463610039127,0.1522885132126737,0.4245593279753312,3
0.1563739376770538,0.281138790035587,0.8089186691312378,0.8879669553244685,0.0439627796316271,0.1264937975525334,0.2496419554115052,0.7182930477335863,4
0.3541076487252125,0.2743772241992882,0.8437307455329659,0.655784629877894,0.0971590737249604,0.2987715104578491,0.1799323664184541,0.5533056546759356,3
0.304815864022663,0.2923487544483986,0.5569162045594602,0.820863074749085,0.0891125381831379,0.169756894081014,0.2399782974755777,0.4571519480522689,3
0.8158640226628896,0.7788256227758005,0.3822396796056715,0.3479473893981665,0.6354158055507948,0.3118556026244572,0.2709903422412409,0.132999298643185,1
0.3719546742209632,0.2604982206405694,0.6400955021565053,0.4966484292909163,0.0968935307935035,0.2380865139749267,0.1293760321142173,0.3179024257422087,3
0.3637393767705383,0.3466192170818506,0.8156962415280375,0.8202833435994059,0.1260790579980442,0.2967008425274788,0.2843259703437087,0.6691020403620872,4
0.6784702549575071,0.8809608540925268,0.4087338262476905,0.492590311243161,0.5977057352837398,0.2773137433040279,0.4339527813104787,0.2013383226869579,2
0.639943342776204,0.8145907473309607,0.3939463955637734,0.4072248994528786,0.5212919258415412,0.2521033732517179,0.3317216351770957,0.1604247813232815,2
0.9169971671388104,0.9375444839857652,0.4250616142945205,0.516069422805174,0.8597256358815645,0.3897802961675249,0.4838380407047085,0.2193613019456086,1
0.6008498583569405,0.7453736654804269,0.6240757855822565,0.5918692706257473,0.4478576613269081,0.3749758473710952,0.4411637677315401,0.3693712800277604,2
0.1815864022662889,0.2741992882562277,0.3757701786814564,0.9340555817239756,0.0497908622584254,0.0682347548257261,0.2561173757004708,0.35099023284283,5
0.1515580736543909,0.2348754448398576,0.6856900800985848,0.5643320410159787,0.0355972699686469,0.1039218676636665,0.1325477391710127,0.3869568824064442,5
0.7509915014164307,0.93576512455516,0.5452094886013583,0.6667995217218015,0.7027516558628129,0.4094476924312184,0.6239677374973227,0.3635454262375737,2
0.3878186968838527,0.3377224199288257,0.686922365988913,0.4934599079676798,0.1309750688052584,0.2664013368381931,0.1666524742567004,0.3389686475018298,4
0.7076487252124646,0.6597864768683274,0.4497073321010489,0.5985361788470596,0.4668970592682951,0.3182348202800057,0.3949060767197325,0.2691661081552674,2
0.3345609065155808,0.302135231316726,0.6456407886629734,0.847965505996594,0.1010826368796185,0.2160061675385189,0.2562002543028855,0.5474811180506383,3
0.1997167138810198,0.2645907473309608,0.6363986444855243,0.8595601289901809,0.0528431945802626,0.1270994459949843,0.227431656905409,0.5470229009431535,4
0.1509915014164305,0.344306049822064,0.710643869377698,0.5904199427515491,0.0519872874093937,0.1073011848097203,0.203285158224955,0.4195783126747197,5
0.7218130311614731,0.6955516014234876,0.5097812692544714,0.2056233921518895,0.5020582097527043,0.3679667631899131,0.1430216797013765,0.1048229538396001,2
0.6303116147308782,0.598220640569395,0.4235212569316076,0.7246277039023152,0.3770654179226356,0.2669503673294127,0.4334872492027729,0.3068952359641733,2
0.4688385269121813,0.5567615658362989,0.7201940850277282,0.7368020580455814,0.2610312723680098,0.3376547339152663,0.4102230675488655,0.5306404840406845,3
0.3405099150141644,0.2743772241992882,0.8606746765249547,0.6075220116670894,0.0934281652939219,0.2930682609583557,0.1666902032011835,0.522878810873362,3
0.5558073654390935,0.6332740213523133,0.5655422057917434,0.6424508134352693,0.3519783654088494,0.3143325234457225,0.4068474101452177,0.363333050142882,2
0.4892351274787536,0.5912811387900355,0.5085489833641397,0.546650240950759,0.2892755033117256,0.2488000267053454,0.323223976989212,0.2779984242912705,3
0.8399433427762041,0.8172597864768684,0.3591343191620488,0.1540273198304285,0.6864519169699476,0.3016524805426274,0.1258803345162203,0.055316496639656,1
0.6439093484419264,0.731850533807829,0.4370764017252035,0.5504184934236747,0.4712454003810752,0.2814375810542174,0.4028240682298173,0.2405749345486273,2
0.2436260623229462,0.2784697508896796,0.7149568699938413,0.9146345882097178,0.0678424888853043,0.1741821269673381,0.2546980659338448,0.6539242823745258,4
0.2458923512747876,0.3048042704626335,0.3973351817621697,0.6921627595202724,0.0749490387426532,0.097701682087695,0.2109741649569798,0.2750206158629923,4
0.3745042492917848,0.3396797153024911,0.7402187307455357,0.4986774883147938,0.1272114967790066,0.2772150600695746,0.1693906272585305,0.3691304174517483,3
0.1903682719546742,0.2608540925266904,1.0,0.7885430631544621,0.0496583428266107,0.1903682719546742,0.2056946851573739,0.7885430631544621,4
0.3634560906515581,0.248220640569395,0.3674522489217509,0.6976702054422261,0.0902173036403778,0.1335527578942227,0.1731761453010507,0.256360485995446,3
0.6373937677053825,0.591814946619217,0.627772643253234,0.4823000833363526,0.3772191586099825,0.4001383703455458,0.2854323980741474,0.3027747981573171,2
0.9104815864022664,0.9754448398576512,0.412430683918668,0.3699771730859812,0.888124565241499,0.3755105433752405,0.3608923243518414,0.1525899385301466,1
0.2430594900849859,0.2644128113879003,0.2981361675908829,0.8204282763868256,0.0642680431078805,0.0724648248705319,0.2169317471015698,0.2445993421051618,4
0.506515580736544,0.5567615658362989,0.7349815157116453,0.4589659045617593,0.2820084078513605,0.3722795892613093,0.2555345756892784,0.3373314561947682,3
0.5563739376770538,0.351067615658363,0.5211799137399922,0.3057719482589948,0.1953248717147379,0.2899709208457067,0.1073466288104976,0.1593621976177322,3
0.6864022662889518,0.8375444839857652,0.3052218114602603,0.7785427008224934,0.57489243192564,0.2095049431071418,0.6520641446212593,0.2376282134442049,1
0.6396600566572238,0.827224199288256,0.3948706099815169,0.5953476575238232,0.5291422781849524,0.2525829567530496,0.4924859892932835,0.2350852926774993,2
0.506515580736544,0.2555160142348753,0.1410197165742452,0.4228776404942208,0.1294228423376649,0.0714286836359066,0.1080520092081318,0.0596340850080805,3
0.3841359773371105,0.3258007117437722,0.461722119531732,0.8741983405195841,0.1251517748228201,0.177364077644484,0.284814441546505,0.4036367106758251,4
0.5804532577903684,0.5663701067615657,0.2922828096118302,0.6394072248994529,0.3287513735848296,0.1696565090353088,0.3621411382304196,0.1868877401797154,2
0.4767705382436262,0.3279359430604982,0.5883394947627849,0.2899742744302329,0.1563501960823849,0.280502937588036,0.0950929871485621,0.1706033181124883,4
0.1555240793201133,0.2555160142348753,0.7374460874923017,0.6763650856915104,0.0397388928654239,0.1146906238054599,0.1728221108635246,0.4987827861595997,5
0.7586402266288953,0.7601423487544482,0.501771410967347,0.1709844559585491,0.5766745637292954,0.3806639769321687,0.129972525952833,0.0857951117198053,2
0.3589235127478754,0.3327402135231316,0.6721349353049924,0.6481031921446427,0.1194282862702005,0.2412450320202338,0.2156499945392316,0.4356127971230984,4
0.236543909348442,0.2880782918149466,0.2704097350585357,0.3895430993876588,0.0681431653443287,0.0639637758566225,0.1122189106598967,0.1053362462992976,4
0.819830028328612,0.8165480427046262,0.0972735674676563,0.4972281604405956,0.6694306049822064,0.0797477915726338,0.4060106811853902,0.0483671570114369,1
0.3039660056657224,0.3322064056939502,0.3123074553296376,0.7662234138918076,0.1009794541953565,0.0949308497361759,0.2545443262875453,0.2392972846065381,4
0.721529745042493,0.9530249110320284,0.4355360443622906,0.6423058806478497,0.687635821076084,0.3142522110455394,0.6121335047597656,0.279747362528002,1
0.6155807365439093,0.7101423487544484,0.5196395563770793,0.4799811587376353,0.4371499500972851,0.3198801008519527,0.340854947423826,0.2494171963957812,2
0.7045325779036827,0.6681494661921706,0.4749691928527433,0.4292546831406935,0.4707330658413395,0.3346312698653746,0.2868062874009437,0.2038827503795952,2
0.2286118980169972,0.2604982206405694,0.7543900184842904,0.8826044421899344,0.059552992650691,0.1724625339707712,0.2299168867199401,0.6658279814579815,5
0.2113314447592068,0.2644128113879003,0.3446549599507094,0.8417333961375411,0.0558787414434486,0.0728364306298099,0.2225650937118124,0.2901075899349588,5
0.6960339943342776,0.7074733096085409,0.5911121380160225,0.2377984709590926,0.4924254735717238,0.4114341425227669,0.1682360712692797,0.1405655625855702,2
0.7033994334277621,0.5930604982206406,0.341266173752313,0.6452045363962462,0.4171584184367849,0.2400464332654371,0.3826453238093751,0.2201864834235819,2
0.6181303116147309,0.591814946619217,0.6018946395563809,0.5624479147795209,0.3658187573719919,0.3720493211082218,0.3328650826613321,0.3385343849354578,2
0.6396600566572238,0.4715302491103202,0.554759704251385,0.4176600601471066,0.3016190658615023,0.3548576238525856,0.1969393522045965,0.2317009714448245,2
0.6028328611898017,0.6832740213523131,0.3976432532347544,0.5970868509728613,0.4119000332684766,0.2397124200803279,0.4079739337608162,0.2374275578845435,2
0.8660056657223798,0.7439501779359431,0.3098428835489848,0.4185296568716257,0.6442650691076993,0.2683256926371803,0.3113652127011151,0.1296784357358716,2
0.7260623229461758,0.5967971530249109,0.2140326555760943,0.5156346244429144,0.4333119272529311,0.1554010470939178,0.3077292758686004,0.110362647976499,2
0.2141643059490085,0.345373665480427,0.7300523721503431,0.8137613681655134,0.0739667113606806,0.1563511595880055,0.2810517465496905,0.5940884171935418,4
0.8257790368271956,0.8258007117437721,0.2879698089956868,0.3130185876299864,0.6819289163549846,0.2377994315077697,0.2584909724538731,0.0901399028919068,1
0.2903682719546743,0.4035587188612098,0.4034966112138036,0.9995652016377404,0.1171806478279717,0.1171626137377192,0.4033832521911734,0.4033211715480705,4
0.518130311614731,0.5976868327402135,0.6638170055452903,0.7204246530671401,0.3096796648957084,0.3439437119383389,0.4305883291196661,0.4782301359200336,2
0.2218130311614731,0.2010676156583629,0.9299907578558226,0.5644769738033986,0.0445994172975915,0.2062840689521555,0.1134980392166975,0.524958368659584,4
0.7424929178470255,0.8258007117437721,0.2953635243376489,0.5978115149099603,0.6131511800227838,0.2193053250110418,0.4936731745012678,0.1765717159334348,1
0.6637393767705383,0.8145907473309607,0.3640634627233545,0.6989746005290047,0.5406759549564989,0.2416432558529234,0.5693782422102817,0.2544711134242629,2
0.6558073654390936,0.6211743772241992,0.670594577942083,0.5624479147795209,0.4073707318056718,0.4397808634379383,0.3493782331842184,0.3771745220259775,2
0.7277620396600567,0.4259786476868327,0.2189617991374,0.4067901010906191,0.3100110894922021,0.1593520855478698,0.1732838971549719,0.0890714924060867,2
0.5388101983002833,0.3455516014234875,0.3572858903265583,0.0686619080401462,0.1861867268859697,0.1925092814167461,0.0237262322800647,0.0245319309456439,3
0.7543909348441927,0.7914590747330962,0.195240295748615,0.5373745425558896,0.5970695512788202,0.1472875092290543,0.4253099582364051,0.1049171646163885,1
0.5688385269121814,0.5816725978647687,0.443545902649415,0.7905721221783397,0.3308777837145766,0.252305997881027,0.4598541401069381,0.3506550255410553,2
0.4266288951841361,0.4749110320284696,0.486367837338264,0.5865067574912133,0.2026107689050638,0.2074985730967211,0.2785385294918234,0.285258023225279,3
0.6138810198300284,0.4638790035587188,0.3147720271102905,0.7778180368853944,0.2847665157823636,0.1932325730164305,0.3608134559003955,0.2448353601933623,2
0.3801699716713881,0.2225978647686832,0.7164972273567471,0.7805717598463711,0.0846250239432217,0.2723907306268427,0.1737536070405355,0.5592775016829016,3
0.61643059490085,0.736476868327402,0.6514941466420225,0.7105692235225913,0.4539868740737753,0.4016009243889635,0.5233177964697517,0.4629316899089352,2
0.5767705382436261,0.6211743772241992,0.6561152187307471,0.846226312547556,0.3582750798947506,0.3784279278571674,0.5256541026874586,0.5552219621528532,2
0.8260623229461757,0.7788256227758005,0.3964109673444227,0.4022971846806042,0.6433585031201796,0.3274601645258744,0.3133193553998228,0.1594750161391762,2
0.6240793201133145,0.4243772241992882,0.5140942698706112,0.2386680676836117,0.2648450495498674,0.3208356024150018,0.1012852920685789,0.1226978859972359,2
0.6158640226628895,0.6496441281138788,0.392406038200864,0.3430196746258921,0.400092446039539,0.2416687612035916,0.2228407174482441,0.1346029915448957,2
0.4393767705382437,0.300355871886121,0.6296210720887281,0.4608500307982173,0.1319693930015223,0.2766408733171721,0.1384190128091442,0.2901608904632969,4
0.5609065155807366,0.2879003558718861,0.5418207024029584,0.6443349396717273,0.1614851854465537,0.3039107622543506,0.1855042584321805,0.3491140095957031,3
0.3127478753541077,0.2807829181494662,0.9281423290203356,0.7989782238486902,0.0878142610869718,0.2902745414273231,0.2243394372301126,0.7415655095194543,3
0.5830028328611898,0.5839857651245551,0.3575939617991395,0.8162252255516504,0.3404653554182251,0.2084782927429544,0.4766639128577432,0.2918772121254109,2
0.5781869688385269,0.7240213523131672,0.5926524953789283,0.716221602231965,0.4186197110683213,0.3426639498777316,0.5185597330038906,0.4244705198070682,2
0.6475920679886686,0.8110320284697509,0.341266173752313,0.6446248052465668,0.5252179085217707,0.2210012671948406,0.5228113634010412,0.2199886407923258,2
0.1402266288951841,0.2466192170818505,0.5236444855206415,0.6643356643356644,0.0345825814321575,0.0734289009441126,0.1638379414180125,0.3478757071640625,5
0.3269121813031162,0.2459074733096085,0.811075169439313,0.4466466176310735,0.0803901484983819,0.2651503528422004,0.1098337412039401,0.362263981074619,4
0.2725212464589235,0.3455516014234875,0.5088570548367208,0.743324033479474,0.0941701531358059,0.1386743588535199,0.2568568101453983,0.3782456784657172,4
0.3220963172804533,0.2233096085409252,0.6524183610597696,0.835936084640748,0.0719272025243716,0.2101415514235008,0.1866725598263591,0.5453800502920376,4
0.7852691218130312,0.8145907473309607,0.4460104744300679,0.3224392188122756,0.6396729607936044,0.3502382535751128,0.2626560042211027,0.1438112689573235,1
0.6589235127478754,0.5603202846975089,0.4416974738139245,0.3018587629986593,0.3692082102567722,0.2910448510173338,0.1691375880218466,0.1333302530651039,2
0.7521246458923513,0.736476868327402,0.6407116451016677,0.3106996630312691,0.5539224037986551,0.4818950191911976,0.2288231148196481,0.1990688922332982,1
0.8742209631728046,0.93576512455516,0.5455175600739395,0.2835972317837602,0.8180654884921315,0.4769028867955177,0.2653803989236289,0.1547072699264003,1
0.5804532577903684,0.8809608540925268,0.3936383240911922,0.797383963187072,0.5113565977437926,0.2284886476098733,0.7024640572489669,0.3138808869261519,2
0.4260623229461757,0.4345195729537366,0.2679451632778828,0.9991304032754807,0.1851324186182492,0.114161338688367,0.4341417161563565,0.2677121590415456,3
0.1470254957507082,0.2571174377224199,0.6333179297597056,0.8186890829377877,0.0378028187472906,0.0931138825907329,0.2104992392962817,0.5184904751230316,5
0.3096317280453258,0.2871886120996441,0.4937615526802261,0.7988332910612703,0.0889227062393515,0.1528842427987215,0.2294158241588772,0.3944331661270678,4
0.8801699716713882,0.8350533807829182,0.3569778188539736,0.4576615094749809,0.7349889105077981,0.3142011567080159,0.3821717907412963,0.1633750074257958,1
0.4433427762039661,0.4969750889679715,0.6518022181146073,0.867386499510852,0.2203303156472735,0.288971804914833,0.431069482764023,0.565364444343838,3
0.7716713881019831,0.702491103202847,0.4370764017252035,0.2931627957534692,0.5420922847378344,0.3372793536259078,0.2059442558068855,0.1281345398876271,2
0.2694050991501417,0.1925266903914591,0.5581484904497849,0.4857784702344287,0.0518676721139596,0.1503680494101262,0.0935253211376604,0.2711365198543521,4
0.5053824362606232,0.5781138790035586,0.4564849044978452,0.909127142287764,0.2921686006068976,0.2306994531513189,0.5255790187353994,0.4150028167236289,3
0.591501416430595,0.6955516014234876,0.4900646950092451,0.2009855429544548,0.4114197574425615,0.289873961240596,0.1397958162649402,0.0984959188092424,3
0.7507082152974505,0.8715302491103202,0.0464417744916829,0.6966556759302873,0.6542649178873509,0.0348642216438979,0.6071564947876418,0.0323539257999053,1
0.7410764872521247,0.7261565836298932,0.4281423290203321,0.4720098554295444,0.538137570191445,0.3172862132343311,0.3427530640583577,0.2020873988241553,2
0.5563739376770538,0.793238434163701,0.4185921133703019,0.7392659154317185,0.4413371911324387,0.2328937423963945,0.5864141371876513,0.3094508818831939,2
0.5563739376770538,0.7240213523131672,0.5513709180529887,0.6169426428493787,0.4028266107487423,0.3067684087977534,0.4466796465754665,0.340164231373899,3
0.5297450424929179,0.3562277580071175,0.5353512014787434,0.5504184934236747,0.1887098888026373,0.2835996449759915,0.1960743458779709,0.294667201770484,3
0.3614730878186969,0.3396797153024911,0.7550061614294528,0.5082430522845031,0.1227850755597673,0.2729144084940458,0.1726398553044691,0.3837266359785113,3
0.5779036827195468,0.4053380782918149,0.5596888478126942,0.5165042211674336,0.2342463681913038,0.323446246328016,0.209358828437618,0.2890816524355938,2
0.3753541076487253,0.2934163701067616,0.6120609981515734,0.827095184608138,0.1101350397709516,0.2297396097877719,0.2426832668005017,0.5062327042576169,4
0.6524079320113315,0.6024911032028469,0.5011552680221811,0.7524547990869235,0.3930699746957951,0.3269576720269357,0.453347322012157,0.3770966865109836,2
0.6410764872521247,0.4016014234875444,0.1915434380776339,0.5199826080655097,0.2574572298448479,0.1227939944390044,0.2088257555878745,0.0995992564894425,2
0.7150141643059491,0.6012455516014233,0.4903727664818262,0.3644697271640276,0.4298990856209611,0.3506234738243993,0.219135802150756,0.1787260284083006,2
0.909631728045326,0.93576512455516,0.4078096118299434,0.4018623863183448,0.85120164729366,0.370956561922365,0.3760488059872198,0.1638833437735389,1
0.3855524079320114,0.2572953736654804,0.4922211953173132,0.7591217073082359,0.0992008508664926,0.189777067089763,0.19531850333945,0.3736557941625794,4
0.709915014164306,0.8830960854092526,0.17151879235983,0.5905648755389687,0.6269231699817527,0.1217637659075733,0.5215255297686657,0.1012929742625772,2
0.1949008498583569,0.2790035587188612,0.9229051139864451,0.7118736186093699,0.054378030707812,0.1798749910545819,0.1986152729500875,0.6569918031266238,4
0.3507082152974505,0.435409252669039,0.2959796672828112,0.8631834486756766,0.1527016019275553,0.1038025008770879,0.3758380603041601,0.2554847499430563,3
0.4651558073654392,0.3496441281138789,0.4721965495995093,0.6188267690858364,0.1626389967033964,0.2196449672641344,0.2163691461305459,0.2922078651621442,3
0.6702549575070822,0.5610320284697509,0.4962261244608754,0.4644733504837131,0.376034498402105,0.3325980199644281,0.2605844259920191,0.2304838106258908,2
0.3062322946175638,0.2752669039145907,0.4050369685767094,0.7298452842494292,0.0842956156180375,0.1240354002921878,0.2009022517320047,0.2956143214623956,4
0.3342776203966006,0.302135231316726,0.6363986444855243,0.8723142142831262,0.1009970461625316,0.2127338245022432,0.2635568569133004,0.5551395835352366,4
0.6260623229461757,0.7532028469750888,0.3502002464571774,0.515199826080655,0.471551924026897,0.2192471797933037,0.3880499757650199,0.1804231060681403,2
0.3660056657223797,0.2519572953736655,0.6191466420209508,0.6238994166455305,0.0922177976268487,0.226611178892654,0.1571960096032155,0.3862852287749103,4
0.5611898016997168,0.43932384341637,0.3169285274183622,0.8947787963332006,0.2465440605687901,0.1778570574548939,0.393097659812575,0.2835809262870559,2
0.3818696883852692,0.237900355871886,0.1228434996919283,0.7247726366897351,0.0908469347635417,0.0469102089475125,0.1724236681946931,0.0890336071719135,4
0.6189801699716715,0.8375444839857652,0.3415742452248942,0.8453567158230371,0.5184234270563448,0.2114276843672504,0.7080238543379067,0.2887520821530492,2
0.6609065155807367,0.6215302491103202,0.646873074553298,0.3208449581506575,0.4107733912675289,0.4275226297260183,0.1994148467651684,0.20754596453384,2
0.5878186968838527,0.4192170818505338,0.4247535428219358,0.2966411826515452,0.2464236387648322,0.24967807403839,0.1243570509478719,0.1259993932781327,2
0.3328611898016997,0.2530249110320284,0.4355360443622906,0.6153483821877606,0.0842221729355901,0.1449730459279579,0.1556984696567607,0.2680064002827922,4
0.7628895184135978,0.8145907473309607,0.4503234750462113,0.2527265480633356,0.6214427429354893,0.3435470590083419,0.2058687076572865,0.1138086973603146,1
0.145042492917847,0.2370106761565835,0.637630930375849,0.4365013225116851,0.0343766193178953,0.0924835797032392,0.1034554735917374,0.2783267443834142,5
0.3317280453257791,0.2480427046263345,0.6801447935921168,0.5515779557230334,0.0822827215630135,0.2256231029168184,0.1368148879498057,0.3751528748452042,4
0.7614730878186969,0.754982206405694,0.434303758471966,0.5107069096706403,0.5748986319599166,0.3307106240149135,0.3855746294897734,0.2218019303475619,2
0.1725212464589235,0.3279359430604982,0.5923444239063471,0.7520200007246638,0.0565759176554797,0.1021919983453159,0.2466143881379991,0.4454548540953017,5
0.5011331444759207,0.7074733096085409,0.5735520640788678,0.6189717018732563,0.3545383242769147,0.2874259493924978,0.4379059584783037,0.3550124972158158,3
0.5796033994334278,0.4202846975088967,0.540896487985215,0.2633066415449834,0.2435984394060064,0.3135054431778328,0.1106637521938168,0.1424216376748634,3
0.7371104815864022,0.6087188612099644,0.440773259396181,0.578100655820863,0.4486930529372032,0.3248985895039272,0.3519007728760093,0.2548113103252316,2
0.66657223796034,0.6923487544483985,0.507316697473815,0.5051994637486864,0.4615004587017229,0.3381632263897696,0.3497742194744019,0.2562961235145259,2
0.61643059490085,0.7569395017793595,0.2824245224892188,0.5646219065908185,0.4666006673858036,0.1740951164126176,0.4273846246685662,0.1594630723558642,2
0.7909348441926346,0.8487544483985764,0.4115064695009245,0.7779629696728143,0.6713094674019335,0.3254748053389749,0.660299531199168,0.3201367950525146,1
0.7314447592067989,0.7046263345195728,0.289202094886015,0.6408565527736512,0.5153952395834382,0.211535356656003,0.451564403733747,0.1853370575835699,1
0.438243626062323,0.2603202846975089,0.3135397412199658,0.6244791477952099,0.1140837055034125,0.1374067931068802,0.1625645895417067,0.1957990303969748,3
0.531728045325779,0.252135231316726,0.270101663585951,0.4482408782926917,0.1340673737058058,0.1436206296177988,0.1130173175339402,0.1210706069140838,3
0.6456090651558074,0.4259786476868327,0.2097196549599509,0.595637523098663,0.2750156765094311,0.1353969103834923,0.253728866601103,0.1249168958254514,2
0.7980169971671389,0.9026690391459076,0.3298675292667923,0.6440450740968875,0.7203452360549637,0.2632398951684289,0.5813595482016923,0.2124495573287884,1
0.8186968838526913,0.7635231316725978,0.3341805298829321,0.534475886807493,0.6250940086498039,0.2735925584593977,0.408084702898746,0.178611435062978,1
0.6546742209631728,0.686476868327402,0.6404035736290865,0.1993912822928366,0.4494187089814804,0.4192557106676541,0.1368775030401714,0.1276908897308185,2
0.6835694050991502,0.6297153024911032,0.317544670363528,0.4869379325337875,0.4304541147056748,0.2170638214128026,0.3066322674799063,0.1546245452739394,2
0.6263456090651559,0.8295373665480427,0.2867375231053621,0.8956483930577195,0.5195770870928392,0.1795967885512622,0.7429738093300868,0.2568160017986682,1
0.2614730878186969,0.2597864768683274,0.8884011090573054,0.9170984455958548,0.067927172280302,0.2322929812067685,0.2382497741227665,0.8147512761820883,4
0.574787535410765,0.7220640569395017,0.3967190388170074,0.5276640457987607,0.4150334196969544,0.2280291585721552,0.3810072416105642,0.2093343730675777,2
0.4997167138810198,0.2800711743772242,0.1530345040049283,0.3043226203847964,0.1399562469125845,0.0764738994517545,0.0852319936807241,0.0465718612680674,3
0.6444759206798867,0.6734875444839857,0.5199476278496604,0.7423095039675349,0.4340465052977528,0.335093726163733,0.4999362050742205,0.3859620657181778,2
0.8512747875354109,0.8633451957295372,0.2676370918053017,0.3843255190405449,0.7349439980643795,0.2278327084631534,0.3318055904599152,0.1028597642225745,2
0.5858356940509915,0.3603202846975089,0.4986906962415318,0.6453494691836661,0.2110884840664159,0.2921508101494299,0.2325325044656448,0.3218297761063054,3
0.4906515580736544,0.4523131672597864,0.3572858903265583,0.8170948222761696,0.2219281602532436,0.1753028787664586,0.3695827470153065,0.2919364510581621,2
0.5308781869688386,0.7699288256227758,0.4802064078866301,0.520417406427769,0.4087384190416663,0.2549311071896727,0.400684362564583,0.2499077733423554,3
0.3997167138810198,0.2818505338078292,0.589263709180532,0.6117250625022645,0.1126603691792767,0.2355385534429831,0.1724150354098909,0.3604673793287771,4
0.469971671388102,0.3261565836298932,0.6062076401725243,0.3083807384325517,0.1532843547427741,0.2849004178601183,0.1005804081044247,0.1869427597198576,3
0.3093484419263457,0.3377224199288257,0.5606130622304413,0.9041994275154897,0.1044739044085772,0.1734247773245444,0.3053684187587899,0.5069060099264706,4
0.1662889518413597,0.2597864768683274,0.8261706715958148,0.8162252255516504,0.0431996209409938,0.1373830550217402,0.2120442756771191,0.6743413427674525,4
0.3458923512747875,0.346797153024911,0.6046672828096114,0.6459292003333454,0.1199544826751887,0.2091497881899533,0.2240064077312616,0.3905722544529491,4
0.8252124645892353,0.6953736654804269,0.5375077017868151,0.3275118663719699,0.5738310163015535,0.4435580553271933,0.2277431270074124,0.176040150601508,2
0.2155807365439094,0.285409252669039,1.0,0.820863074749085,0.0615287369068381,0.2155807365439094,0.2342819167077458,0.820863074749085,4
0.2637393767705382,0.2879003558718861,0.7152649414664225,0.6363636363636362,0.0759306604296674,0.1886435298881697,0.1832093173730184,0.4551685991149961,4
0.0597733711048158,0.2838078291814947,0.0710874922982149,0.9289829341642816,0.0169641506961176,0.0042491390580519,0.2636526298918202,0.0660390671775764,5
0.5260623229461756,0.7327402135231317,0.5248767714109697,0.675930287329251,0.3854670188420553,0.2761178936289435,0.4952813030643871,0.3547801069122663,2
0.6739376770538245,0.8596085409252668,0.2731823783117697,0.7776731040979745,0.5793225832468017,0.1841078974514731,0.668494442330483,0.2124465881265811,1
0.6065155807365439,0.6012455516014233,0.5442852741836148,0.6379578970252546,0.3646647948948009,0.3301174991578242,0.3835693476954332,0.347231088899993,2
0.6609065155807367,0.6229537366548042,0.2993684534812075,0.6667995217218015,0.4117141834605265,0.1978545614650587,0.4153852536562325,0.1996187415998645,2
0.1730878186968839,0.301067615658363,0.358518176216883,0.7321642088481468,0.0521111368745778,0.0620551290845653,0.2204309326283032,0.2624941768475146,5
0.6504249291784703,0.7891459074733095,0.3988755391250791,0.7883981303670422,0.5132801709798069,0.2594385942864537,0.62216115803876,0.3144727292953583,2
0.8087818696883853,0.791103202846975,0.4038046826863848,0.3341787745932822,0.6398299275150463,0.3265899062520194,0.2643698989042228,0.1349429540351652,2
0.56657223796034,0.7064056939501778,0.5449014171287772,0.5108518424580599,0.4002298549292792,0.308726015370412,0.3608686502773127,0.2783638928982436,2
0.7169971671388102,0.7999999999999997,0.4013401109057319,0.311714192543208,0.5735977337110479,0.2877597225785857,0.2493713540345662,0.1251034086061817,1
0.2028328611898017,0.2544483985765123,0.7614756623536678,0.6924526250951122,0.051610496708437,0.1544522873215938,0.1761934615455533,0.5272858213428365,5
0.6090651558073654,0.6229537366548042,0.2543900184842869,0.747672017102069,0.3794194146764388,0.1549400962439707,0.4657650768459686,0.1902002982507794,2
0.5379603399433428,0.7845195729537365,0.51717498459643,0.7437588318417334,0.4220404161583982,0.2782196305236885,0.5834933611370466,0.3846534624012072,2
0.2124645892351275,0.2852313167259787,0.6588878619839811,0.9060835537519476,0.0606015545451796,0.1399903389484379,0.2584434051004221,0.5970074555104684,5
0.7277620396600567,0.6081850533807828,0.2454559457794225,0.6020145657451357,0.4426139949391589,0.1786335197471208,0.3661362608037141,0.1477680546079606,2
0.2453257790368272,0.2793594306049822,0.7802680221811471,0.7246277039023152,0.0685340699444517,0.1914198603991142,0.2024315827627464,0.5654038253415254,4
0.3413597733711048,0.448932384341637,0.6866142945163318,0.9573897604985688,0.1532474569778109,0.234382499969456,0.4298032679248913,0.6573574949818848,4
0.6121813031161474,0.43932384341637,0.3042975970425132,0.8012971484474076,0.2689458429526277,0.186285299492598,0.3520289429744926,0.2438327967895641,2
0.3895184135977338,0.2800711743772242,0.204482439926064,0.6631762020363057,0.1090928795378706,0.0796496756085943,0.1857365377233354,0.1356078878932841,3
0.4291784702549576,0.3736654804270461,0.7084873690696263,0.8398492699010833,0.1603691792767634,0.3040675252522617,0.3138226809238922,0.595022599647265,3
0.4779036827195468,0.6537366548042703,0.7044824399260641,0.7610058335446936,0.3124231548597179,0.3366747524519179,0.4974974079080434,0.5361152464135339,3
0.4679886685552408,0.4320284697508897,0.8763863216266152,0.4551976520888438,0.202184428336677,0.4101388677980647,0.196658345066141,0.3989289959272135,4
0.3390934844192635,0.2622775800711744,0.5415126309303773,0.7347729990217036,0.0889366185113869,0.1836234048792242,0.1927144840850518,0.3978888598368462,2
0.2940509915014164,0.2793594306049822,0.7528496611213846,0.6350592412768579,0.0821459175546661,0.2213761893042485,0.177409788043535,0.478104134587286,4
0.3895184135977338,0.2790035587188612,0.8899414664202112,0.4876625964708866,0.1086770235802929,0.3466485881948415,0.1360595998694573,0.4339911662215885,3
0.8798866855524079,0.8085409252669037,0.3890172520024642,0.4157759339106489,0.711424394866573,0.342291100487154,0.336171858307827,0.1617440112586788,1
0.6784702549575071,0.5686832740213522,0.4626463339494755,0.1804050871408383,0.3858346859153367,0.3138917761498566,0.1025933556053592,0.0834637521915445,2
0.2679886685552408,0.2727758007117437,0.5371996303142339,0.8039059386209644,0.0731008236468298,0.1439634136762791,0.2192860861042594,0.4318579730345993,4
0.7048158640226629,0.8007117437722419,0.3052218114602603,0.5380992064929889,0.5643543395199258,0.2151251747629256,0.4308623539534608,0.1642396145511187,2
0.1314447592067988,0.1852313167259787,0.6761398644485546,0.5315772310590964,0.0243476858246045,0.0888750416725578,0.0984647504506262,0.3594205569522354,5
0.6246458923512748,0.8820284697508897,0.6151417128773886,0.5837530345302364,0.5509554605667738,0.384245744162788,0.5148867957591426,0.359090841558303,2
0.718130311614731,0.3927046263345195,0.3776186075169434,0.2120004347983621,0.282013095682155,0.2711793682876633,0.0832535515302464,0.080055308981544,2
0.9110481586402268,0.8350533807829182,0.3717652495378942,0.1906953150476465,0.7607738449285738,0.3386960460379229,0.1592407675300009,0.0708938913843956,1
0.2424929178470255,0.2610320284697509,0.6333179297597056,0.8595601289901809,0.0632984182351577,0.1535751127122685,0.2243727240620276,0.5443748413960469,4
0.6611898016997168,0.8145907473309607,0.4549445471349358,0.5676654951266349,0.538599094694182,0.3008046949045156,0.4624150599092053,0.258256321604516,1
0.2467422096317281,0.286832740213523,0.649645717806532,0.5482445016123771,0.0707737441150081,0.1602950198893738,0.1572544727044753,0.3561646927834571,4
0.7668555240793201,0.7330960854092526,0.2879698089956868,0.4056306387912605,0.5621787827770105,0.2208312387964091,0.2973662334199276,0.1168093775755177,1
0.5121813031161474,0.7601423487544482,0.4848274799753547,0.7114388202471105,0.3893306987388222,0.248319570480295,0.5407947758177323,0.3449250903770459,2
0.4957507082152975,0.3238434163701068,0.5156346272335206,0.1504040001449327,0.1605456030163419,0.2556262316313487,0.048707345242665,0.0775535105491627,3
0.1509915014164305,0.2822064056939501,0.6065157116451054,0.9555056342621112,0.0426107689050638,0.0915787179339492,0.2696498106654285,0.5795291797453922,2
0.7470254957507083,0.8145907473309607,0.4512476894639547,0.244465379180405,0.6085200568588509,0.3370935289281724,0.1991392359231128,0.1103144375090873,1
0.6875354107648726,0.5686832740213522,0.4709642637091846,0.2304068988006811,0.390989888399383,0.32380460850487,0.1310285495670777,0.1085134154471793,2
0.7705382436260624,0.7016014234875446,0.6379390018484301,0.1905503822602268,0.5406107285796378,0.4915563980248527,0.1336904194398709,0.1215595206609258,2
0.5674220963172805,0.596085409252669,0.5304220579174377,0.5580999311569259,0.3382320325022934,0.3009731960364384,0.3326752258675625,0.2960285140078369,2
0.4252124645892352,0.4233096085409252,0.7322088724584113,0.5928838001376859,0.1799965219319911,0.311344339252146,0.2509734093465399,0.4341147787976731,3
0.7711048158640228,0.754982206405694,0.4296826863832415,0.3314250516323054,0.5821704152510764,0.331330388763508,0.2502200167394789,0.1424076065200735,2
0.3674220963172805,0.2813167259786476,0.6009704251386339,0.5254900539874633,0.1033619811881886,0.2208098134291241,0.1478291415220959,0.3158039811509694,4
0.3892351274787536,0.3265124555160142,0.8449630314232905,0.7021631218522411,0.1270901172461766,0.3288892932508785,0.2292650050887655,0.5933018799939109,4
0.8048158640226629,0.7999999999999997,0.45340418977203,0.5044747998115873,0.6438526912181302,0.3649068847428717,0.4035798398492696,0.2287309878689797,2
0.6844192634560907,0.7608540925266903,0.498998767714113,0.4465016848436537,0.5207431976046697,0.3415243690643901,0.3397226342333564,0.2228037905192584,2
0.4929178470254958,0.4946619217081849,0.5011552680221811,0.7315844776984672,0.2438276894538928,0.2470283757389788,0.3618869836302025,0.3666374150018427,3
0.4852691218130312,0.4153024911032028,0.3360289587184262,0.8944889307583608,0.2015334751444154,0.163064477701038,0.3714834812081874,0.3005741839878904,3
0.5776203966005666,0.332562277580071,0.3212415280345055,0.6372332330881552,0.1920947546701883,0.1855556588278631,0.2119197353455091,0.2047057775116071,2
0.7107648725212464,0.93576512455516,0.6333179297597056,0.6437552085220479,0.6651089794642766,0.4501401376110768,0.6024036728856672,0.407701715933211,1
0.418413597733711,0.3704626334519573,0.4155113986444867,0.9439110112685244,0.1550066032885385,0.1738556192062059,0.3496837589788377,0.3922057844881164,3
0.2524079320113315,0.1850533807829181,0.7023259396179959,0.4507047356788288,0.0467089411551218,0.1772726380168936,0.0834044350722387,0.3165416269759139,4
0.3351274787535411,0.154270462633452,0.659504004929147,0.4498351389543099,0.0517002711884911,0.2210179143997679,0.0693962749952645,0.2966680756982267,4
0.638243626062323,0.8083629893238434,0.3052218114602603,0.7898474582412405,0.5159325254806287,0.1948058756997072,0.6384834524537287,0.2410786719816737,1
0.8240793201133145,0.8597864768683275,0.5556839186691356,0.1411283017500633,0.7085322553002734,0.4579276258947636,0.1213402053480971,0.0784227277515954,1
0.1685552407932011,0.2535587188612099,0.7614756623536678,0.7175259973187433,0.0427386509128668,0.1283507136261847,0.1819349726297525,0.5463785840642662,5
0.2059490084985836,0.1925266903914591,0.7186537276648188,0.5392586687923475,0.0396506809956347,0.1480060226663805,0.1038216867674946,0.3875402525031884,4
0.2164305949008498,0.2434163701067615,0.8061460258780073,0.6470886626327041,0.0526827497908118,0.1744746639577329,0.1575119733952916,0.5216479537720691,5
0.7620396600566574,0.4638790035587188,0.2922828096118302,0.4873727308960469,0.353494198179307,0.2227310928770037,0.2260819767697498,0.142450671114487,2
0.6654390934844193,0.4259786476868327,0.2081792975970415,0.5495488966991557,0.2834628451604448,0.1385306430751984,0.2340960958536972,0.1144047033100593,2
0.6419263456090651,0.4135231316725979,0.1718268638324112,0.635928838001377,0.265451392739407,0.1103001907774061,0.2629712846112456,0.109269657854366,2
0.3903682719546743,0.4749110320284696,0.5162507701786829,0.6868002463857386,0.1853901989051646,0.2015279210499221,0.3261690138084583,0.3545611561555467,3
0.7906515580736544,0.93576512455516,0.5541435613062227,0.6024493641073951,0.7398641537205245,0.4381344701432486,0.5637511042421336,0.3338434361331411,1
0.8781869688385271,0.8177935943060496,0.332024029574864,0.2337403529113372,0.7181756777191939,0.2915791761139032,0.1911513633417269,0.0776074138478729,1
0.7759206798866856,0.8083629893238434,0.2429913739987661,0.4721547882169643,0.6272255602713901,0.1885420321197224,0.3816724560266314,0.1147295407289365,1
0.66657223796034,0.8026690391459074,0.2941312384473207,0.7649190188050292,0.5350368977649632,0.1960597178658769,0.6139768138486631,0.2249865783130326,1
0.2424929178470255,0.2218861209964412,0.2953635243376489,0.867096633936012,0.0538058129101851,0.0716235628422174,0.1923967086331328,0.2561087177406527,4
0.3203966005665722,0.4873665480427046,0.8249383857054866,0.5266495162868219,0.1561505852227475,0.2643074544569136,0.2566713567810685,0.4344534017982262,3
0.3679886685552408,0.3354092526690391,0.7602433764633432,0.8417333961375411,0.123426804310788,0.2797609478826863,0.2823251693450649,0.639922239161561,4
0.2747875354107649,0.2793594306049822,0.7513093037584717,0.6804232037392659,0.0767644894296976,0.2064504319109681,0.1900826387670191,0.5112082834624566,4
0.356657223796034,0.2829181494661921,0.7546980899568716,0.6079568100293489,0.1009048017501234,0.2691685255681873,0.1720020156488726,0.4588238433054222,3
0.5821529745042493,0.5948398576512456,0.6092883548983394,0.6150585166129205,0.3462877924853568,0.354699028134869,0.3658613204692159,0.3747479917532993,2
0.5325779036827195,0.34288256227758,0.3582101047443018,0.6721620348563355,0.182611676227153,0.1907747866626876,0.2304726407772523,0.240775232911031,3
0.3413597733711048,0.2921708185053381,0.4262939001848451,0.3875140403637812,0.0997353643906324,0.145519589156583,0.1132202943553965,0.1651948716430637,4
0.2963172804532578,0.2572953736654804,0.4703481207640188,0.788687995941882,0.0762410653977599,0.1393722760110945,0.2029257726213454,0.3709579167604042,4
0.3206798866855525,0.448932384341637,0.7192698706099847,0.8156454944019711,0.143963586140151,0.2306553806035418,0.3661696765793902,0.5866692292221227,4
0.6597733711048159,0.6229537366548042,0.2747227356746791,0.5995507083589984,0.4110082868750819,0.1812547454352203,0.3734923540862728,0.1647102107760757,2
0.1886685552407932,0.2964412811387901,0.2605514479359208,0.8923149389470633,0.0559291482261853,0.0491578652479669,0.2645189836807487,0.23249394935751,4
0.5487252124645893,0.6181494661921708,0.4346118299445471,0.6815826660386246,0.3391941971711714,0.2384824687259455,0.4213199611776124,0.2962238897455297,3
0.2609065155807366,0.3142348754448398,0.4746611213801621,0.512735968694518,0.0819859264262599,0.1238421792609431,0.1611195232588111,0.2433758298724836,4
0.7614730878186969,0.5866548042704626,0.5162507701786829,0.0425740063045761,0.4467218452915024,0.3931110680567422,0.0249762453356205,0.0219788635443295,2
0.4827195467422098,0.2800711743772242,0.1551910043130036,0.4433131635204174,0.135195830350932,0.0749137312604414,0.1241592383240457,0.0687982150719083,3
0.7937677053824362,0.6637010676156582,0.3409581022797319,0.2305518315881009,0.5268244735011541,0.2706415304781328,0.1530174967657679,0.0786085149753952,2
0.7314447592067989,0.8295373665480427,0.2630160197165772,0.7495561433385267,0.6067607593277751,0.1923816892091224,0.6217848292249486,0.1971452733750074,1
0.4501416430594901,0.4243772241992882,0.5621534195933471,0.5325917605710351,0.1910298609780931,0.2530486639472602,0.2260198129825477,0.2993982794522485,3
0.591501416430595,0.4053380782918149,0.51717498459643,0.4476611471430123,0.2397580474428639,0.3059097359312595,0.1814541091088579,0.2315191468781075,2
0.2478753541076487,0.2450177935943061,0.4090418977202752,0.8110076452045365,0.0607338723498633,0.1013914052422778,0.1987113038161293,0.3317361062601153,3
0.3696883852691218,0.346797153024911,0.5938847812692565,0.5256349867748832,0.1282068795177078,0.219552305823337,0.1822887169438162,0.31216661914827,4
0.7203966005665723,0.347508896797153,0.3911737523105394,0.3004094351244609,0.2503442279193088,0.2818002413953829,0.1043949513875573,0.1175122859671249,2
0.5929178470254958,0.6496441281138788,0.3927141096734452,0.3459183303742889,0.3851855977740364,0.2328472044041135,0.2247238121346136,0.1358470091326635,2
0.6657223796033994,0.6430604982206406,0.3819316081330868,0.4659226783579114,0.4280997651043924,0.2542604190121116,0.2996164696771338,0.177950597810912,2
0.7739376770538244,0.7640569395017792,0.5559919901417167,0.0857639769556867,0.5913324528948615,0.4303031493108131,0.0655285617522631,0.0476840842300605,2
0.1872521246458923,0.3163701067615658,0.4530961182994488,0.7124533497590491,0.0592409746655509,0.0848432108203783,0.2253989423259055,0.3228098472452647,5
0.8201133144475922,0.8507117437722419,0.3997997535428226,0.2792492481611651,0.6976800278245441,0.3278811009933347,0.2375606148502722,0.1116437805918523,1
0.754957507082153,0.4234875444839856,0.2371380160197169,0.1005471212725097,0.3197151008639722,0.1790291254086531,0.0425804534926286,0.0238435448550568,2
0.4628895184135977,0.2902135231316726,0.4879081947011734,0.3120040581180476,0.1343367979595334,0.225847589275274,0.0905477969378177,0.1522293367358166,3
0.7620396600566574,0.8234875444839856,0.2556223043746186,0.5789702525453819,0.627530168459468,0.1947943339285337,0.4767747915978696,0.1479977101200054,1
0.2220963172804533,0.3437722419928825,0.8006007393715358,0.9698539802166746,0.076350548929864,0.1778104758264261,0.3334088771848069,0.7764658136438964,4
0.154957507082153,0.2348754448398576,0.6792205791743733,0.533606290082974,0.036395713407196,0.105250327707757,0.1253310147525846,0.3624363734012462,5
0.4093484419263457,0.347508896797153,0.4179759704251395,0.8030363418964455,0.1422522254594578,0.1710978122561832,0.2790622732604551,0.3356498942908209,3
0.6813031161473088,0.6220640569395018,0.5852587800369697,0.3218594876625963,0.4238141804361195,0.3987386305917598,0.2002172186598642,0.1883710910927352,2
0.2773371104815864,0.2597864768683274,0.4540203327171923,0.7192651907677814,0.0720484308368534,0.1259166871756745,0.1868553698435873,0.3265610212242829,4
0.5558073654390935,0.6781138790035587,0.4632624768946414,0.9175332439581144,0.3769006885566521,0.2574846967895995,0.6221920271751555,0.4250587232292113,2
0.7419263456090652,0.8693950177935942,0.3625231053604416,0.5049095981738468,0.6450270684423296,0.2689654427589225,0.4389658890885081,0.1830413954562757,1
0.7654390934844193,0.8375444839857652,0.3012168823167016,0.5199826080655097,0.6410892905749398,0.230563177342699,0.4355085651537997,0.1566275400604002,1
0.3005665722379604,0.3163701067615658,0.5843345656192263,0.7002789956157831,0.0950902785478814,0.1756314374283283,0.2215473406058473,0.4091972227154166,4
0.8940509915014164,0.8186832740213522,0.2106438693776979,0.2043189970651109,0.7319445928644157,0.1883263602708256,0.167272545462024,0.0430385441291654,1
0.1586402266288952,0.2749110320284698,0.9007239679605732,0.8376752780897858,0.0436119484237799,0.142891054407343,0.2302861752043984,0.7545142003435085,5
0.3606232294617564,0.3097864768683274,0.6992452248921772,0.7341932678720242,0.1117161997318359,0.2521640711863291,0.2274431457945185,0.5133811367074961,4
0.7031161473087819,0.6425266903914589,0.3471195317313622,0.548389434399797,0.4517708910911051,0.2440653478065838,0.3523548483305456,0.1903566836752841,2
0.7949008498583571,0.7788256227758005,0.1283887861983998,0.6027392296822349,0.6190891494359481,0.1020563552613909,0.4694287559286728,0.0773849580930606,1
0.3728045325779037,0.301067615658363,0.3203173136167585,0.6969455415051269,0.1122393717298599,0.1194157463795054,0.2098277324246752,0.2232437235920993,4
0.9294617563739376,0.7774021352313166,0.1160659272951321,0.1041704409580056,0.7225655540209489,0.1078788406389032,0.0809823232287413,0.0120906388265337,1
0.8583569405099151,0.9375444839857652,0.414279112754162,0.4002681256567266,0.8047478148659685,0.3555993517408246,0.3752691733247851,0.1658227239608401,1
0.0815864022662889,0.2501779359430605,0.8523567467652491,0.6983948693793252,0.0204111177200003,0.0695407204159749,0.1747229868945429,0.5952815788217026,5
0.43314447592068,0.4202846975088967,0.6028188539741244,0.789412659878981,0.1820439950399726,0.261107656579727,0.3317780609669311,0.4758728349409126,3
0.3388101983002833,0.3113879003558718,0.4912969808995697,0.8357911518533281,0.1055013962678818,0.1664564275229137,0.2602552519116234,0.4106216695681138,4
0.5648725212464589,0.6128113879003557,0.6080560690080112,0.6054929526432116,0.3461603137318156,0.3434741647597661,0.3710529766731708,0.3681736645962851,3
0.6563739376770539,0.5816725978647687,0.4552526186075205,0.5624479147795209,0.3817947334993397,0.2988159539132082,0.3271605397534259,0.2560558860337164,2
0.6988668555240793,0.8487544483985764,0.3437307455329659,0.8633283814630965,0.5931663524643875,0.2402220252775713,0.7327538041955463,0.2967525082000789,1
0.3390934844192635,0.2604982206405694,0.6613524337646339,0.5436066524149425,0.0883332493220287,0.2242603011944099,0.141608565682469,0.3595155825852676,3
0.1056657223796034,0.2850533807829182,0.7257393715341998,0.7499909417007862,0.0301203713971752,0.0766857749524805,0.2137874534883736,0.5442979546862712,5
0.5739376770538244,0.793238434163701,0.4395409735058528,0.7202797202797202,0.4552694242537275,0.2522691253039257,0.5713535574745539,0.3165924494482716,2
0.8113314447592068,0.3176156583629893,0.4447781885397432,0.4699807964056668,0.2576915709777907,0.3608625303053328,0.1492732600683478,0.2090372072737783,2
0.5660056657223796,0.642170818505338,0.4373844731977847,0.8785463241421791,0.3634723216355992,0.2475620899289444,0.5641768120692392,0.3842625211647772,2
0.396600566572238,0.5149466192170817,0.6434842883548981,0.5404181310917062,0.2042281209359531,0.2552062333418859,0.2782864895692878,0.3477505764996306,3
0.1430594900849858,0.2263345195729537,0.6995532963647584,0.6696981774701982,0.0323793009587369,0.1000777378652132,0.1515758152566,0.4684895676187481,5
0.2385269121813031,0.3266903914590746,0.4395409735058528,0.9676799884053772,0.0779244503140342,0.104842351187515,0.3161317542192654,0.4253350041458318,4
0.5745042492917848,0.7158362989323844,0.573860135551449,0.59824631327222,0.4112509955339591,0.329685086373467,0.4282464267427298,0.3433097104275507,2
0.2339943342776204,0.2768683274021353,0.7553142329020339,0.95637523098663,0.0647856199530208,0.1767392510983229,0.264790010572099,0.722363823959172,4
0.6858356940509915,0.6087188612099644,0.4389248305606905,0.6633211348237256,0.4174811226598651,0.301030315803805,0.4037760858063995,0.2911481167098286,2
0.6841359773371105,0.6332740213523133,0.5424368453481208,0.2734519366643718,0.433245541520067,0.3711005613358956,0.1731700075780247,0.1483304058785559,2
0.2688385269121813,0.0,0.3619069624152793,0.942316750606906,0.0,0.0972945346549858,0.0,0.3410309928451817,4
0.3770538243626062,0.2790035587188612,0.8945625385089393,0.5580999311569259,0.1051993588257235,0.3372982262763167,0.1557118669135337,0.4992552911574039,3
0.3759206798866856,0.2222419928825623,0.3985674676524979,0.7933258451393168,0.0835453610637847,0.1498297534206416,0.1763103168290047,0.3161938731204552,4
0.8821529745042495,0.7569395017793595,0.2762630930375849,0.2027247364034927,0.6677364330144266,0.2437063092688497,0.1534503609716117,0.0560053627140579,1
0.6229461756373939,0.4135231316725979,0.1699784349969171,0.5240407261132648,0.2576026534130433,0.1058874160221588,0.2167029621863394,0.0890756224993808,2
0.1430594900849858,0.2850533807829182,0.7528496611213846,0.8640530454001956,0.0407795913018055,0.1077022886306796,0.246301241767102,0.6505020424204376,5
0.4388101983002834,0.5912811387900355,0.5732439926062867,0.8117323091416355,0.2594601937636728,0.2515453100700108,0.4799620041419314,0.4653206698198717,3
0.7084985835694052,0.6334519572953737,0.4725046210720904,0.3804123337802093,0.4487998145030396,0.3347688547595746,0.2409729374123745,0.1797465856239673,2
0.3900849858356941,0.2722419928825622,0.598505853357981,0.8153556288271315,0.1061975139374754,0.233468147329728,0.2219740412999129,0.4879951164214156,3
0.6396600566572238,0.6313167259786477,0.665049291435615,0.4430232979455776,0.4038280927081548,0.425405467439552,0.279688017991265,0.2946323303881757,2
0.286685552407932,0.2850533807829182,0.76548059149723,0.3836008551034457,0.0817206859354994,0.2194522262309339,0.1093467206184555,0.2936390094634288,4
0.1376770538243626,0.190747330960854,0.7824245224892188,0.7586869089459765,0.026261530551551,0.1077219030962493,0.1447175029163854,0.593615242450877,5
0.7830028328611899,0.7736654804270463,0.4537122612446111,0.4136019420993514,0.6057822628612907,0.3552579858583867,0.3199895452398541,0.1876562724050594,2
0.5793201133144477,0.6300711743772242,0.6576555760936564,0.7939055762889959,0.3650129041363806,0.3809931028644554,0.5002170187970346,0.5221164291383059,2
0.6750708215297451,0.3852313167259785,0.5513709180529887,0.4511395340410884,0.2600584214611917,0.3722144186176408,0.1737930767257929,0.2487452190542324,3
0.584985835694051,0.5866548042704626,0.5020794824399282,0.5437515852023624,0.3431847509400865,0.293709385619958,0.3189944797886457,0.2730065144742926,2
0.6320113314447593,0.4638790035587188,0.2969038817005547,0.7624551614188919,0.2931767866684141,0.1876466175846848,0.3536869405371977,0.226375897047892,2
0.8509915014164308,0.7640569395017792,0.5498305606900828,0.2304068988006811,0.6502059621142621,0.4679011343662915,0.1760439899377445,0.1266847543544416,1
0.6747875354107649,0.596085409252669,0.552911275415898,0.3128736548425667,0.4022310042039256,0.3730976368387164,0.1864994205912096,0.172991371543037,2
0.4328611898016998,0.30355871886121,0.3733056069008,0.5920142034131672,0.131398788220943,0.1615895091627259,0.1797110731357408,0.221002221499046,3
0.6915014164305949,0.7923487544483986,0.5713955637707961,0.6589731512011303,0.5479102860080852,0.3951208416896639,0.5221365555691518,0.3765343352403879,1
0.1827195467422096,0.2501779359430605,0.8927141096734488,0.5705641508750317,0.0457123990604175,0.1631163174899077,0.1427425615890203,0.5093506679599912,4
0.6059490084985836,0.8507117437722419,0.4648028342575507,0.85158882568209,0.515487937656891,0.2816468165656943,0.7244566148729665,0.3958208997990947,2
0.5413597733711049,0.6850533807829181,0.7263555144793621,0.6060726837928911,0.3708603429677497,0.3932196567053997,0.4151921410324966,0.4402242360482731,2
0.1376770538243626,0.2492882562277579,0.7109519408502791,0.6441900068843074,0.0343212726704505,0.0978817686269789,0.1605890034955363,0.457988135670753,5
0.7872521246458924,0.8288256227758005,0.3129235982748035,0.4563571143882023,0.6524947324912039,0.2463497675936767,0.378240469540969,0.1428049103326623,1
0.6079320113314448,0.7569395017793595,0.2851971657424528,0.5775209246711837,0.4601677537729478,0.1733804865958367,0.4371484009877608,0.1647073308731821,2
0.7541076487252125,0.6752669039145908,0.5091651263093055,0.2728722055146925,0.5092239371729861,0.3839653162139863,0.1842615693822523,0.1389370109871872,1
0.3407932011331445,0.299288256227758,0.5800215650030829,0.7043371136635386,0.1019954029014144,0.1976674058636568,0.2107998265448526,0.4085307149568799,4
0.2722379603399434,0.2667259786476869,0.4509396179913736,0.7470922859523894,0.0726129363967215,0.1227628818384448,0.1992689211107886,0.3368935100316725,4
0.6189801699716715,0.7855871886120996,0.4925292667898944,0.3105547302438494,0.486262891534685,0.3048658492736316,0.2439678174424546,0.1529572935851365,2
0.6878186968838528,0.801423487544484,0.3233980283425772,0.7856444074060656,0.5512340588549596,0.2224392104293987,0.6296338809531885,0.254075852333494,1
0.4728045325779037,0.3855871886120996,0.525492914356132,0.9049240914525888,0.1823073704797717,0.2484554317451514,0.3489271363305622,0.4755311980884958,3
0.409915014164306,0.3137010676156584,0.3261706715958112,0.6682488495959997,0.1285907775750305,0.1337022554671781,0.2096303775512006,0.2179631760658554,3
0.1926345609065156,0.2790035587188612,0.8594423906346265,0.9339106489365556,0.053745728025163,0.1655583075443473,0.26056439457874,0.8026424007611688,4
0.6883852691218131,0.6597864768683274,0.4241373998767699,0.6004203050835175,0.4541872914419364,0.2919699381587963,0.3961491977312603,0.25466070703134,2
0.0903682719546742,0.2718861209964412,0.743607516943932,0.9228957570926484,0.0245698789229078,0.0671985263187292,0.250922547479994,0.6862722223297545,5
0.5988668555240794,0.686476868327402,0.5236444855206415,0.7298452842494292,0.4111082435252486,0.3135933264562708,0.5010219050950706,0.3821794583804587,2
0.3997167138810198,0.2455516014234874,0.2981361675908829,0.5820138410811984,0.0981510792092183,0.1191700091985087,0.1429144307281233,0.1735193760647976,3
0.6022662889518414,0.7101423487544484,0.5030036968576717,0.3944708141599333,0.4276947970118859,0.3029421698355269,0.2801304304826145,0.198420277824902,2
0.6971671388101984,0.6081850533807828,0.3113832409118906,0.6539005036414363,0.4240066335326081,0.2170861631399895,0.3976925127128876,0.2036136580577879,2
0.2784702549575071,0.2293594306049822,0.5057763401109092,0.7917315844776986,0.063869779117478,0.1408436663821597,0.1815911054077853,0.4004391031473415,4
0.4334277620396601,0.4345195729537366,0.3184688847812715,0.9989854704880612,0.1883328460677668,0.1380332560100128,0.43407874002346,0.3181457886990266,3
0.1518413597733711,0.294661921708185,1.0,0.7637595565056705,0.0447418668656054,0.1518413597733711,0.225050858642952,0.7637595565056705,5
0.728328611898017,0.7316725978647688,0.2488447319778188,0.3098300663067501,0.532898087566663,0.1812407382195388,0.2266941695112734,0.077099579808773,1
0.1824362606232294,0.3163701067615658,0.4432378311768339,0.8107177796296967,0.0577173792505519,0.0808626524866518,0.2564868704949467,0.3593407903395651,4
0.6424929178470254,0.6140569395017793,0.6619685767097963,0.4172252617848472,0.3945272347847126,0.4253101223733195,0.2562000673344319,0.2761900127110874,2
0.7473087818696885,0.8293594306049822,0.367760320394332,0.775499112286677,0.6197875858175477,0.2748305170538946,0.6431675022007476,0.2851978020000684,2
0.4518413597733712,0.2702846975088967,0.1819932224276073,0.6175223739990578,0.1221258052483542,0.0822320650912276,0.1669068480613111,0.1123848867652346,3
0.5407932011331444,0.7535587188612097,0.315696241528034,0.4037465125548026,0.4075194318147448,0.1707263810416478,0.3042467047454784,0.1274612565436023,2
0.5807365439093485,0.642170818505338,0.3800831792975998,0.9768107540128266,0.3729320617382274,0.2207281919433653,0.6272793614292332,0.3712693369572808,2
0.2002832861189802,0.2879003558718861,0.6819932224276037,0.7189753251929416,0.0576616293488451,0.136591843698673,0.2069932519861529,0.4903362988742685,5
0.5155807365439095,0.490035587188612,0.6511860751694414,0.401717453530925,0.2526529089754317,0.3357389962629982,0.1968558482249408,0.2615928118918655,3
0.6104815864022664,0.6012455516014233,0.5174830560690111,0.8040508714083843,0.3670493381589426,0.3159138770053029,0.4834320096955391,0.4160827021713622,2
0.6722379603399433,0.6355871886120995,0.4999229821318565,0.5795499836950615,0.4272658352907966,0.3360672058353811,0.3683545447969322,0.2897303561433039,2
0.6427762039660058,0.5925266903914589,0.4506315465187924,0.3878039059386209,0.3808620567983627,0.2896552348586799,0.2297841649066916,0.174756673879149,3
0.3079320113314448,0.3263345195729538,0.590187923598279,0.8076741910938803,0.1004888449789804,0.1817377543771471,0.2635719691220954,0.4766795537856167,4
0.2750708215297451,0.2459074733096085,0.8169285274183622,0.7554983876227399,0.0676419707035778,0.2247132011680538,0.1857826995897911,0.6171881852675919,4
0.7441926345609066,0.6953736654804269,0.4962261244608754,0.4808507554621544,0.5174919601181535,0.3692878269004871,0.3343709523747507,0.2386107068270689,2
0.7606232294617564,0.8820284697508897,0.5276494146642037,0.2912786695170114,0.6708913431391328,0.4013424018054921,0.2569160791451647,0.1536930194748191,2
0.7991501416430595,0.7772241992882564,0.3933302526186075,0.3601217435414325,0.6211188289496236,0.3143299270926605,0.2798953337702807,0.141646776360605,2
0.2186968838526912,0.2715302491103202,0.574784349969196,0.6424508134352693,0.059382819352172,0.1257035462255578,0.1744448294132065,0.3692706731875725,4
0.475070821529745,0.683629893238434,0.5954251386321658,0.6895539693467154,0.3247726150030747,0.2828691097694453,0.4713997064466335,0.4105777677926283,3
0.2011331444759207,0.2624555160142349,0.7996765249537923,0.6844813217870211,0.0527885032209934,0.1608414540275333,0.1796458985117182,0.5473636448024235,4
0.6977337110481587,0.6012455516014233,0.5063924830560715,0.4282401536287545,0.4195092899700583,0.3533271064496046,0.2574774873863987,0.2168575947403785,2
0.6246458923512748,0.8565836298932384,0.4444701170671621,0.813906300952933,0.535061445868156,0.277636432898893,0.697178813663242,0.361757028866251,2
0.7991501416430595,0.8565836298932384,0.4192082563154677,0.1992463495054167,0.6845389291583076,0.335010337412446,0.1706711613023266,0.0835257147533879,1
0.2934844192634561,0.435409252669039,0.3431146025878,0.9460850030798218,0.1277858316615083,0.100698789881292,0.4119341641523706,0.3246155798460106,4
0.673371104815864,0.6355871886120995,0.5070086260012339,0.5812891771440993,0.4279860474025384,0.341404958641624,0.3694599538716588,0.2947186270132176,2
0.3093484419263457,0.2653024911032029,0.270101663585951,0.5450559802891408,0.082070912261954,0.0835555287920279,0.1446047093614073,0.1472205270235682,4
0.2529745042492918,0.346797153024911,0.5341189155884187,0.5862168919163737,0.0877308378615426,0.1351184678811495,0.2032983491717103,0.3131095306099868,4
0.3807365439093485,0.3736654804270461,0.7017097966728301,0.9372441030472118,0.1422681035960198,0.2671665628125449,0.3502157680425523,0.657673368982068,3
0.7235127478753542,0.93576512455516,0.4691158348736906,0.6228848871335917,0.6770379966328269,0.3394112867613048,0.5828739539920922,0.2922051638578793,1
0.8065155807365441,0.7448398576512455,0.5384319162045621,0.3211348237254972,0.600724950349319,0.4342537295848126,0.2391940163905571,0.1729092384985337,2
0.6535410764872521,0.4638790035587188,0.4426216882316716,0.5249103228377838,0.3031639833455989,0.2892714546035315,0.2434948775156765,0.2323366932646916,2
0.9045325779036828,0.7939501779359431,0.4805144793592113,0.1759121707308234,0.7181538011754863,0.4346410007348334,0.1396654992528352,0.0845283451316703,1
0.8713881019830029,0.7185053380782916,0.4349199014171283,0.2189572085945142,0.6260970028126983,0.3789840274105061,0.1573219231858804,0.0952288475764957,2
0.7288951841359774,0.7635231316725978,0.3452711028958717,0.3660639878256457,0.5565283336525763,0.2516664441221184,0.2794983223771967,0.1263913168070216,1
0.4045325779036828,0.344306049822064,0.6453327171903922,0.1677959346353128,0.1392830139223534,0.2610581076906176,0.0577731554304858,0.1082842064317078,3
0.6246458923512748,0.4889679715302492,0.2972119531731358,0.2576542628356099,0.3054318349077052,0.1856522257072987,0.1259846822548498,0.0765779267007561,2
0.7356940509915015,0.8085409252669037,0.3973351817621697,0.7015833907025615,0.5948387487020252,0.2923171294720552,0.5672588838705407,0.2787637640661216,1
0.6317280453257791,0.7699288256227758,0.5368915588416527,0.2046088626399506,0.4863856320506487,0.3391694550189478,0.157534261324389,0.1098527712155806,2
0.1297450424929178,0.1816725978647686,0.8816235366605056,0.6676691184463206,0.0235711189297631,0.1143862832267737,0.1212971832622229,0.5886328095236472,5
0.34985835694051,0.2476868327402135,0.576632778804683,0.6685387151708395,0.08665530833829,0.2017397965506469,0.1655882369248769,0.3855013370674737,4
0.3291784702549575,0.3238434163701068,0.4962261244608754,0.5101271785209608,0.106602280402851,0.1633469565505771,0.1652013282754713,0.2531384327796175,4
0.5184135977337111,0.2967971530249109,0.4275261860751698,0.4224428421319612,0.1538636798967668,0.2216353882486008,0.1253798328605179,0.1806053771314324,3
0.1560906515580736,0.2501779359430605,0.9007239679605732,0.6572339577520925,0.0390504370268063,0.1405945910329392,0.1644254349821071,0.5919863783048964,4
0.3371104815864023,0.3508896797153024,0.8144639556377093,0.750280807275626,0.118288588912524,0.2745643363197944,0.2632657921614829,0.6110766741327602,4
0.5575070821529745,0.7637010676156583,0.2392945163277886,0.7170911989564839,0.4257687538435171,0.1334083875731127,0.5476433142208591,0.1715959916172058,2
0.3807365439093485,0.2530249110320284,0.4678835489833659,0.6070872133048297,0.0963358301493048,0.1781403653919671,0.1536081881351366,0.2840461199034854,4
0.509915014164306,0.5567615658362989,0.7303604436229243,0.5337512228703937,0.2839010817295575,0.3724217559550322,0.2971721666123597,0.389830779919899,3
0.6770538243626063,0.8250889679715302,0.3945625385089357,0.6395521576868728,0.5586296412045205,0.267140075647693,0.5276874297498272,0.2523433228457996,1
0.2036827195467422,0.1946619217081849,0.9302988293284038,0.6482481249320626,0.0396492696057181,0.1894857955487598,0.1261892257430028,0.6030644717386308,5
0.7660056657223797,0.5663701067615657,0.3477356746765281,0.3947606797347729,0.4338427106751484,0.2663674969760147,0.2235806483266516,0.137272371303336,2
0.3640226628895184,0.2734875444839857,0.6327017868145433,0.8320228993804122,0.0995556642101761,0.2303177892511864,0.2275478997059952,0.5264223751086037,3
0.5702549575070822,0.5718861209964413,0.5461337030191018,0.6863654480234791,0.3261208956277157,0.3114354516083433,0.392522873656132,0.3748473037534275,3
0.6988668555240793,0.7327402135231317,0.4527880468268641,0.3005543679118807,0.5120878489409535,0.3164385585047801,0.2202282717190613,0.1360874252121031,2
0.6308781869688386,0.4259786476868327,0.1946241528034527,0.5689698902134135,0.2687406369401066,0.1227841326609884,0.2423690244076355,0.110735282853459,2
0.6838526912181303,0.6781138790035587,0.4577171903881698,0.5080981194970832,0.4637300011089492,0.3130111324637513,0.3445483867265808,0.2325652436977174,2
0.5084985835694051,0.6537366548042703,0.7134165126309355,0.6143338526758215,0.3324241629953726,0.3627712861678553,0.401612557781311,0.4382759147671115,3
0.0923512747875354,0.2617437722419928,0.6903111521873093,0.507373455559984,0.0241723710342463,0.0637511149045503,0.1328018421937253,0.3502455546968691,5
0.1079320113314447,0.2850533807829182,0.7392945163277886,0.7978187615493313,0.0307663847247285,0.0797935441135658,0.2274209352316777,0.5898230354368482,5
0.1413597733711048,0.2213523131672596,0.7448398028342602,0.56317257871662,0.0312903128244936,0.1052903857264294,0.1246595530112944,0.4194733524929491,5
0.6504249291784703,0.5660142348754448,0.4235212569316076,0.6063625493677307,0.3681497686328672,0.2754687835453175,0.3432098344375002,0.2568074290644753,2
0.4753541076487252,0.34288256227758,0.2180375847196565,0.7979636943367512,0.1629906344197675,0.1036450615182956,0.2736078361186689,0.1739860766071594,3
0.2651558073654391,0.345373665480427,0.6558071472581659,0.7020181890648212,0.0915778331132236,0.1738910736072643,0.2424585951912486,0.4603885458939441,4
0.6815864022662891,0.3852313167259785,0.5470579174368453,0.4450523569694553,0.262568427207565,0.372867237777068,0.1714481054873434,0.2434694155540696,3
0.3866855524079321,0.2185053380782918,0.5439772027110337,0.8169498894887497,0.0844928573588862,0.2103481251276377,0.1785079117957624,0.4444021156391781,3
0.5898016997167139,0.5880782918149464,0.5168669131238488,0.8573861371788831,0.3468495760789571,0.3048489838877771,0.5042101749779729,0.4431545260788301,2
0.7869688385269122,0.8793594306049822,0.3862446087492337,0.3563534910685169,0.6920284697508897,0.3039624711346661,0.3133628030001086,0.1376396147341828,2
0.5790368271954675,0.6313167259786477,0.6518022181146073,0.6160730461248596,0.3655556339661065,0.3774174883360502,0.3889372184432388,0.4015577779848062,2
0.8419263456090652,0.8830960854092526,0.2161891558841659,0.3931664190731547,0.743501860010283,0.1820153459738643,0.3472037255978766,0.0849983162614255,1
0.4572237960339944,0.4243772241992882,0.4663431916204565,0.4098336896264356,0.194035365398768,0.2132232043273135,0.1739240835870193,0.1911231508539795,3
0.7830028328611899,0.7046263345195728,0.2651725200246453,0.4167904634225877,0.551724416037422,0.2076308343762379,0.293681536504172,0.1105213775080073,1
0.8356940509915014,0.6953736654804269,0.5338108441158376,0.2886698793434543,0.5811196354581472,0.4461025467823571,0.2007334321128503,0.1540951119631463,2
0.1869688385269122,0.2724199288256228,0.7103357979051168,0.5512880901481938,0.0509340376841107,0.1328106590984071,0.1501818622805845,0.3915996653910052,5
0.5960339943342777,0.6177935943060496,0.6511860751694414,0.5211420703648683,0.368225983688365,0.3881290374381034,0.3219582327948082,0.3393604594065754,3
0.4025495750708215,0.2523131672597865,0.3332563154651886,0.6036088264067538,0.1015685582652001,0.1341521881801793,0.1522984547766507,0.2011564534705814,4
0.3770538243626062,0.3279359430604982,0.5994300677757245,0.6443349396717273,0.1236495014769187,0.2260173994927731,0.2113005860880771,0.3862337365576908,4
0.3586402266288953,0.4169039145907472,0.6203789279112755,0.5609985869053227,0.1495185144112991,0.2224928393018909,0.2338825069607065,0.3480317019040645,4
0.2915014164305949,0.2813167259786476,0.5177911275415923,0.6441900068843074,0.0820042240883933,0.1509368470935689,0.1812214236448558,0.3335558700156516,4
0.3844192634560907,0.3314946619217082,0.7858133086876151,0.757237581071778,0.1274329337755688,0.3020817733396866,0.2510202159318011,0.5950473690446201,3
0.5764872521246459,0.7138790035587189,0.6256161429451659,0.5702742853001921,0.4115421451110462,0.3606597311312783,0.4071068385452617,0.3567727987903172,2
0.6940509915014165,0.836832740213523,0.1308533579790491,0.8299938403565348,0.5808045930660429,0.0908189028466488,0.6945660197859044,0.1086074811125793,1
0.3776203966005667,0.2555160142348753,0.1863062230437471,0.5994057755715785,0.0964880586331696,0.0703530298349334,0.1531577746834139,0.1116730261173487,3
0.6991501416430596,0.6494661921708184,0.4817467652495395,0.62433421500779,0.4540743802486062,0.3368133191603013,0.4054839652630663,0.3007709885146133,2
0.6019830028328612,0.5603202846975089,0.4802064078866301,0.4763578390521396,0.3373032875303701,0.2890760953991753,0.266912959995585,0.2287500867598654,2
0.4079320113314448,0.4544483985765124,0.4789741219963055,0.7723105909634407,0.1853840492776708,0.1953888769616657,0.3509753112670155,0.3699167872151618,3
0.1968838526912181,0.29288256227758,1.0,0.6570890249646726,0.0576638472472855,0.1968838526912181,0.19244991727613,0.6570890249646726,5
0.2864022662889519,0.2702846975088967,0.6160659272951321,0.9986956049132214,0.0774101499097718,0.1764426777607305,0.2699321394774346,0.6152623339264366,4
0.7600566572237961,0.8548042704626334,0.4487831176833055,0.3141780499293453,0.6496996763884548,0.3411005962448467,0.2685607387652268,0.1409978047549528,2
0.4572237960339944,0.6012455516014233,0.4872920517560111,0.7697018007898837,0.2749037734517556,0.222801521681077,0.4627797837845225,0.3750695697471989,2
0.906798866855524,0.848220640569395,0.5107054836722149,0.1595347657523822,0.769165515711794,0.4631071538908668,0.135320681199574,0.0814752797061038,2
0.1135977337110481,0.2743772241992882,0.8597504621072076,0.939852893220769,0.0311686308509672,0.0976657040524051,0.2578742279975846,0.8080389592593522,4
0.5269121813031162,0.4039145907473309,0.4839032655576112,0.6528859741294972,0.2128275180708316,0.254974525194662,0.2637101710451883,0.3159336549180258,3
0.8334277620396602,0.8402135231316724,0.2987523105360452,0.429544548715533,0.700257276219088,0.2489884695742337,0.3609091386182823,0.1283274264069283,1
0.135127478753541,0.2617437722419928,0.5331947011706752,0.3518605746585019,0.0353687760225015,0.072049255653941,0.0920973141143516,0.1876101939587819,5
0.3198300283286119,0.286832740213523,0.3723813924830566,0.8152106960397114,0.0917377234280644,0.1190987513069039,0.2338291177964438,0.3035692941583495,3
0.5189801699716714,0.2663701067615658,0.2587030191004302,0.7863690713431646,0.1382408032824896,0.1342617368249258,0.2094652134876721,0.2034360528836782,3
0.7736543909348443,0.8809608540925268,0.3985674676524979,0.4543280553643247,0.6815592330103941,0.3083534714331365,0.4002452316919522,0.1810803825100427,2
0.503116147308782,0.7695729537366548,0.438000616142947,0.9455052719301424,0.3871845795570252,0.2203651825127121,0.7276352848928587,0.414131891671807,2
0.6677053824362607,0.8341637010676154,0.4266019716574263,0.8475307076343346,0.5569755930357988,0.2848444326335846,0.7069793518487116,0.3615582709170208,1
0.3045325779036827,0.285409252669039,0.6875385089340753,0.6246240805826297,0.0869164154728659,0.2093778745337481,0.1782734920381739,0.4294531090080989,4
0.7490084985835694,0.5663701067615657,0.341266173752313,0.5324468277836154,0.4242160233080962,0.2556112644195795,0.3015619666966632,0.1817060916442711,2
0.7203966005665723,0.9218861209964412,0.3837800369685773,0.7297003514620095,0.66412362767534,0.2764738339974765,0.6727006264990517,0.2800444278600739,2
0.4135977337110482,0.3480427046263346,0.8428065311152189,0.7681075401282655,0.1439496738681157,0.3485828712261245,0.2673342257101223,0.6473660514189472,3
0.688101983002833,0.6797153024911032,0.4993068391866941,0.4324432044639298,0.4677134475214985,0.3435740261712408,0.293938263532422,0.21592184954865,2
0.4407932011331446,0.2823843416370106,0.0578404189772037,0.5402731983042863,0.1244730979000534,0.0254956634358439,0.1525646914072779,0.0312496281520737,3
0.8498583569405099,0.7309608540925266,0.4404651879235999,0.3244682778361534,0.6212131904469065,0.3743330208982435,0.2371736094930459,0.1429169809723481,1
0.3405099150141644,0.3508896797153024,0.8406500308071507,0.7153520055074458,0.1194814150192049,0.2862496705467975,0.2510096360962069,0.6013606854677914,4
0.7541076487252125,0.8508896797153026,0.4808225508317925,0.578100655820863,0.641662415694656,0.362591963261822,0.4918998818746205,0.2779638319693194,1
0.2906515580736544,0.2293594306049822,0.485443622920517,0.731874343273307,0.0666636758642243,0.1410949453587678,0.1678622826475609,0.3552837327211683,4
0.3660056657223797,0.5843416370106761,0.6943160813308715,0.7437588318417334,0.2138723498633976,0.2541236195692595,0.4346092533395466,0.5164037175795789,3
0.4203966005665722,0.5610320284697509,0.5116296980899584,0.8156454944019711,0.2358559575776516,0.2150873858259201,0.4576032462365507,0.4173084580493153,3
0.5878186968838527,0.6215302491103202,0.6554990757855848,0.5270843146490815,0.3653471011059247,0.3853146125368522,0.327598845385986,0.3455032811135512,2
0.6218130311614731,0.6430604982206406,0.3770024645717811,0.5414326606036449,0.3998633976187836,0.2344250452507251,0.3481739564807069,0.2041214474472308,2
0.3657223796033995,0.241103202846975,0.5624614910659282,0.4433131635204174,0.0881768370751968,0.2057047549479075,0.1068842235889973,0.2493465829628476,4
0.5898016997167139,0.5895017793594305,0.4321472581638979,0.6020145657451357,0.3476891514522193,0.2548811873929845,0.3548886577070523,0.26015894396149,2
0.5668555240793202,0.5925266903914589,0.4558687615526828,0.4812855538244139,0.3358770276128355,0.2584117257413366,0.2851745363408003,0.2194030493751326,3
0.5402266288951841,0.3930604982206406,0.3261706715958112,0.6528859741294972,0.2123417479055982,0.1762060823606832,0.2566236862726084,0.2129522566573035,2
0.469971671388102,0.3309608540925267,0.477125693160815,0.6760752201166709,0.1555422257618985,0.2242355594769949,0.2237544322806063,0.3225728580270172,3
0.6084985835694051,0.7161921708185052,0.5513709180529887,0.566795898402116,0.4358019215065578,0.3355084226566061,0.4059347848876363,0.3125147748506431,2
0.7036827195467422,0.8774021352313167,0.5797134935305017,0.668973513533099,0.6174127206556914,0.4079343676854862,0.5869587891871372,0.3878129726096472,2
0.6461756373937678,0.8375444839857652,0.3406500308071507,0.7710061958766621,0.5412008407851362,0.2201197507850172,0.6457519864753467,0.262643284377889,2
0.7402266288951842,0.7914590747330962,0.1909272951324716,0.5696945541505127,0.5858590827981814,0.1413294680399853,0.4508899247084486,0.1087702402756567,1
0.7407932011331445,0.7677935943060498,0.3187769562538527,0.4644733504837131,0.5687762745355015,0.2361478018707719,0.3566196632272637,0.148063400928227,1
0.671671388101983,0.8250889679715302,0.4004158964879849,0.7012935251277219,0.5541886524250703,0.2689479010121848,0.5786295508927485,0.2808090755652359,1
0.211614730878187,0.2850533807829182,0.7716420209488639,0.5950577919489837,0.0603214944602946,0.1632908185973941,0.1696232353562761,0.4591715971608823,5
0.5294617563739377,0.4596085409252668,0.3723813924830566,0.878691256929599,0.2433451453227545,0.1971617061050517,0.4038540065212017,0.3272082738181313,2
0.6393767705382436,0.3852313167259785,0.5624614910659282,0.5478097032501176,0.2463079551984514,0.3596248117098583,0.2110334532983103,0.3081218625104448,3
0.676487252124646,0.6081850533807828,0.2198860135551434,0.7323091416355665,0.4114294355448469,0.1487500850905616,0.4453794743968622,0.1610245378442336,2
0.3413597733711048,0.3354092526690391,0.7913585951940867,0.7594115728830755,0.1144952264776748,0.2701379907107293,0.2547136681289318,0.6009668754908823,4
0.8393767705382438,0.6953736654804269,0.5276494146642037,0.2606978513714264,0.5836805016483018,0.4428966616572339,0.1812824204910203,0.1375570686803487,2
0.7101983002832861,0.7855871886120996,0.4882162661737546,0.2009855429544548,0.5579226860766384,0.3467303624072529,0.1578916676412665,0.0981244113361286,2
0.7371104815864022,0.7772241992882564,0.3936383240911922,0.4728794521540634,0.5729001038379725,0.290154934641723,0.3675333535603112,0.1861434750430866,2
0.7889518413597735,0.6024911032028469,0.5033117683302528,0.4353418602123264,0.4753364652747674,0.3970887464021966,0.2622895976297041,0.2191126814916477,2
0.2742209631728046,0.2879003558718861,0.7164972273567471,0.5760715967969854,0.0789483128849818,0.1964785597964111,0.1658512177255378,0.412753701864014,4
0.1079320113314447,0.2838078291814947,0.1373228589032677,0.8405739338381826,0.0306319498351698,0.0148215323632138,0.2385614634291639,0.1154300157142254,5
0.8269121813031162,0.8258007117437721,0.2888940234134303,0.2521468169136562,0.6828646678697085,0.2388899870662331,0.2082230208712238,0.0728437084290757,1
0.7470254957507083,0.827224199288256,0.3656038200862603,0.7495561433385267,0.6179575675702922,0.2731153749482913,0.620050980494806,0.2740405893736898,1
0.1118980169971671,0.2617437722419928,0.5023875539125093,0.4612848291604767,0.0292886090752371,0.0562161710468671,0.1207384312624663,0.2317437569788816,5
0.3660056657223797,0.2069395017793595,0.3206253850893432,0.8649226421247147,0.075741030113012,0.1173507075171194,0.1789866606389757,0.2773161552037288,4
0.6543909348441926,0.5660142348754448,0.4302988293284038,0.6059277510054712,0.3703945842952627,0.2815836531865758,0.3429637323751608,0.2607300019152468,2
0.6603399433427762,0.93576512455516,0.380391250770181,0.7505706728504655,0.6179230893309003,0.2511875369816691,0.7023578591673661,0.2855105170370049,1
0.5555240793201134,0.5610320284697509,0.5384319162045621,0.7665132794666474,0.311666801084754,0.2991118945261038,0.4300385000281742,0.4127152138594699,2
0.6869688385269122,0.5185053380782918,0.5732439926062867,0.5211420703648683,0.356197009869648,0.3938007597932705,0.2702149453813569,0.2987415611310635,3
0.5475920679886686,0.598220640569395,0.3739217498459624,0.915938983296496,0.3275808776829009,0.2047565842640921,0.5479336053101102,0.3424895073863575,2
0.1444759206798866,0.2492882562277579,0.6983210104744337,0.5776658574586035,0.0360161503331888,0.1008905709184025,0.1440053142881678,0.4033962052970722,5
0.3444759206798867,0.5064056939501779,0.6129852125693169,0.4515743324033479,0.1744445676610244,0.2111586454629715,0.2286798131708056,0.2768083881391135,4
0.3634560906515581,0.3097864768683274,0.6370147874306866,0.7020181890648212,0.1125937818192816,0.2315269043267906,0.2174757414878743,0.4471959674796026,3
0.843342776203966,0.7327402135231317,0.1955483672211961,0.3309902532700459,0.6179511659088848,0.1649143028944761,0.2425298688551688,0.0647246035930876,1
0.2396600566572238,0.2861209964412811,0.6200708564386943,0.6656400594224428,0.0685717742179387,0.1486062165855907,0.1904535970731828,0.4127440017259774,4
0.1736543909348442,0.3254448398576511,0.6727510782501547,0.4099786224138555,0.0565149254483683,0.1168261787442903,0.1334254271165376,0.2758135602884343,4
0.2127478753541077,0.1946619217081849,0.9475508317929808,0.6099858690532265,0.0414139102557639,0.2015894262539741,0.1187410214847383,0.5779926176033491,4
0.284985835694051,0.288612099644128,0.627772643253234,0.8570962716040436,0.0822503604084965,0.1789063113633862,0.2473683545447968,0.5380615919473622,3
0.588385269121813,0.3279359430604982,0.57755699322243,0.1886662560237688,0.1929526781123668,0.3398260268903646,0.061870446592848,0.108965515551621,3
0.4926345609065156,0.6023131672597865,0.6447165742452263,0.8463712453349759,0.2967202826812375,0.31760966646245,0.509780545455319,0.5456695698320316,3
0.8036827195467423,0.7629893238434161,0.3819316081330868,0.476792637414399,0.6132013347716068,0.3069518335052599,0.3637876920343313,0.1821021787536971,1
0.6929178470254957,0.8295373665480427,0.2713339494762792,0.7969491648248126,0.5748012460556692,0.188012136096028,0.6610991114614371,0.2162393644237386,1
0.4980169971671389,0.3163701067615658,0.4879081947011734,0.1891010543860284,0.1575576905628421,0.2429865740183181,0.0598259207648324,0.0922639540615755,3
0.311614730878187,0.3377224199288257,0.5741682070240302,0.8581108011159826,0.105239280997651,0.1789192713106043,0.2898032563199529,0.4926999401047178,4
0.824929178470255,0.7939501779359431,0.5057763401109092,0.4483858110801115,0.6549526680310104,0.4172296607373846,0.3559959944910067,0.2267829344857603,1
0.5161473087818698,0.5663701067615657,0.3203173136167585,0.7323091416355665,0.2923304063794824,0.165330919379528,0.4147580067306063,0.2345712969856989,2
0.723229461756374,0.8172597864768684,0.3514325323475091,0.3673683829124242,0.5910663554887947,0.2541663612133685,0.3002354061773602,0.1291052011113226,1
0.4501416430594901,0.4202846975088967,0.5815619223659887,0.7539041269611217,0.1891876442894155,0.2617852392746618,0.3168543679505639,0.4384419333551623,3
0.5325779036827195,0.7161921708185052,0.5544516327788038,0.7631798253559909,0.3814281249684956,0.2952886882787963,0.5465834158465948,0.4231463002724715,2
0.3402266288951842,0.2640569395017794,0.5014633394947658,0.8543425486430667,0.08983920236307,0.1706111815108254,0.2255950786808382,0.4284214675150216,4
0.8487252124645893,0.9026690391459076,0.3230899568699925,0.6115801297148447,0.7661179720343171,0.2742145922896594,0.5520544480504284,0.1975953977321135,1
0.7008498583569406,0.7845195729537365,0.522720271102898,0.3511359107214029,0.5498304315828738,0.3663484279627676,0.2754729947278763,0.1835458584462547,2
0.5271954674220964,0.6690391459074733,0.7217344423906376,0.7657886155295481,0.3527144052503705,0.3804951267107583,0.5123425612795554,0.5526960194183167,3
0.5368271954674222,0.5992882562277578,0.4805144793592113,0.7859342729809051,0.3217142338673091,0.2579532403358939,0.4710011799643572,0.3776527979919798,2
0.6875354107648726,0.9163701067615658,0.1967806531115208,0.700423928403203,0.6300368977649633,0.1352936671676093,0.6418475500491985,0.1378298780861193,2
0.5963172804532578,0.7316725978647688,0.2112600123228603,0.5805645132070001,0.436309013740889,0.1259779960168897,0.4247831456062606,0.1226500662143262,2
0.8079320113314448,0.7999999999999997,0.3338724584103509,0.309105402369651,0.6463456090651556,0.2697462468516489,0.2472843218957207,0.103201780597076,1
0.7198300283286119,0.7569395017793595,0.2716420209488603,0.3786731403311714,0.5448677830088817,0.1955360836348595,0.2866326581795023,0.1028635371186107,2
0.6631728045325779,0.7921708185053379,0.3160043130006151,0.7115837530345304,0.5253461433770527,0.2095654664970084,0.5636958840764641,0.2248635350200761,2
0.3821529745042494,0.2359430604982205,0.6246919285274224,0.5720134787492299,0.090166342383031,0.2387278786355504,0.1349626108223271,0.3573322031835362,3
0.6288951841359774,0.4412811387900355,0.2251232285890338,0.639986956049132,0.2775195830350932,0.1415789142967861,0.2824141727761294,0.1440759298006486,2
0.1756373937677053,0.2715302491103202,0.5763247073321018,0.8010072828725678,0.0476908652828324,0.1012241695597458,0.217497707057569,0.4616402878724148,4
0.4957507082152975,0.344306049822064,0.592036352433766,0.0,0.1706899680420997,0.2935024410082409,0.0,0.0,3
0.5739376770538244,0.8071174377224198,0.4192082563154677,0.7507156056378854,0.4632351073160404,0.2405994128314837,0.6059156560806847,0.3147061800282682,2
0.7223796033994334,0.7612099644128113,0.2716420209488603,0.28374216457118,0.5498825521962234,0.1962286553596583,0.2159873629956419,0.0770762950125194,2
0.5121813031161474,0.4523131672597864,0.367760320394332,0.8957933258451394,0.2316663474237093,0.1883599601339808,0.4051791164231928,0.3294372405199127,2
0.3473087818696884,0.3704626334519573,0.6425600739371546,0.8212978731113445,0.1286649259524361,0.22316675655721,0.3042601729213201,0.5277332220708534,4
0.2906515580736544,0.2749110320284698,0.8847042513863279,0.5341860212326532,0.079903319790711,0.2571406690998222,0.1468536303922507,0.4725966440156755,4
0.8322946175637395,0.7886120996441283,0.4832871226124489,0.3028732925105981,0.6563576058794474,0.4022372708882082,0.2388495431329129,0.1463747620536055,2
0.7050991501416431,0.6565836298932383,0.4339956869993848,0.5866516902786332,0.4629565594346375,0.3060099900684048,0.3851858962861487,0.2546043033518257,2
0.5702549575070822,0.5948398576512456,0.412430683918668,0.8268053190332982,0.3392103777484299,0.2351906421326568,0.4918167582790598,0.3409998831964956,2
0.2940509915014164,0.2645907473309608,0.6422520024645735,0.7286858219500707,0.0778031715947697,0.1888548381184779,0.1928035261992446,0.4679999283149765,4
0.3178470254957507,0.2829181494661921,0.7781115218730754,0.704771912025798,0.0899246922665913,0.2473204327313288,0.1993927651460887,0.5483911450397909,4
0.7575070821529746,0.8713523131672597,0.4577171903881698,0.6112902641400051,0.6600555482745758,0.3467240133422,0.5326491856750186,0.2797980622138053,1
0.3943342776203967,0.237900355871886,0.17151879235983,0.6630312692488858,0.0938122649783754,0.0676357390835363,0.1577353749084981,0.1137223225983741,4
0.4082152974504249,0.2845195729537366,0.1246919285274188,0.7018732562774013,0.1161452421037774,0.0509011526934873,0.1996966791436947,0.0875179299070484,3
0.7260623229461758,0.4016014234875444,0.1786044362292074,0.4098336896264356,0.2915876624358574,0.1296779518570704,0.164589793147129,0.0731981150834655,2
0.6713881019830029,0.6923487544483985,0.5042359827479999,0.4447624913946156,0.4648347161594064,0.3385380394087138,0.3079307569424286,0.2242652519378128,2
0.4909348441926346,0.5567615658362989,0.7371380160197205,0.7508605384253053,0.2733336525762906,0.3618867370431093,0.4180502890983594,0.5534878476023287,3
0.4161473087818698,0.3352313167259787,0.6786044362292074,0.4699807964056668,0.1395056102749186,0.2823994098642226,0.1575522812149958,0.3189310533834214,3
0.3390934844192635,0.3585409252669038,0.5744762784966113,0.5617232508424217,0.1215788916556611,0.1948011629916271,0.2014007741009749,0.3226966826889729,4
0.3252124645892351,0.8145907473309607,0.6998613678373395,0.636653501938476,0.2649150645710886,0.2276036403051744,0.5186120519349364,0.4455691907050941,3
0.7152974504249292,0.9218861209964412,0.3634473197781922,0.8614442552266386,0.6594227919308822,0.2599729412011148,0.7941535029055541,0.3130896057004427,1
0.3359773371104816,0.3480427046263346,0.8221657424522526,0.7853545418312258,0.1169344611010858,0.2762290568125699,0.2733369188295156,0.6456915999729184,4
0.3651558073654391,0.3476868327402135,0.7688693776956264,0.7643392876553499,0.126959866119585,0.2807571183710092,0.2657507060637996,0.5876770724478871,4
0.2739376770538244,0.2160142348754448,0.5381238447319809,0.5592593934562846,0.0591744377123385,0.1474123959931517,0.1208079899743646,0.3009508150091715,4
0.4288951841359774,0.596085409252669,0.5867991373998791,0.820863074749085,0.2556581613621929,0.2516753240859538,0.4893045018522125,0.4816817441861756,3
0.5804532577903684,0.4523131672597864,0.367760320394332,0.7262219645639334,0.2625466514774228,0.2134676760589196,0.328479756925537,0.2670756223654333,2
0.7240793201133146,0.8071174377224198,0.3961028958718415,0.5320120294213558,0.5844170455576503,0.286809915537798,0.4293961860240693,0.2107315054924544,2
0.4759206798866855,0.3327402135231316,0.6160659272951321,0.6354940396391173,0.1583579486455697,0.2931985149733206,0.2114544224421973,0.3915062248208023,3
0.7413597733711049,0.8809608540925268,0.4038046826863848,0.5112866408203195,0.6531089391388507,0.2993645480425692,0.4504235157831676,0.2064599397582367,2
0.2147308781869689,0.2544483985765123,0.6872304374614941,0.6401318888365519,0.0546379280796023,0.1475695953529214,0.1628805339922186,0.4399181179981961,5
0.5773371104815864,0.4167259786476868,0.6447165742452263,0.6499873183811009,0.2405913723750667,0.3722188040543261,0.2708666013609498,0.4190575972095046,2
0.6705382436260624,0.6215302491103202,0.6357825015403584,0.290698938367332,0.4167598015989031,0.4263164819110562,0.1806781835795534,0.1848212982303088,2
0.7280453257790369,0.8177935943060496,0.3289433148490488,0.708105366136454,0.5953908037865574,0.239485642822112,0.579084032520132,0.2329265263993246,1
0.2708215297450425,0.2455516014234874,0.6046672828096114,0.8099931156925975,0.0665006603288538,0.1637569185172771,0.1988951067003174,0.4897763363603341,5
0.1946175637393767,0.3163701067615658,0.4629544054220602,0.6941918185441502,0.0615711794179024,0.090099058505653,0.2196215397458183,0.3213791606029658,5
0.6654390934844193,0.6062277580071175,0.3770024645717811,0.3933113518605745,0.4034076497333482,0.2508721782660379,0.2384362590371845,0.1482793489954955,2
0.3118980169971672,0.4053380782918149,0.6333179297597056,0.7288307547374906,0.1264241428326595,0.1975306064208034,0.2954228575252675,0.4615815847355513,4
0.5240793201133145,0.4329181494661921,0.4515557609365395,0.5488242327620565,0.2268834494369562,0.236651036184872,0.2375959712295521,0.2478247440452828,3
0.6002832861189802,0.4295373665480426,0.5310382008626,0.5147650277183956,0.2578441019023519,0.3187733562685126,0.2211108143971898,0.2733598941865632,3
0.3521246458923513,0.3496441281138789,0.5122458410351207,0.8336171600420306,0.1231183148004395,0.1803743853843215,0.2914693451036636,0.4270169232470387,3
0.5201133144475921,0.4501779359430604,0.5381238447319809,0.7381064531323598,0.2341435383545209,0.279885376466832,0.332279239577379,0.3971926823810711,3
0.1665722379603399,0.2259786476868327,0.7334411583487395,0.7581071777962969,0.0376417690764469,0.1221709351583735,0.1713160348400884,0.5560270066354097,5
0.8087818696883853,0.7772241992882564,0.3908656808379547,0.3995434617196274,0.6286048410674141,0.3161250761451447,0.3105348471158955,0.1561678271893954,2
0.7736543909348443,0.7322064056939502,0.5784812076401771,0.0976484655241131,0.5664747008357446,0.4475445263641144,0.0714988319629404,0.0564878022605991,1
0.7138810198300284,0.7583629893238434,0.2802680221811471,0.533606290082974,0.5413809442198543,0.2000780215004223,0.4046672612693301,0.1495527795449745,1
0.6354107648725212,0.8375444839857652,0.3421903881700565,0.8005724845103084,0.5321847811841561,0.2174314562791605,0.6705150684323883,0.2739482092328489,2
0.5858356940509915,0.5934163701067615,0.3954867529266792,0.6560744954527338,0.3476444910427146,0.231690256388774,0.3893253456111863,0.259468771884611,2
0.6218130311614731,0.7999999999999997,0.4688077634011094,0.6910032972209139,0.4974504249291783,0.2915107763924746,0.5528026377767309,0.3239477102729287,1
0.4611898016997167,0.3266903914590746,0.361290819470117,0.6230298199210116,0.1506662768542134,0.1666236413873514,0.203537855760672,0.2250949541935817,3
0.4008498583569406,0.290035587188612,0.4626463339494755,0.3522953730207615,0.1162607240430272,0.1854517174330051,0.1021781953779076,0.1629881627954182,4
0.6722379603399433,0.6355871886120995,0.5193314849044981,0.5576651327946665,0.4272658352907966,0.3491143381525138,0.3544448139399552,0.2896130614937182,2
0.5991501416430596,0.8083629893238434,0.270101663585951,0.9097068734374434,0.4843307995523878,0.1618314499955485,0.735373367620339,0.2457133398910276,1
0.3668555240793201,0.2540925266903915,0.4145871842267432,0.7366571252581615,0.0932152470436422,0.1520935987460715,0.1871790702613265,0.3054086033013484,4
0.406515580736544,0.4749110320284696,0.5014633394947658,0.6407116199862315,0.1930587339832447,0.2038526606728014,0.3042810166802938,0.321293388611397,3
0.5821529745042493,0.6064056939501777,0.4986906962415318,0.7765136417986158,0.3530208784894094,0.2903142721746027,0.4708822938166693,0.3872401286695991,2
0.6793201133144476,0.7101423487544484,0.503619839802834,0.3505561795717236,0.4824139808252599,0.3421190866422651,0.2489447887314499,0.1765470469978049,2
0.4807365439093485,0.6713523131672597,0.6872304374614941,0.7107141563100112,0.322743590777575,0.3303767853745483,0.4771395928394434,0.4884244005510057,3
0.1325779036827195,0.1946619217081849,0.604051139864449,0.5498387622739953,0.0258078695069208,0.0800838338403858,0.1070326700939057,0.3321307310932647,5
0.498300283286119,0.4329181494661921,0.4922211953173132,0.6430305445849487,0.2157232365187059,0.2452739610660492,0.2783795934119537,0.3165132632811462,3
0.1232294617563739,0.2338078291814946,0.4903727664818262,0.9060835537519476,0.0288120129444617,0.0604283720735394,0.2118494287597969,0.444318698917027,5
0.3824362606232295,0.2845195729537366,0.2519254467036376,0.9288380013768616,0.1088106015545451,0.0963454257931758,0.2642725914949468,0.2339979284121797,4
0.1113314447592068,0.2715302491103202,0.597581638940234,0.7789774991847529,0.0302298549292792,0.0665296272247909,0.2115159544049702,0.4655026506603894,5
0.8073654390934845,0.9231316725978644,0.3421903881700565,0.5315772310590964,0.7453046081880775,0.2762726929984875,0.4907157784225251,0.1819006190384759,2
0.6439093484419264,0.8341637010676154,0.4472427603203925,0.6223051559839123,0.5371258052483541,0.2879837943932726,0.5191043721090001,0.2783214757238574,2
0.5994334277620397,0.8341637010676154,0.4386167590881094,0.9375339686220514,0.5000256066456301,0.2629215473740621,0.78205680514238,0.4112181108520174,2
0.5847025495750708,0.6140569395017793,0.6779882932840415,0.6024493641073951,0.3590406581109553,0.3964214836652299,0.3699382127285801,0.4084536161612289,2
0.3424929178470255,0.2813167259786476,0.613909426987064,0.6049132214935324,0.0963489863195991,0.210259630942595,0.170172206971757,0.3713619291839934,4
0.4524079320113315,0.4754448398576512,0.3076863832409131,0.9989854704880612,0.2150950167854586,0.1391997603500674,0.4749624870363165,0.3073742263246934,3
0.2203966005665723,0.2624555160142349,0.8976432532347509,0.6247690133700496,0.0578443035294829,0.1978375215344578,0.1639740737937408,0.560819689681757,4
0.2861189801699717,0.3396797153024911,0.7540819470117093,0.77289032211312,0.097188813726775,0.2157571576435769,0.2625351645754352,0.5828226389255687,4
0.8342776203966007,0.8007117437722419,0.2950554528650677,0.4247617667306785,0.6680158882179186,0.24615816110131,0.3401117349266998,0.1253282754424866,2
0.6235127478753542,0.6902135231316727,0.740834873690698,0.4195441863835645,0.4303569304285586,0.461919987816778,0.2895750709932112,0.3108129643271347,2
0.6575070821529745,0.7898576512455516,0.4044208256315471,0.8797057864415376,0.5193369995866643,0.2659095570228953,0.6948423462658337,0.3557713404655361,2
0.6702549575070822,0.8007117437722419,0.2734904497843509,0.6749157578173122,0.5366810157974856,0.1833083297988029,0.5404129733412641,0.1845830141720027,2
0.7172804532577904,0.6081850533807828,0.2285120147874337,0.6102757346280661,0.4362392507535813,0.1639072015415813,0.3711605802417668,0.1394553376957406,2
0.6456090651558074,0.4167259786476868,0.6527264325323507,0.6166527772745387,0.269042069500872,0.4214061019096961,0.2569752320955462,0.4025055674215759,2
0.6555240793201134,0.9039145907473308,0.2861213801601998,0.6521613101923982,0.5925377798836611,0.1875594543033151,0.5894981238038047,0.1865972941593331,2
0.1626062322946175,0.2790035587188612,0.9278342575477544,0.7559331859849994,0.045367717480064,0.1508716328137141,0.2109080490435015,0.7013807063741004,4
0.9186968838526912,0.8774021352313167,0.5954251386321658,0.0,0.8060666075227082,0.5470152194289274,0.0,0.0,1
0.5135977337110482,0.3476868327402135,0.3575939617991395,0.6308561904416825,0.1785711693365459,0.1836594483687932,0.2193403907692255,0.2255903644655537,3
0.7175637393767706,0.6720640569395017,0.507316697473815,0.6452045363962462,0.4822487977982317,0.3640320664875846,0.4336187782862316,0.3273230345996675,2
0.7577903682719547,0.8693950177935942,0.3246303142329054,0.5570854016449871,0.6588191707076103,0.2460017253747937,0.4843272726756951,0.1808468089905764,1
0.3184135977337111,0.3377224199288257,0.6641250770178715,0.7252074350519946,0.1075354107648725,0.2114664551184384,0.2449188099161363,0.4816284436578389,4
0.7056657223796035,0.8809608540925268,0.4087338262476905,0.5736077394108481,0.6216638774913553,0.2884294507600558,0.5053259640254643,0.2344528860946841,2
0.3028328611898017,0.3258007117437722,0.5261090573012943,0.8659371716366535,0.0986631617150403,0.1593231111204202,0.2821229468446107,0.4555773890519088,4
0.5328611898016998,0.7608540925266903,0.4749691928527433,0.7060763071125764,0.4054296170092648,0.2530926492226658,0.5372210479027361,0.3353644936817061,2
0.4067988668555242,0.2250889679715302,0.7787276648182413,0.5772310590963439,0.0915659371124978,0.316785531637109,0.1299283433731094,0.4495057947106561,3
0.2201133144475921,0.2263345195729537,0.6955483672211962,0.5272292474365013,0.0498192412771062,0.1530994564676684,0.1193301784233504,0.3667134422057185,4
0.6688385269121814,0.8514234875444838,0.1539587184226754,0.907532881626146,0.5694648311876845,0.1029735224351095,0.7726948111354284,0.139722599381599,1
0.8073654390934845,0.8007117437722419,0.2969038817005547,0.4167904634225877,0.6464669885979857,0.2397099328177283,0.333729018754741,0.1237467064459393,2
0.6218130311614731,0.4596085409252668,0.3936383240911922,0.575491865647306,0.2857905799804421,0.2447694394844665,0.264500976684518,0.226535653521519,2
0.7821529745042494,0.9676156583629892,0.3181608133086904,0.4362114569368455,0.7568234653654996,0.2488504265000833,0.4220850360894245,0.1387853919135955,2
0.1980169971671388,0.3017793594306049,0.646873074553298,0.8063697960071017,0.059757442561471,0.1280918637713188,0.2433457605032107,0.5216189091700296,5
0.718130311614731,0.8402135231316724,0.3797751078250186,0.8565165404543644,0.6033827991894589,0.2727280165258987,0.7196567800757132,0.3252836615049682,1
0.5082152974504249,0.4209964412811388,0.3840881084411585,0.8946338635457807,0.2139568316312643,0.1951994522785944,0.3766376728023696,0.3436182283967043,2
0.8110481586402267,0.7736654804270463,0.4330714725816413,0.3504112467843038,0.6274799633038622,0.3512418203969516,0.2711010855904187,0.1517531146540473,2
0.4756373937677055,0.2902135231316726,0.4977664818237848,0.4792564948005362,0.1380364037784924,0.2367563521195849,0.1390867158397997,0.2385578193080619,3
0.5053824362606232,0.3496441281138789,0.5319624152803435,0.37113663538534,0.1767040012904135,0.2688444614334653,0.1297657452904257,0.1974307409586056,3
0.4016997167138811,0.4243772241992882,0.5624614910659282,0.6556396970904743,0.1704722107406772,0.2259406216236505,0.2782385547261176,0.3687720816275217,3
0.1960339943342776,0.2829181494661921,0.7278958718422679,0.872604079857966,0.0554615749095198,0.1426923352166711,0.246875531490065,0.635164907481334,4
0.4016997167138811,0.253914590747331,0.2827325939617999,0.85158882568209,0.1019974191727239,0.1135736029002357,0.2162308281580681,0.2407719176739803,3
0.1062322946175637,0.3649466192170818,0.3104590264941471,0.9466647342295011,0.0387691167723528,0.0329807747692082,0.3454820942890937,0.2939006118052314,4
0.2002832861189802,0.2544483985765123,0.5636937769562564,0.8279647813326572,0.0509617614146159,0.1128984420136185,0.2106743126878468,0.4667185947761665,5
0.1022662889518413,0.2850533807829182,0.7349815157116453,0.7950650385883546,0.0291513514058451,0.0751638320600294,0.2266359771919118,0.5843581071510067,5
0.2028328611898017,0.193594306049822,0.5020794824399282,0.8639081126127757,0.0392672870061395,0.1018382179679854,0.1672476915520817,0.4337505380562776,4
0.4637393767705383,0.6496441281138788,0.361290819470117,0.5089677162216022,0.3012655630941699,0.1675447794539891,0.3306478882428948,0.1838853632775366,3
0.313314447592068,0.2871886120996441,0.5113216266173772,0.7907170549657596,0.0899803413547326,0.1602044529855012,0.2270849335791344,0.4043107307391942,4
0.3518413597733711,0.3704626334519573,0.6308533579790527,0.8134715025906736,0.1303440766989606,0.2219603032889471,0.3013607950878616,0.5131812290295921,3
0.4634560906515582,0.7384341637010675,0.4429297597042527,0.6857857168737997,0.3422318107124495,0.205278494865767,0.5064076023178414,0.3037549027835208,3
0.5076487252124646,0.4329181494661921,0.334796672828098,0.6066524149425703,0.2197703466978516,0.1699591041665585,0.262630840846134,0.2031052100859032,3
0.6671388101983003,0.641459074733096,0.4614140480591508,0.3547592304068987,0.4279422439083403,0.3078272190309633,0.2275635276898344,0.1636908925883961,3
0.7923512747875355,0.8551601423487544,0.4423136167590904,0.313453385992246,0.6775872289375259,0.3504677580949507,0.2680528421848281,0.1386447008436135,2
0.8552407932011332,0.5967971530249109,0.2023259396179924,0.2930178629660495,0.5104052705332028,0.1730373970840563,0.1748722264035818,0.059285114449462,2
0.4767705382436262,0.7535587188612097,0.2134165126309319,0.8473857748469147,0.3592745959896363,0.101750705597127,0.6385549388748546,0.1808461169208886,2
0.321529745042493,0.3265124555160142,0.8480437461491093,0.7901373238160803,0.1049834665752623,0.2726712894842037,0.2579896777940404,0.6700710160612205,4
0.1651558073654391,0.2608540925266904,1.0,0.5801297148447406,0.0430815682558245,0.1651558073654391,0.1513292103135924,0.5801297148447406,4
0.284985835694051,0.2921708185053381,0.4946857670979696,0.4873727308960469,0.0832645448771586,0.1409784367423675,0.1423960897030799,0.2410963532459432,4
0.5311614730878187,0.6010676156583629,0.5886475662353661,0.5424471901155838,0.3192639601584788,0.3126669084111363,0.3260474391833526,0.3193102182727513,2
0.2719546742209632,0.2535587188612099,0.6709026494146677,0.5547664770462697,0.0689564787837851,0.182455111455547,0.1406658771869989,0.3721942992567837,4
0.6883852691218131,0.4804270462633451,0.5233364140480603,0.4124424797999926,0.3307189015353906,0.3602570782257186,0.1981485223238398,0.2158461683796176,3
0.4886685552407933,0.5567615658362989,0.7365218730745582,0.738831117069459,0.272071869990826,0.3599150796185872,0.4113527696281738,0.5441652782297661,3
0.2073654390934844,0.2608540925266904,1.0,0.6318707199536215,0.0540921234361295,0.2073654390934844,0.1648260632476884,0.6318707199536215,4
0.3577903682719547,0.3017793594306049,0.5760166358595207,0.6621616725243666,0.1079737481475507,0.2060932042749503,0.1998267253739013,0.3814161390025993,3
0.1271954674220963,0.2485765124555159,0.4225970425138641,0.914489655422298,0.0316178056919338,0.0537524283537464,0.2273206492215213,0.3864606237909858,5
0.3303116147308783,0.3473309608540925,0.6360905730129396,0.899561578318055,0.1147274505257427,0.2101081042869937,0.312445587344634,0.572202639812756,4
0.5339943342776204,0.2879003558718861,0.5473659889094264,0.7034675169390194,0.1537371588720978,0.2922903368539005,0.2025285484710557,0.385054193074985,3
0.6178470254957508,0.3649466192170818,0.3338724584103509,0.398963730569948,0.2254811831480044,0.206282105323789,0.1456004646617372,0.1332030015419534,2
0.421529745042493,0.3704626334519573,0.4339956869993848,0.9665205261060184,0.1561610194267741,0.1829420912903922,0.3580597393866068,0.4194657397263882,3
0.7422096317280454,0.347508896797153,0.3717652495378942,0.2515670857639769,0.2579244503140342,0.2759277489488053,0.0874218004443144,0.0935239004145657,2
0.5643059490084986,0.6987544483985765,0.7371380160197205,0.5469401065255988,0.3943112921274687,0.4159713676802502,0.3821768324423534,0.4031703450058945,3
0.8084985835694052,0.7855871886120996,0.4016481823783131,0.1170694590383708,0.6351461292631537,0.3247319865460923,0.091968267198293,0.047020735434774,1
0.1943342776203966,0.2010676156583629,0.9207486136783736,0.7710061958766621,0.0390743298418235,0.1789330167091683,0.1550243774627451,0.7099028859908731,5
0.813031161473088,0.6087188612099644,0.4364602587800412,0.4460668864813941,0.4949074027401128,0.3548557911327814,0.2715293271624286,0.1946904687068765,2
0.6886685552407933,0.736476868327402,0.6453327171903922,0.6936120873944707,0.5071884608792959,0.4444203499971228,0.510829257958312,0.4476105730343735,1
0.3201133144475921,0.237900355871886,0.276571164510166,0.8385448748143047,0.0761550714264111,0.0885341121519795,0.1994901241328691,0.2319173325214236,4
0.5552407932011332,0.658896797153025,0.3366451016635885,0.8357911518533281,0.3658463802889317,0.186919093274967,0.5507001130449954,0.2813649972851914,3
0.2980169971671388,0.3585409252669038,0.6031269254467055,0.6962208775680279,0.1068512899095702,0.1797420752322759,0.2496236776333764,0.4199095573194119,4
0.6291784702549575,0.9284697508896796,0.3517406038200903,0.7646291532301894,0.5841731775427701,0.2213076150380795,0.7099350394226207,0.2689511200556312,2
0.2141643059490085,0.2348754448398576,0.613909426987064,0.447951012717852,0.0503019366285927,0.131477486346238,0.1052126933785701,0.2750013495358915,5
0.2677053824362607,0.3480427046263346,0.8230899568699961,0.8381100764520453,0.0931729053461434,0.2203456116833276,0.2916980977829538,0.6898399866792231,4
0.8019830028328613,0.7891459074733095,0.3754621072088753,0.3022935613609188,0.632881604548708,0.3011142281893275,0.2385537268035008,0.113499777544246,2
0.0804532577903682,0.1749110320284697,0.656731361675913,0.9220261603681292,0.0140721623501658,0.0528361775399317,0.1612725472672367,0.6055234957993751,5
0.7478753541076488,0.8085409252669037,0.4170517560073961,0.677669480778289,0.6046878307945116,0.3119027297052481,0.54792350901362,0.2826232469512058,2
0.8220963172804533,0.8224199288256228,0.4007239679605661,0.2556252038117321,0.676108394745597,0.3294336983063917,0.21023126192488,0.1024351459821657,1
0.1354107648725212,0.2492882562277579,0.7217344423906376,0.677669480778289,0.0337563134495377,0.0977306128789588,0.1689350431619898,0.4890974048346713,5
0.5674220963172805,0.6998220640569394,0.3283271719038829,0.6692633791079388,0.3970945026362746,0.1863000921596253,0.4683652793650396,0.2197373525213457,3
0.8447592067988668,0.7973309608540925,0.076632778804683,0.4170803289974273,0.6735526700472815,0.064736245437837,0.3325510594728597,0.0319620245958442,1
0.0818696883852691,0.2587188612099643,0.3246303142329054,0.8675314322982717,0.0211812325466514,0.0265773826666599,0.224446744228058,0.2816270014739104,5
0.8300283286118981,0.8891459074733096,0.1665896487985243,0.4795463603753759,0.7380162914721805,0.1382741277562822,0.4263866837714863,0.0798874597575444,1
0.4645892351274789,0.2823843416370106,0.0,0.4511395340410884,0.1311927252931154,0.0,0.1273947403066204,0.0,3
0.2269121813031162,0.2540925266903915,0.4275261860751698,0.5515779557230334,0.057656689484137,0.0970108994465187,0.1401518364363864,0.2358140197334073,4
0.4237960339943343,0.2250889679715302,0.8049137399876791,0.4976629588028551,0.0953918119222122,0.3411192507143252,0.1120184417945928,0.4005757534233404,3
0.4269121813031162,0.2603202846975089,0.3132316697473847,0.6250588789448894,0.1111339005776617,0.1337224153850733,0.1627155053196393,0.1957882363423361,3
0.5458923512747875,0.7999999999999997,0.4460104744300679,0.8352114207036487,0.4367138810198299,0.2434737065798132,0.6681691365629188,0.3725130419974454,2
0.5943342776203966,0.7788256227758005,0.4299907578558226,0.8740534077321642,0.4628827639047109,0.2555582464536872,0.6807351896163134,0.3758348871972176,2
0.7124645892351276,0.658896797153025,0.3458872458410376,0.620131164172615,0.4694406359319711,0.2464324145298044,0.4086024378881127,0.2144954604358621,2
0.823229461756374,0.7466192170818503,0.5196395563770793,0.0489510489510488,0.614638936215257,0.4277825923036239,0.0365477938431673,0.0254369013611156,2
0.5079320113314447,0.3562277580071175,0.5606130622304413,0.7175259973187433,0.1809394816166463,0.2847533202773884,0.2556026773366769,0.4022544465868121,3
0.6348441926345609,0.8145907473309607,0.3840881084411585,0.4836044784231312,0.5171382053169074,0.2438361051038629,0.3939397334912979,0.1857467293512135,2
0.4096317280453258,0.3354092526690391,0.7285120147874302,0.7399905793688177,0.1373942717732098,0.298421635519157,0.2481996872082244,0.5390920278996952,3
0.3569405099150142,0.3704626334519573,0.595733210104747,0.8365158157904271,0.1322331212888006,0.2126413157880966,0.309897852041934,0.4983402522442223,3
0.2456090651558074,0.2850533807829182,0.7719500924214451,0.4936048407550997,0.0700116943735949,0.1895979405465702,0.1407037286280551,0.3810383024405719,5
0.3521246458923513,0.3466192170818506,0.8221657424522526,0.9115909996739012,0.1220531690744307,0.2895048209258216,0.3159749586058292,0.7494788910596841,4
0.6025495750708215,0.8793594306049822,0.3985674676524979,0.7610058335446936,0.5298576512455516,0.240156658271066,0.6691976564729317,0.3033121679446869,2
0.6787535410764873,0.8597864768683275,0.5319624152803435,0.8169498894887497,0.5835831157440546,0.361071373091134,0.7024024672615017,0.434586636375445,1
0.4569405099150143,0.6537366548042703,0.7054066543438076,0.7462226892278707,0.2987187603963989,0.3223288763333036,0.4878331245948748,0.5263904506036712,3
0.2158640226628895,0.285409252669039,0.9706561922366036,0.779122431972173,0.0616095893863477,0.2095297502788362,0.222368751046862,0.7562600131042316,4
0.3447592067988669,0.2923487544483986,0.4216728280961206,0.763469690930831,0.1007899246922666,0.1453755897430535,0.2231994132027322,0.3219344237404746,3
0.6575070821529745,0.3930604982206406,0.3437307455329659,0.4240371027935794,0.2584400612946478,0.2260053995416469,0.1666722348880813,0.1457545894768759,2
0.826628895184136,0.791103202846975,0.3850123228589019,0.2851914924453784,0.6539487665460263,0.3182623110771319,0.2256159030982477,0.1098022389659921,2
0.4351274787535412,0.6713523131672597,0.7278958718422679,0.9394180948585094,0.2921238393838275,0.3167274955098367,0.6306805110144404,0.683798553181437,2
0.498300283286119,0.3039145907473308,0.5014633394947658,0.3980941338454291,0.1514407266641798,0.249879324127845,0.1209866157665467,0.1996296137914051,3
0.631444759206799,0.7601423487544482,0.4872920517560111,0.4938947063299393,0.4799879023721431,0.3076980122844615,0.3754302821070285,0.2406709647989487,2
0.2906515580736544,0.2603202846975089,0.3939463955637734,0.9001413094677342,0.0756624963455082,0.1145011336681109,0.234325041948629,0.354607424362869,4
0.2192634560906516,0.2733096085409252,0.807378311768332,0.5347657523823327,0.0599268093514663,0.17702855901096,0.1461566184447086,0.4317582703499696,5
0.2198300283286119,0.4873665480427046,0.7827325939618035,0.641146418348491,0.1071378020626455,0.1720681283043511,0.3124733167004477,0.5018461991432339,4
0.5645892351274787,0.7999999999999997,0.4611059765865697,0.7940505090764158,0.4516713881019828,0.2603354706337205,0.6352404072611324,0.3661414354467435,2
0.826628895184136,0.7677935943060498,0.3415742452248942,0.582448639443458,0.6346803705906666,0.2823551409536094,0.447200334376961,0.1989494544001657,1
0.4552407932011331,0.3649466192170818,0.3535890326555773,0.9053588898148484,0.1661385884084562,0.1609681516933463,0.3304076660160594,0.3201249740557596,3
0.444759206798867,0.4946619217081849,0.4996149106592753,0.7492662777636871,0.2200054439325355,0.222208331369706,0.3706334968297241,0.3743446044249123,3
0.1694050991501416,0.3161921708185053,0.7010936537276642,0.7853545418312258,0.0535645660480074,0.1187688399232699,0.2483229574437879,0.5506070852040698,5
0.8427762039660057,0.7309608540925266,0.3696087492298225,0.4782419652885973,0.616036413859849,0.3114974586285332,0.3495761554102415,0.1767624146195306,1
0.8150141643059491,0.7736654804270463,0.4444701170671621,0.2917134678792709,0.6305483249826097,0.3622494410204604,0.2256886402738558,0.1296579192183673,2
0.3269121813031162,0.2540925266903915,0.4062692544670376,0.9005761078299939,0.0830659421531761,0.13281436817421,0.2288296587155216,0.3658763839189181,4
0.4558073654390935,0.7535587188612097,0.2275878003696867,0.8468060436972353,0.3434776143477865,0.1037361956925852,0.6381180774124182,0.1927227248248106,2
0.5702549575070822,0.4441281138790035,0.3551293900184866,0.8089785861806587,0.2532662587077717,0.2025142952145081,0.3592901336489188,0.287292071848355,2
0.8407932011331445,0.7788256227758005,0.3825477510782527,0.3295409253958475,0.6548312884981802,0.3216435482153694,0.2566549164515345,0.1260651398984277,1
0.1889518413597734,0.3048042704626335,0.4269100431300074,0.8336171600420306,0.0575933281582369,0.0806654387443951,0.2540900703117435,0.3558795377474575,5
0.7093484419263457,0.8613879003558716,0.1320856438693809,0.8546324142179065,0.6110241650116439,0.0936947456795835,0.736170020859232,0.1128846727036156,1
0.706515580736544,0.6334519572953737,0.4663431916204565,0.37113663538534,0.4475436774772414,0.3294787308502602,0.235097228108863,0.1730770430728771,2
0.6543909348441926,0.6955516014234876,0.4962261244608754,0.1619986231385194,0.4551626626878913,0.3247258774800629,0.1126784017523972,0.0803879489280253,3
0.6011331444759207,0.7601423487544482,0.4842113370301923,0.5682452262763145,0.4569467603560734,0.2910754836198493,0.4319472609701805,0.2751507807762784,2
0.3167138810198301,0.2702846975088967,0.3267868145409736,0.9128953947606796,0.0856029155283134,0.1034979202993792,0.2467416556301551,0.298322178062967,4
0.6226628895184136,0.4039145907473309,0.4931454097350602,0.4183847240842059,0.2515026261933805,0.3070633457783746,0.168991694603407,0.2063245061853958,2
0.6121813031161474,0.6709964412811388,0.456176833025264,0.6470886626327041,0.410771475809785,0.2792629280928033,0.4341941898199158,0.2951868568063405,2
0.8577903682719549,0.7836298932384341,0.1906192236598904,0.3731656944092176,0.672190174709909,0.1635113340629315,0.2924237932701413,0.0711325549647889,1
0.5657223796033995,0.4638790035587188,0.3246303142329054,0.8340519584042898,0.2624267337412923,0.1836506338592385,0.3868991913807799,0.2707585493433547,2
0.8529745042492919,0.7788256227758005,0.1188385705483661,0.4021522518931844,0.6643183994838344,0.101366270799187,0.3132064780313999,0.0477911987577924,1
0.5943342776203966,0.4523131672597864,0.3615988909426981,0.3946157469473531,0.2688252195215387,0.214910615636765,0.1784898983523436,0.1426926164446872,2
0.2467422096317281,0.299288256227758,0.5541435613062227,0.9349251784484944,0.0738470456584638,0.1367306067698923,0.2798121263612754,0.5180827679403044,4
0.1651558073654391,0.301067615658363,0.3557455329636489,0.7699916663647235,0.0497230651356446,0.0587534407132598,0.231819555069237,0.2739210957284867,5
0.3963172804532578,0.2818505338078292,0.5904959950708601,0.6763650856915104,0.1117022370530178,0.2340237668850236,0.1906338604511303,0.399390874306596,4
0.4388101983002834,0.3709964412811387,0.512861983980283,0.8175296206384288,0.1627970219672759,0.2250490688910647,0.3033005798987764,0.4192798632032727,3
0.4660056657223797,0.6389679715302491,0.6835335797905131,0.6315808543787818,0.2977626949482323,0.3185305208938794,0.4035599373797518,0.4317067223206794,1
0.3461756373937677,0.2923487544483986,0.3437307455329659,0.7559331859849994,0.1012040164124484,0.1189912099267094,0.2209961253689241,0.259837477591734,3
0.6441926345609066,0.596085409252669,0.5640018484288376,0.4256313634551976,0.383993830209793,0.363325836636594,0.2537126454759629,0.2400568757380178,2
0.6456090651558074,0.5686832740213522,0.4795902649414678,0.2025798036160729,0.367147076910669,0.309627822606687,0.1152037459709909,0.0971553016880229,2
0.6580736543909349,0.8007117437722419,0.2972119531731358,0.6485379905069024,0.5269273033379371,0.1955873561533129,0.5192919852813275,0.192753242865537,2
0.8640226628895186,0.6526690391459075,0.4170517560073961,0.0992427261857312,0.5639208411883904,0.3603421687882601,0.0647726547418615,0.0413893532267203,2
0.5484419263456092,0.6902135231316727,0.7497689463955659,0.4524439291278669,0.3785420342161242,0.4112047252753019,0.3122829183428818,0.3392284080452709,3
0.2079320113314448,0.2624555160142349,0.8289433148490488,0.641146418348491,0.054572903329872,0.1723638507363178,0.1682724140683317,0.5314740373293931,4
0.723229461756374,0.683629893238434,0.6034349969192867,0.2498278923149388,0.4944212797274001,0.4364219680268949,0.1707898153512446,0.1507548934294169,2
0.2801699716713881,0.3211743772241991,0.5904959950708601,0.4508496684662487,0.0899834161684795,0.165439246211071,0.144801361491384,0.2662249236083449,4
0.730028328611898,0.8487544483985764,0.3917898952557017,0.8282546469074967,0.6196147913663261,0.2860177224005505,0.70298481596953,0.3245018013569363,2
0.5303116147308783,0.5256227758007117,0.6068237831176866,0.4365013225116851,0.2787438629742018,0.3218057002822406,0.2294350367792736,0.2648793838624141,3
0.2192634560906516,0.2861209964412811,0.5593807763401131,0.7939055762889959,0.0627358785398163,0.1226517622910049,0.227153054568097,0.4440955176052834,5
0.2303116147308782,0.2861209964412811,0.5636937769562564,0.809558317330338,0.0658969886987993,0.1298252239845429,0.2316316324318831,0.4563429855622898,5
0.1388101983002833,0.2733096085409252,0.7969038817005547,0.7178158628935831,0.0379381609589386,0.1106183858451195,0.1961859724919116,0.5720302474861295,5
0.8294617563739377,0.6884341637010675,0.4438539741219998,0.4344722634878074,0.5710298105713104,0.3681598969487862,0.2991055493655385,0.1928422407948439,2
0.4368271954674221,0.2626334519572952,0.5116296980899584,0.7302800826116889,0.1147254342544332,0.2234937661344804,0.1917959789919665,0.3736329781877282,3
0.4662889518413598,0.5843416370106761,0.6601201478743093,0.6024493641073951,0.2724720494389725,0.3078067318416751,0.3520362476385561,0.3976889633213573,2
0.2053824362606233,0.1946619217081849,0.5615372766481848,0.3992535961447878,0.0399801397276017,0.1153298939291598,0.0777194722744479,0.2241957770711383,4
0.3640226628895184,0.290035587188612,0.4922211953173132,0.4528787274901263,0.1055795267811236,0.1791796702500701,0.1313509476528301,0.2229165085789737,4
0.6226628895184136,0.5843416370106761,0.6117529266789923,0.3582376173049748,0.3638478521669875,0.3809158449972876,0.209333155734793,0.2191529108328271,2
0.8362606232294618,0.5967971530249109,0.2112600123228603,0.3069314105583535,0.4990779591301804,0.1766684295685789,0.1831757919951454,0.0648423335768306,2
0.2393767705382437,0.3163701067615658,0.7014017252002454,0.9827529982970398,0.0757316544514229,0.1678992798283874,0.3109136709914833,0.6893046484512575,4
0.904815864022663,0.7046263345195728,0.173367221195317,0.1176491901880502,0.6375570856814492,0.1568654120390488,0.0828987176414019,0.0203965131787816,1
0.4790368271954674,0.6176156583629894,0.582178065311151,0.5708540164498712,0.2958606454084462,0.2788847332694494,0.352568379198844,0.332338686871886,3
0.5354107648725213,0.5839857651245551,0.3301756007393734,0.9750715605637884,0.3126722651800026,0.1767795709341121,0.569427911347038,0.3219448382730271,2
0.76657223796034,0.8293594306049822,0.3643715341959357,0.7456429580781911,0.6357639147923745,0.279317102417621,0.6184060191463432,0.2716910685973462,2
0.306515580736544,0.4035587188612098,0.4956099815157131,0.9995652016377404,0.1236970350730394,0.1519121813031166,0.4033832521911734,0.4953944911074306,3
0.3365439093484419,0.154270462633452,0.6635089340727092,0.5014312112757708,0.0519187845916546,0.2232998905604471,0.0773560249423653,0.3327040885043741,4
0.5237960339943343,0.7466192170818503,0.5107054836722149,0.7208594514293998,0.3910761848114281,0.2675055068866644,0.5382075192522705,0.3681468748019391,2
0.3716713881019831,0.3039145907473308,0.4848274799753547,0.8063697960071017,0.1129563578075065,0.1801965024724265,0.2450675465445069,0.3909502361263639,4
0.6691218130311615,0.7788256227758005,0.1628927911275433,0.8011522156599877,0.5211292127468671,0.108995119728968,0.6239578732996024,0.1305019205268709,1
0.6526912181303117,0.8295373665480427,0.2790357362908224,0.9265190767781442,0.5414317542568529,0.1821241746215453,0.7685821950070655,0.2585319327762824,1
0.3643059490084986,0.3496441281138789,0.5350431300061622,0.5325917605710351,0.1273774359077757,0.1949193952373724,0.1862175817654953,0.2849595625914191,3
0.0515580736543909,0.2327402135231315,0.5929605668515094,0.814775897677452,0.0119996370711642,0.0305719045798795,0.1896311163989513,0.4831299781437693,5
0.7572237960339944,0.8475088967971528,0.3237060998151584,0.5320120294213558,0.6417539040053228,0.2451179617013933,0.4508849281377077,0.1722155390987344,1
0.3810198300283287,0.2818505338078292,0.5880314232902037,0.6507119823181999,0.1073906424848527,0.2240516329533496,0.1834035195715353,0.382639093114561,4
0.7951841359773372,0.7601423487544482,0.4383086876155282,0.3567882894307764,0.6044531368140896,0.3485361150529144,0.2712098883359922,0.1563834068969928,1
0.1087818696883852,0.2733096085409252,0.7870455945779469,0.7827457516576688,0.0297311302208824,0.0856162913081958,0.2139319349726297,0.6160565955167718,5
0.2093484419263456,0.2572953736654804,0.5014633394947658,0.8708648864089279,0.0538643855917252,0.1049805688064113,0.2240695063607312,0.4367068141873509,5
0.4827195467422098,0.34288256227758,0.3742298213185471,0.7766585745860357,0.1655161150484409,0.1806480497243072,0.2663026820689129,0.2906487995928496,3
0.7464589235127479,0.6425266903914589,0.3782347504621093,0.4546179209391644,0.4796197816378171,0.2823367046650589,0.2921041481336872,0.1719522958820278,2
0.3212464589235128,0.3039145907473308,0.5421287738755396,0.9908692343925504,0.0976314860927686,0.1741569488880628,0.3011396178545329,0.537178723112228,4
0.4294617563739377,0.4544483985765124,0.4743530499075774,0.7462226892278707,0.1951682074339923,0.2037164939546423,0.3391197061010643,0.3539730085454747,3
0.4396600566572238,0.301067615658363,0.3406500308071507,0.2777999202869667,0.1323674049580111,0.1497702118449569,0.0836365596308803,0.0946325514039792,3
0.4413597733711049,0.3709964412811387,0.5245686999383885,0.7473821515272292,0.1637429052453297,0.2315235225223822,0.2772761184936427,0.3920532835837943,3
0.6926345609065157,0.7064056939501778,0.5134781269254489,0.3124388564803071,0.4892809976510439,0.3556526969781084,0.2207085872289713,0.1604305188042372,2
0.3373937677053825,0.3496441281138789,0.5285736290819507,0.6643356643356644,0.117967749740405,0.1783374482256667,0.2322810641315978,0.3511503130264707,3
0.260056657223796,0.34288256227758,0.7319008009858301,0.8540526830682271,0.0891688929662375,0.1903356757237937,0.2928397722904757,0.6250818428217327,4
0.2019830028328612,0.291459074733096,0.7898182378311773,0.8634733142505162,0.058869779117478,0.1595298593693001,0.2516671332281753,0.6819869714755892,5
0.5861189801699717,0.6062277580071175,0.4127387553912491,0.5943331280118844,0.3553215952738601,0.2419140183865423,0.3603012397040018,0.2453043155434131,2
0.6178470254957508,0.7699288256227758,0.5011552680221811,0.2812783071850429,0.4756982347544686,0.3096372916590303,0.2165642767241424,0.1409641054261455,2
0.4351274787535412,0.3437722419928825,0.6718268638324112,0.759701438457915,0.1495847489238151,0.2923303294182957,0.2611642667438953,0.5103878348481526,3
0.3019830028328613,0.2293594306049822,0.4876001232285922,0.7497010761259466,0.0692626495821277,0.1472469493942434,0.1719510119441895,0.3655543371036197,4
0.4203966005665722,0.3704626334519573,0.4216728280961206,0.9352150440233342,0.1557412317401429,0.1772698234829016,0.3464622280527725,0.3943547724913572,4
0.6444759206798867,0.8288256227758005,0.3049137399876755,0.8468060436972353,0.5341581563215145,0.1965095633065047,0.7018545465376729,0.258202797827891,2
0.6708215297450425,0.3930604982206406,0.3381854590264943,0.3750498206456755,0.2636734446987187,0.2268620869616822,0.1474172693605511,0.1268363957528621,2
0.1563739376770538,0.2604982206405694,0.6792205791743733,0.7188303924055219,0.0407351325194318,0.1062123965167858,0.1872540381640007,0.4882443954578206,4
0.5300283286118981,0.3279359430604982,0.5849507085643886,0.535345483532012,0.1738153397921224,0.3100404463807283,0.1755590260052487,0.3131507199187956,3
0.3342776203966006,0.281138790035587,0.7263555144793621,0.636653501938476,0.0939784057342755,0.2428043929421097,0.1789879952069024,0.4624367819456093,3
0.5861189801699717,0.3562277580071175,0.5298059149722754,0.4915757817312221,0.2087918502313671,0.3105293025715687,0.1751129386167093,0.2604397568183216,3
0.7487252124645892,0.7101423487544484,0.5088570548367208,0.2547556070872132,0.5317014809512768,0.3809941064967289,0.1809127451752789,0.1296341879255401,2
0.7997167138810198,0.7453736654804269,0.6388632162661736,0.3141780499293453,0.5960877783714575,0.5109095919318436,0.2341800446893286,0.200716799458096,2
0.3560906515580737,0.3466192170818506,0.8526648182378302,0.7321642088481468,0.1234278628532255,0.3036259706869554,0.2537821848462972,0.6242906620577499,4
0.6507082152974505,0.7699288256227758,0.5251848428835508,0.1817094822276168,0.5009990120270584,0.3417420918140273,0.1399033682560316,0.0954310658741623,2
0.515014164305949,0.2745551601423487,0.1921595810227963,0.8172397550635893,0.1413997963565977,0.0989649060338367,0.2243773918261775,0.1570404489281919,3
0.4022662889518414,0.3261565836298932,0.6225354282193472,0.453168593064966,0.131201798514008,0.2504250164508422,0.1478039201224346,0.2821135041392577,4
0.7728045325779037,0.8375444839857652,0.3064540973505885,0.4972281604405956,0.6472581734598208,0.2368291154596049,0.4164507030594099,0.1523776070851163,1
0.3257790368271955,0.2610320284697509,0.64132778804683,0.7727453893257001,0.0850387628159245,0.208931149080412,0.2017112964663348,0.4955830912596377,4
0.8932011331444761,0.7921708185053379,0.3307917436845358,0.167506069060473,0.707567872732955,0.2954635602938644,0.1326934198322465,0.0554096246622561,2
0.7101983002832861,0.6023131672597865,0.5122458410351207,0.3908474944744374,0.427761787626143,0.3637961256303251,0.2354125923124502,0.2002100035235278,2
0.3932011331444759,0.2225978647686832,0.7922828096118337,0.8195586796623064,0.087525732662587,0.3115264985102621,0.1824320121454706,0.6493222533646169,3
0.730028328611898,0.9375444839857652,0.428758471965498,0.924924816116526,0.6844340326434326,0.3130058306671638,0.8671581594515971,0.3965693508410909,1
0.5297450424929179,0.6850533807829181,0.7312846580406678,0.6405666871988116,0.362903632312764,0.3873944222481724,0.4388223746824599,0.4684365908004263,2
0.3328611898016997,0.2519572953736655,0.6068237831176866,0.6839015906373418,0.0838668051172965,0.2019880864485217,0.1723139950787324,0.4150077505107551,4
0.5900849858356941,0.6033807829181496,0.4826709796672865,0.7592666400956556,0.3560459407417863,0.2848168982002713,0.4581268997445495,0.3664759730036591,2
0.8067988668555242,0.8224199288256228,0.4034966112138036,0.3314250516323054,0.6635274666559132,0.3255406087073407,0.2725705673744689,0.1337288852049951,1
0.2362606232294617,0.2893238434163701,0.5837184226740639,0.9599985506721258,0.0683558315606947,0.1379096783314927,0.2777504703546043,0.5603688397677207,3
0.6022662889518414,0.5718861209964413,0.5787892791127582,0.6421609478604298,0.3444277317955905,0.3485852712163524,0.3672429335272992,0.3716758720865036,2
0.1552407932011331,0.2775800711743772,0.8039895255699356,0.8640530454001956,0.0430917504259373,0.1248119716748795,0.2398439058406236,0.6946895980385613,5
0.66657223796034,0.7850533807829182,0.3538971041281584,0.632305518315881,0.5232947889468008,0.23589798470639,0.4963935848415778,0.2237710918562445,1
0.5056657223796034,0.5948398576512456,0.6240757855822565,0.7681075401282655,0.3007901263193975,0.3155737329360702,0.4569009798307459,0.4793573165172019,2
0.4521246458923513,0.5546263345195729,0.6980129390018526,0.7062212398999963,0.2507602350972346,0.315588852874492,0.3916888976456029,0.4929515632481288,3
0.354957507082153,0.3113879003558718,1.0,0.5166491539548534,0.1105294728458661,0.354957507082153,0.1608782952706393,0.5166491539548534,4
0.356657223796034,0.3137010676156584,0.412430683918668,0.8486901699336933,0.1118837518776526,0.1470963827347317,0.2662350123831141,0.3500258672208037,4
0.4674220963172805,0.6537366548042703,0.7229667282809622,0.6936120873944707,0.3055709576280584,0.337930623700733,0.4534396457450684,0.5014584615197093,3
0.3328611898016997,0.2610320284697509,0.64132778804683,0.7623102286314722,0.0868874315727924,0.2134731305821601,0.1989873853029127,0.4888907327336953,4
0.1235127478753541,0.2838078291814947,0.1718268638324112,0.8178194862132686,0.0350538848507455,0.0212228081107454,0.2321035730445131,0.1405233574970598,5
0.6580736543909349,0.4731316725978648,0.2664048059149699,0.5125910359070981,0.3113554887945722,0.175313984175772,0.2425230541773975,0.1365567154345838,2
0.3592067988668556,0.281138790035587,0.110520640788664,0.7392659154317185,0.1009869648059842,0.0396997655864096,0.2078363249790239,0.0817041426867318,4
0.5807365439093485,0.3215302491103202,0.4229051139864452,0.3663538534004854,0.1867243656306392,0.2455964542980772,0.1177938457463837,0.1549329181317057,2
0.4127478753541077,0.3845195729537366,0.5140942698706112,0.6160730461248596,0.1587096367687236,0.212191317620816,0.2368921446042386,0.3167196228345231,3
0.6138810198300284,0.7074733096085409,0.5824861367837357,0.4299793470777926,0.4343044368050165,0.3575771836856531,0.3041989117404454,0.2504570087761364,2
0.2767705382436261,0.2549822064056939,0.2543900184842869,0.8027464763216059,0.0705715625094512,0.070407662339702,0.2046860677168792,0.2042106909496495,4
0.3662889518413598,0.3314946619217082,0.8076863832409131,0.7992680894235298,0.1214228322563084,0.2958465987338529,0.2649531050882626,0.6455579523863655,3
0.3830028328611898,0.301067615658363,0.3474276032039469,0.5070835899851445,0.1153097496799169,0.133065756241285,0.1526664473763104,0.1761748362925916,4
0.6892351274787536,0.7790035587188612,0.313847812692547,0.8276749157578172,0.5369166170999969,0.2163149371900756,0.6447617048376731,0.259763961931079,2
0.8796033994334278,0.7677935943060498,0.3548213185459019,0.2263487807529257,0.6753538556148115,0.3121020379844264,0.1737891439410808,0.0803133728380103,1
0.7668555240793201,0.6832740213523131,0.4081176833025282,0.3649045255262871,0.5239724577339127,0.3129672999149982,0.2493297825660039,0.1489239895843965,2
0.7303116147308782,0.5131672597864769,0.4986906962415318,0.2963513170767056,0.374772010121682,0.3641996076234189,0.1520777933183663,0.1477876446450772,2
0.5677053824362607,0.793238434163701,0.4306069008009885,0.6991195333164246,0.4503257286300444,0.2444578552989181,0.5545684839011781,0.301045695530819,2
0.135127478753541,0.3142348754448398,0.5273413431916225,0.7795572303344325,0.0424617664552941,0.0712583061479897,0.2449640691762646,0.4110927569393007,5
0.5260623229461756,0.6612099644128114,0.6450246457178075,0.6434653429472081,0.3478376498341617,0.3393231634838437,0.425465696511001,0.4150510048662104,3
0.2186968838526912,0.2281138790035587,0.6628927911275433,0.6401318888365519,0.0498877945016281,0.1449725877480066,0.1460229682363807,0.4243388144806082,4
0.4235127478753542,0.4946619217081849,0.5304220579174377,0.7349179318091235,0.2094956297319367,0.2246405032823143,0.3635359164465058,0.3898166817906224,3
0.8640226628895186,0.7754448398576511,0.2833487369069623,0.588680749302511,0.670001915457744,0.2448197301887351,0.4564894493701677,0.1668019467563106,1
0.238243626062323,0.2597864768683274,0.8668361059765886,0.9404326243704482,0.0618924722510661,0.2065181770896065,0.2443116782172338,0.815200954042623,4
0.2524079320113315,0.248932384341637,0.5680067775723998,0.8010072828725678,0.0628325083423225,0.1433694160954697,0.1993966528004844,0.4549775655564709,5
0.5628895184135978,0.6902135231316727,0.7448398028342602,0.5756367984347257,0.3885139576381399,0.4192625179126558,0.3973123026918685,0.4287571994502658,3
0.5473087818696883,0.4638790035587188,0.3240141712877395,0.8341968911917099,0.2538850523726472,0.1773358013960092,0.3869664226577913,0.2702916143902905,2
0.7742209631728046,0.8873665480427045,0.4078096118299434,0.3435994057755714,0.6870177835129495,0.3157347504621063,0.3048986186125933,0.1401231402943349,1
0.2898016997167139,0.3261565836298932,0.6058995686999431,0.7101344251603319,0.0945207323097395,0.1755907248668673,0.2316150180282719,0.4302701419236271,4
0.2348441926345609,0.285409252669039,0.8434226740603847,0.7939055762889959,0.0670267055134938,0.1980729169393934,0.226587997218425,0.6695979641051157,4
0.7623229461756375,0.7612099644128113,0.2744146642020979,0.22258052828001,0.5802878227294265,0.2091925952883415,0.1694305160110111,0.0610793609258845,2
0.7657223796033995,0.6204626334519573,0.3939463955637734,0.403456646979963,0.4751021241418245,0.3016535714472746,0.2503297736688845,0.1589402918440021,2
0.4779036827195468,0.4889679715302492,0.2383703019100451,0.8276749157578172,0.2336795943262126,0.1139180451337807,0.4047065246445697,0.197293119552562,3
0.4161473087818698,0.34288256227758,0.7291281577325961,0.4775173013514981,0.1426896555200467,0.3034247205975025,0.163732355819277,0.3481713102198587,3
0.7186968838526913,0.6953736654804269,0.4897566235366604,0.4363563897242654,0.4997628864940066,0.3519865591820134,0.3034307421783681,0.2137084320900033,2
0.5175637393767705,0.5948398576512456,0.6286968576709846,0.7308598137613682,0.3078675410563245,0.32539069659062,0.4347445475808281,0.4594892683097732,3
0.5050991501416431,0.5567615658362989,0.7355976586568111,0.619116634660676,0.281219793735445,0.3715497522337377,0.3447003469489778,0.4554207468918776,3
0.7354107648725213,0.6565836298932383,0.4302988293284038,0.5114315736077394,0.4828586694625628,0.3164463912001519,0.3357975990413804,0.2200684074049936,1
0.8382436260623229,0.8131672597864769,0.3551293900184866,0.6320156527410412,0.6816322724385794,0.2976849476103971,0.513934436481594,0.2244473332400616,1
0.0529745042492918,0.2540925266903915,0.443545902649415,0.7665132794666474,0.0134604256348734,0.0234966243046574,0.1947652959214186,0.3399838244337974,5
0.2855524079320114,0.2610320284697509,0.6967806531115244,0.8452117830356172,0.0745383242769147,0.1989673932964353,0.2206273462123221,0.5889272182011134,4
0.1648725212464589,0.2704626334519573,0.8076863832409131,0.7224537120910179,0.044591856280181,0.133165290381363,0.1953967335192789,0.5835160257777662,5
0.6960339943342776,0.8250889679715302,0.4044208256315471,0.5549114098336896,0.574289970058371,0.2814906426562921,0.4578512824553057,0.2244177305173065,1
0.5971671388101983,0.4202846975088967,0.5433610597658642,0.2470741693539619,0.2509802102970975,0.3244773694012583,0.1038414925291918,0.1342504825009393,2
0.4580736543909349,0.4969750889679715,0.6585797905113999,0.757962245008877,0.2276511951448186,0.3016780513475733,0.37668835414765,0.4991786165334966,3
0.351558073654391,0.4135231316725979,0.2879698089956868,0.8244863944345808,0.1453773955823496,0.1012381113211465,0.3409441958480366,0.2374271895248687,3
0.5818696883852692,0.576512455516014,0.6471811460258792,0.5365049458313708,0.3354551228413294,0.3765750917668997,0.3093017837177296,0.3472158856916987,3
0.5776203966005666,0.5660142348754448,0.3976432532347544,0.6850610529367007,0.3269413668303207,0.2296868536389984,0.3877543077209332,0.272409905754176,2
0.4271954674220964,0.4243772241992882,0.5630776340110941,0.568535091851154,0.1812920266551067,0.2405442130562974,0.2412733441396801,0.3201293943718279,3
0.586402266288952,0.6023131672597865,0.6604282193468904,0.5914344722634877,0.3531978062968153,0.3872766045461936,0.3562287702156416,0.390600015377343,2
0.3767705382436261,0.3137010676156584,0.3270948860135547,0.7911518533280191,0.1181933200931517,0.1232397162600645,0.2481851810351063,0.2587817252837409,4
0.6611898016997168,0.8596085409252668,0.3237060998151584,0.7872386680676837,0.56836440071376,0.2140311719457733,0.6767170828176121,0.25483395886387,2
0.3869688385269123,0.3476868327402135,0.7602433764633432,0.7330338055726655,0.1345439698365812,0.294190496387798,0.2548662021510655,0.5572840954103371,4
0.2631728045325779,0.2604982206405694,0.7510012322858906,0.8031812746838654,0.0685560473017249,0.1976431005080998,0.2092272929069713,0.6031901270365352,4
0.5373937677053825,0.6313167259786477,0.6699784349969207,0.713612812058408,0.339265673989092,0.3600422354643509,0.4505157041251302,0.4781051950166438,2
0.5419263456090653,0.7608540925266903,0.4780499075785585,0.6817275988260445,0.4123268779046909,0.2590678394327996,0.5186952335551896,0.3258998156125431,2
0.105099150141643,0.3112099644128113,0.4885243376463357,0.908112612775825,0.0327079027753974,0.0513434927101389,0.2826136939047896,0.4436351126645932,4
0.4073654390934845,0.2069395017793595,0.322165742452249,0.8875321569622088,0.0843000010081357,0.1312391891349388,0.1836654623749197,0.285932456297976,3
0.7152974504249292,0.8402135231316724,0.3797751078250186,0.8572412043914635,0.6010025909086325,0.2716521663620884,0.7202656525153895,0.3255588708298168,1
0.5130311614730879,0.4202846975088967,0.5362754158964904,0.4902713866444435,0.2156191465123547,0.2751259994868397,0.2060535614331272,0.2629204917748979,3
0.4736543909348443,0.6389679715302491,0.7063308687615546,0.6385376281749338,0.3026499853820331,0.3345567174417336,0.4080050930206738,0.4510188376457434,3
0.2946175637393768,0.2902135231316726,0.491913123844732,0.7830356172325084,0.0855020011492746,0.1449262461185612,0.2272475252146301,0.385185496554531,4
0.2770538243626063,0.2613879003558718,0.5559919901417167,0.7979636943367512,0.0724185174357061,0.1540397071837391,0.208578054622898,0.4436614224751268,4
0.7025495750708216,0.8375444839857652,0.3326401725200263,0.6472335954201238,0.5884165213271099,0.2336962118554292,0.5420869276943991,0.2152958948413069,1
0.469971671388102,0.3480427046263346,0.8615988909427053,0.4888220587702452,0.1635702116076739,0.4049270708424782,0.1701309514154092,0.4211685437047731,3
0.6512747875354108,0.7322064056939502,0.6108287122612452,0.5008514801260915,0.4768675713003942,0.397817339798471,0.3667266620496204,0.3059344646395591,2
0.6702549575070822,0.6297153024911032,0.3190850277264339,0.5036052030870682,0.4220698033127338,0.2138683216999271,0.3171279027980666,0.1606928801902135,2
0.7580736543909349,0.8891459074733096,0.1924676524953774,0.6518714446175586,0.6740380873650359,0.1459046566792153,0.5796088271804164,0.1254641666743119,1
0.8271954674220965,0.8565836298932384,0.431531115218732,0.2528714808507554,0.7085620961156535,0.3569605825605376,0.2166055709636186,0.1091219121385387,1
0.6393767705382436,0.5660142348754448,0.3985674676524979,0.6275227363310263,0.3618963535733367,0.25483478030926,0.3551868014713513,0.2501101479138233,2
0.754957507082153,0.6204626334519573,0.4093499691928564,0.4669372078698504,0.4684229229885173,0.309041832265995,0.2897170896516313,0.1911407316565216,2
0.463172804532578,0.3266903914590746,0.361290819470117,0.6385376281749338,0.1513141048259453,0.1673400821058474,0.2086041077098181,0.2306977829458266,3
0.2490084985835694,0.2813167259786476,0.6613524337646339,0.8226022681981231,0.0700502555623884,0.164682376566321,0.2314117768721053,0.5440300120931368,4
0.6339943342776205,0.7754448398576511,0.322165742452249,0.5749121344976267,0.4916276350145676,0.2042512554130689,0.4458126480677325,0.1852169946552351,2
0.2943342776203966,0.2555160142348753,0.6518022181146073,0.3430196746258921,0.075207121470265,0.1918477350201351,0.0876470200645517,0.2235809847781073,4
0.7405099150141643,0.8565836298932384,0.416127541589649,0.3891083010253994,0.6343086709747664,0.3081465704576041,0.3333038009139275,0.1619186807178245,2
0.8093484419263457,0.8224199288256228,0.4084257547751093,0.2795391137360049,0.6656242880041939,0.3305587482698264,0.2298985380227428,0.1141709735167929,1
0.7555240793201133,0.5131672597864769,0.4999229821318565,0.2659154317185404,0.3877102214874034,0.3777038508061363,0.1364590934299413,0.1329372356196127,2
0.2688385269121813,0.3163701067615658,0.6977048675292679,0.9952172180151456,0.0850524734608288,0.1875699488060269,0.3148569775144001,0.6943678972581037,4
0.7756373937677055,0.7999999999999997,0.3502002464571774,0.3515707090836624,0.6205099150141642,0.2716284064588532,0.2812565672669298,0.1231201489682231,1
0.819830028328612,0.8160142348754448,0.2944393099199018,0.2449001775426645,0.6689929732944865,0.24139018779269,0.1998420309983379,0.0721082392749235,2
0.2991501416430595,0.3177935943060498,0.3754621072088753,0.6507119823181999,0.0950679987499117,0.1123195425531366,0.2067920997189155,0.2443176920672557,4
0.6781869688385269,0.6332740213523133,0.5495224892175017,0.3208449581506575,0.4294781889851099,0.3726789912710195,0.2031827768786815,0.1763115200558344,2
0.7470254957507083,0.7439501779359431,0.3058379544054226,0.6433204101597882,0.5557497504864255,0.2284687495090933,0.4785983336081983,0.196751798270527,2
0.5688385269121814,0.8820284697508897,0.5914202094886036,0.6770897496286097,0.5017317754277016,0.336422600751591,0.5972124357489356,0.4004445615679385,2
0.6509915014164306,0.4523131672597864,0.3656038200862603,0.4451972897568752,0.2944520278648694,0.2380049797615371,0.2013685961854051,0.1627658298271633,2
0.8229461756373938,0.7999999999999997,0.4611059765865697,0.4567919127504619,0.6583569405099148,0.3794653999954632,0.3654335302003694,0.2106294810256488,1
0.3314447592067989,0.3177935943060498,0.3917898952557017,0.635638972426537,0.1053310213422318,0.129856707492683,0.2020019937284332,0.2490369264274347,4
0.7801699716713882,0.7642348754448399,0.4173598274799772,0.2179426790825753,0.5962331011260876,0.3256116047818292,0.1665593962027866,0.0909605189424276,2
0.5147308781869688,0.6300711743772242,0.6410197165742488,0.8630385158882568,0.3243170889074833,0.3299526416474249,0.5437756912384906,0.5532247048473506,2
0.5654390934844193,0.3001779359430604,0.4965341959334566,0.5257799195623029,0.1697323399836681,0.2807598456326287,0.1578275310145204,0.2610677095978255,3
0.3008498583569405,0.2893238434163701,0.4607979051139885,0.7160766694445451,0.0870430373111005,0.1386309844847183,0.2071780541844893,0.3299666291810483,3
0.045042492917847,0.2540925266903915,0.4370764017252035,0.7575274466466178,0.0114449608339298,0.0196870107292655,0.1924820629557598,0.3310973705883848,3
0.6492917847025497,0.8693950177935942,0.4078096118299434,0.7053516431754774,0.5644910427147077,0.2647874306839179,0.6132292043692851,0.2876491798070041,2
0.6722379603399433,0.8026690391459074,0.3810073937153433,0.6136091887387223,0.5395845977034669,0.2561276332256401,0.4925250979360099,0.2337896377611267,2
0.6818696883852692,0.6827402135231316,0.3871688231669772,0.6667995217218015,0.4655398566431099,0.2639986848053581,0.4552508478374648,0.2581639861133331,2
0.6022662889518414,0.8026690391459074,0.361290819470117,0.7566578499220986,0.4834205034629459,0.217593281074637,0.607345829359179,0.2733735346568518,2
0.8172804532577904,0.8117437722419928,0.32925138632163,0.5930287329251058,0.6634223181071245,0.2690907222486976,0.4813873807125147,0.1952555324441507,2
0.3388101983002833,0.288612099644128,0.7306685150955055,0.6054929526432116,0.0977847227122881,0.2475579444912817,0.1747525923820798,0.4424146366086086,3
0.304815864022663,0.3281138790035586,0.8098428835489884,0.3722960976846986,0.1000143155262972,0.2468529582715897,0.1221555167492142,0.3015013452830122,4
0.8297450424929179,0.8177935943060496,0.3443468884781282,0.2131598970977207,0.6785601806579092,0.2857201236125886,0.1743207984094527,0.0734009473139181,2
0.5787535410764872,0.6923487544483985,0.4946857670979696,0.8460813797601363,0.4006992932969059,0.2863011394280883,0.5857833894389128,0.4185444163739515,2
0.7725212464589235,0.4889679715302492,0.2842729513247093,0.1293887459690568,0.3777381468450395,0.2196068946919213,0.0632669526553324,0.0367817206848268,2
0.4968838526912182,0.2555160142348753,0.1721349353049923,0.2909888039421717,0.1269617815773289,0.0855310698370981,0.0743522993702772,0.0500893389410628,3
0.7668555240793201,0.5254448398576512,0.315696241528034,0.2237399905793687,0.4029402780438135,0.2420934067468521,0.1175630235197287,0.0706338741054244,2
0.8467422096317281,0.8007117437722419,0.2879698089956868,0.3915721584115366,0.6779964311997821,0.2438361923762345,0.3135364257743619,0.112760959665799,2
0.3240793201133145,0.3480427046263346,0.8378773875539132,0.8431827240117395,0.1127934430857016,0.2715387340967923,0.2934635957592461,0.7064837380255485,4
0.4742209631728046,0.2800711743772242,0.1573475046210717,0.4927352440305806,0.1328156220701057,0.0746174851942419,0.1380009384526928,0.0775306610870666,3
0.7614730878186969,0.8172597864768684,0.3791589648798528,0.5389688032175077,0.6223213331585898,0.2887193477612024,0.4404775290352336,0.2043548535304833,1
0.3379603399433428,0.3092526690391459,1.0,0.5628827131417804,0.1045151371568558,0.3379603399433428,0.1740729813950915,0.5628827131417804,4
0.6277620396600566,0.6934163701067614,0.4198243992606301,0.7752092467118374,0.4353004748318932,0.2635498211789111,0.5375427819281192,0.3254517563020827,2
0.4711048158640228,0.2555160142348753,0.1302372150338868,0.516939019529693,0.1203748248364299,0.0613553792071823,0.1320861978727115,0.0673246982458952,3
0.4269121813031162,0.5610320284697509,0.5267252002464602,0.7382513859197797,0.2395114070549333,0.224865404184537,0.4141826725631788,0.3888556090808227,3
0.3118980169971672,0.3704626334519573,0.6659735058533585,0.830428638718794,0.1155465607452139,0.2077158158483138,0.3076427803936885,0.5530434718885873,4
0.1521246458923513,0.2348754448398576,0.6031269254467055,0.5682452262763145,0.0357303438750718,0.0917504699617226,0.1334668502997749,0.342723996223801,5
0.638243626062323,0.6690391459074733,0.7020178681454148,0.4388202471104024,0.4270099704616253,0.4480584297256713,0.2935879233336499,0.3080596543754888,2
0.7031161473087819,0.6597864768683274,0.4296826863832415,0.5747672017102068,0.4639065256620931,0.3021168350150723,0.3792236270358446,0.2469675152758201,2
0.2725212464589235,0.281138790035587,0.7978280961183017,0.8823145766150948,0.0766162934884517,0.2174251072141094,0.248052852500329,0.7039353588382465,4
0.7203966005665723,0.736476868327402,0.6428681454097358,0.5570854016449871,0.5305554323389755,0.4631200265657105,0.410280511994413,0.3581324589903506,1
0.3739376770538244,0.3097864768683274,0.6561152187307471,0.609551070690967,0.1158408355428306,0.2453462007718374,0.1888306786606714,0.3999357340739649,3
0.2662889518413598,0.2738434163701068,0.6018946395563809,0.7968042320373927,0.0729214763138528,0.1602778926864017,0.2181995930792789,0.4795921960391454,4
0.8399433427762041,0.8263345195729536,0.4262939001848451,0.3437443385629913,0.6940741786214752,0.3580627235263642,0.2840478128623721,0.1465361147524774,1
0.3354107648725213,0.3113879003558718,0.5698552064078868,0.8189789485126273,0.1044428538304114,0.1911355706478578,0.2550201352130067,0.4666994177483773,4
0.2198300283286119,0.2572953736654804,0.4993068391866941,0.8404290010507627,0.0565612492817033,0.1097626366030806,0.2162384938646624,0.4196319480754871,4
0.2733711048158641,0.346797153024911,0.5356592729513245,0.4649081488459726,0.0948043208694161,0.1464337672515661,0.1612288224378648,0.2490323609999798,4
0.6577903682719548,0.6313167259786477,0.6400955021565053,0.4067901010906191,0.4152740616777395,0.4210486560927495,0.2568133947810528,0.2603845140298954,2
0.3623229461756374,0.3466192170818506,0.8215495995070903,0.8268053190332982,0.1255880959341889,0.2976662713228239,0.2865866123624315,0.6792615787221382,3
0.7668555240793201,0.8597864768683275,0.5649260628465811,0.2401173955578099,0.6593320093151736,0.4332166719902818,0.2064496895614479,0.1356485748934486,1
0.3402266288951842,0.3466192170818506,0.8258626001232301,0.9286930685894416,0.117929087738046,0.2809804483705381,0.3219028643438136,0.7669728723416974,4
0.171671388101983,0.2793594306049822,0.7392945163277886,0.8185441501503679,0.0479580212313368,0.1269157158341756,0.2286680277110458,0.605145201578357,5
0.0150141643059489,0.2501779359430605,0.9721965495995092,0.5582448639443458,0.0037562126359722,0.0145967187333636,0.139660547812411,0.5427237305583404,5
0.61671388101983,0.795017793594306,0.432455329636479,0.6544802347911154,0.4902985089673666,0.2667012047078229,0.5203234322147159,0.283033465677152,2
0.5575070821529745,0.7999999999999997,0.3745378927911318,0.8853581651509113,0.4460056657223794,0.2088075277657075,0.7082865321207288,0.3316001815410451,2
0.3974504249291785,0.290035587188612,0.3936383240911922,0.4586760389869198,0.1152747673726976,0.156451719178454,0.1330323742969179,0.1805524672875974,4
0.6801699716713882,0.6355871886120995,0.5153265557609394,0.5107069096706403,0.4323073200729889,0.3505096488334322,0.3245987689223357,0.2631808327638842,2
0.2371104815864023,0.2749110320284698,0.5815619223659887,0.7283959563752309,0.0651842871976853,0.1378944274845135,0.2002440840924789,0.4236073526331921,4
0.753257790368272,0.7825622775800712,0.3957948243992604,0.5686800246385739,0.5894711320355268,0.2981355348661851,0.4450275352954534,0.2250806104911914,2
0.2985835694050991,0.2850533807829182,0.7725662353666074,0.350990977933983,0.0851122559051546,0.2306755841576215,0.1000511648843845,0.2711637784701012,4
0.4167138810198301,0.3263345195729538,0.5596888478126942,0.3941809485850935,0.1359881241619872,0.2332301119355448,0.1286348504813277,0.2206186809433058,4
0.2206798866855524,0.2966192170818506,0.6391712877387548,0.8856480307257508,0.06545789521438,0.141052247350847,0.2627002254839549,0.5660807922822704,4
0.1623229461756374,0.2348754448398576,0.6031269254467055,0.5498387622739953,0.038125674190719,0.0979013394563632,0.1291436238793013,0.3316225621817368,5
0.1764872521246459,0.294661921708185,1.0,0.8847784340012319,0.0520040728680451,0.1764872521246459,0.2607105136487615,0.8847784340012319,5
0.2835694050991502,0.2829181494661921,0.7340573012939018,0.8692706257473097,0.0802269313358805,0.2081561922365993,0.2459324368217477,0.6380944496301315,4
0.5611898016997168,0.4167259786476868,0.7131084411583508,0.7815862893583101,0.2338623693204157,0.400189184684049,0.3257073113304559,0.5573557804350442,2
0.3852691218130312,0.3455516014234875,0.332024029574864,0.4928801768180006,0.1331303620215136,0.1279186062951317,0.1703155344093518,0.163648062404684,3
0.6985835694050991,0.6720640569395017,0.5177911275415923,0.6991195333164246,0.4694929077656689,0.3617203740842964,0.4698531098462874,0.3619978914422633,2
0.8410764872521247,0.8683274021352311,0.456176833025264,0.3660639878256457,0.7303297611726632,0.383679608286688,0.3178633915639058,0.1669899106509018,2
0.2954674220963173,0.435409252669039,0.3384935304990755,0.9147795209971376,0.128649249443005,0.100013810852843,0.3983034675943051,0.3096469496905742,4
0.3317280453257791,0.2861209964412811,0.582178065311151,0.5044747998115873,0.0949143588761303,0.1931247916372118,0.1443408324016071,0.2936941629525401,4
0.2325779036827195,0.2544483985765123,0.598505853357981,0.7075256349867749,0.0591790751363503,0.1391992367158363,0.1800287647742148,0.4234582339404071,5
0.5439093484419264,0.332562277580071,0.4219808995687018,0.477662234138918,0.1808837317149395,0.2295193561393505,0.1588524404992237,0.2015643392519364,2
0.1852691218130311,0.3231316725978648,0.7969038817005547,0.9591289539476068,0.0598663212121822,0.1476416823320573,0.3099249431261306,0.7643335864522404,4
0.3487252124645892,0.2519572953736655,0.6123690696241546,0.6482481249320626,0.0878638613611847,0.2135485339114261,0.1633308442889325,0.3969671011502499,4
0.9458923512747875,0.8576512455516013,0.2972119531731358,0.2109859052864233,0.8112457532285543,0.2811305132139094,0.1809523244627331,0.0627075330021801,1
0.664872521246459,0.836832740213523,0.1653573629081961,0.8444871190985181,0.5563870938473481,0.109941566783438,0.7066944699502368,0.1396421630240707,1
0.3538243626062324,0.2948398576512455,0.7297443006777584,0.495923765353817,0.1043215247043642,0.2582013120528387,0.146218092382789,0.3618975413376019,4
0.4960339943342777,0.490035587188612,0.6145255699322263,0.5367948114062103,0.2430743096791104,0.3048255730740307,0.2630485606072425,0.3298741374160633,3
0.5730878186968839,0.7855871886120996,0.5033117683302528,0.3621508025653103,0.4502104483179256,0.2884418434368559,0.2845010308408977,0.1822747608413666,2
0.7439093484419265,0.7261565836298932,0.4210566851509583,0.4775173013514981,0.5401946709949291,0.3132280043077667,0.34675233217357,0.201061852009293,2
0.6028328611898017,0.6332740213523133,0.5578404189772037,0.5452009130765607,0.3817583902089866,0.3362845358593455,0.3452615746689466,0.3041351057773827,3
0.7184135977337112,0.6386120996441281,0.4965341959334566,0.5691148230008334,0.4587876160616173,0.35671691809837,0.3634436120551585,0.2825849710325303,2
0.6977337110481587,0.8234875444839856,0.2352895871842264,0.7879633320047827,0.574575020414747,0.1641694768370395,0.6488779894160381,0.1853995671037128,2
0.7201133144475922,0.332562277580071,0.2704097350585357,0.4021522518931844,0.2394825239684251,0.1947256505718974,0.1337406688235518,0.1087458838876295,2
0.4495750708215298,0.2763345195729537,0.4413894023413434,0.4378057175984636,0.124233111207444,0.1984376718174821,0.1209808326388636,0.1932428040324088,3
0.7186968838526913,0.9553380782918148,0.3720733210104754,0.9153592521468168,0.6865984998941457,0.2674079363749507,0.8744775488925728,0.3405807568639312,1
0.7388101983002834,0.7608540925266903,0.4888324091189169,0.2544657415123735,0.5621267629772263,0.3611543691167522,0.1936113008375282,0.1243911014617251,2
0.3311614730878187,0.5149466192170817,0.5941928527418376,0.6710025725569766,0.1705304809815208,0.1967737804122402,0.3455305062241797,0.3987049327847418,4
0.7450424929178471,0.7261565836298932,0.418900184842883,0.4927352440305806,0.5410175113163227,0.3120984379990885,0.3578029414392881,0.2064068848030132,2
0.763172804532578,0.7946619217081848,0.413354898336415,0.2230153266422695,0.6064643674452833,0.3154612170306805,0.1772217880399244,0.0921844776716776,2
0.6728045325779037,0.8830960854092526,0.261783733826249,0.7911518533280191,0.5941510489651487,0.1761292826734678,0.6986631046382488,0.2071106861877657,1
0.3124645892351275,0.448932384341637,0.7137245841035167,0.8249211927968405,0.1402754730676559,0.2230136589989175,0.3703338379762328,0.5887665352471019,4
0.5203966005665722,0.5546263345195729,0.7205021565003094,0.6657849922098626,0.2886256590686842,0.3749468729436453,0.3692618898074985,0.4796995226527477,3
0.6753541076487253,0.7845195729537365,0.5248767714109697,0.2791043153737453,0.5298285161251297,0.3544776835817994,0.2189627983065556,0.1464953719402405,2
0.5458923512747875,0.4749110320284696,0.4734288354898339,0.2041740642776911,0.2592502999203572,0.25844118016683,0.0969645155795653,0.0966618894882137,3
0.3546742209631728,0.3585409252669038,0.570163277880468,0.5853472951918546,0.1271652233524542,0.202222216404064,0.209870960820567,0.3337435325250537,4
0.7739376770538244,0.6565836298932383,0.418900184842883,0.3156273778035434,0.5081548093111409,0.3242026359747185,0.207235769411935,0.1322163669033788,2
0.8475920679886686,0.8774021352313167,0.5997381392483057,0.1934490380086233,0.7436790902583852,0.5083332896971475,0.1697325990072102,0.1160187660946664,1
0.4586402266288953,0.4946619217081849,0.4962261244608754,0.7436138990543135,0.2268718558769268,0.2275892621819143,0.3678374803151229,0.3690006432229626,3
0.2997167138810199,0.3419928825622775,0.5997381392483057,0.7795572303344325,0.1025009829322633,0.1797515442846197,0.2666030243243378,0.4675302027583353,4
0.7492917847025496,0.6720640569395017,0.4648028342575507,0.5389688032175077,0.5035720766586351,0.3482729452156435,0.3622215604541862,0.2505142273118977,2
0.3620396600566573,0.3039145907473308,0.486367837338264,0.7646291532301894,0.1100291351204217,0.1760844464924366,0.2323819561774311,0.3718910276223553,4
0.4082152974504249,0.3736654804270461,0.7124922982131849,0.8778216602050799,0.1525359652394825,0.2908502554462321,0.3280116523897984,0.6254411721008308,3
0.684985835694051,0.6081850533807828,0.334796672828098,0.6278126019058661,0.4165981470466665,0.2293309787247424,0.3818262408032473,0.2101895702776351,2
0.5390934844192635,0.6128113879003557,0.617606284658045,0.6360737707887967,0.3303626263950077,0.332947523995541,0.3897932502840952,0.3928431583453016,3
0.7093484419263457,0.8683274021352311,0.3619069624152793,0.9078227472009854,0.6159466897865776,0.2567181399115749,0.7882873676763003,0.3285473728510026,1
0.1538243626062323,0.2434163701067615,0.6804528650646979,0.5438965179897821,0.0374433679795953,0.1046702282521617,0.1323933161227796,0.3700959439648603,5
0.3456090651558074,0.3199288256227758,0.6172982131854639,0.757237581071778,0.1105703023398828,0.2133438583813784,0.2422621300297254,0.4674414057524914,3
0.4490084985835694,0.3476868327402135,0.7266635859519432,0.5821587738686183,0.1561143427459599,0.3262781257036345,0.202408940238306,0.4230335822127565,3
0.2773371104815864,0.2775800711743772,0.832948243992611,0.8068045943693611,0.0769832548667748,0.2310074591696221,0.2239528767288618,0.6720264701251302,4
0.4223796033994335,0.3455516014234875,0.3338724584103509,0.3714265009601796,0.1459539483632917,0.1410209165693578,0.1283470222179125,0.1240090789943297,3
0.3104815864022663,0.2731316725978647,0.5467498459642641,0.6036088264067538,0.0848023550048894,0.1697557595401794,0.1648646883513108,0.3300230328605629,4
0.2626062322946176,0.2277580071174376,0.5402803450400526,0.6352041740642775,0.0598106721240409,0.1418809857938042,0.1446728367975578,0.3431883303343295,4
0.2025495750708216,0.2608540925266904,1.0,0.741439907243016,0.0528358855967659,0.2025495750708216,0.1934076341669504,0.741439907243016,4
0.2280453257790368,0.2784697508896796,0.6647412199630338,0.978984745824124,0.0635037250612442,0.1515911280652244,0.2726176382944401,0.6507715142643288,4
0.4354107648725213,0.3672597864768683,0.1795286506469509,0.9991304032754807,0.159908864536812,0.0781687070947205,0.3669404185695004,0.1793725331203909,3
0.3594900849858357,0.5064056939501779,0.6129852125693169,0.4598355012862785,0.1820478259554605,0.2203621061616043,0.2328633161318057,0.2818723625028878,3
0.6288951841359774,0.708540925266904,0.4823629081947054,0.6501322511685206,0.4455979756636054,0.3033557099694748,0.4606453067887988,0.3135996833848182,2
0.6509915014164306,0.755693950177936,0.3822396796056715,0.4391101126852421,0.4919503392376478,0.2488347829274314,0.3318328556181891,0.1678453087844172,2
0.2793201133144476,0.3423487544483986,0.6524183610597696,0.8894162831986667,0.0956248928855866,0.182233570539641,0.3044905567391877,0.580271513784346,4
0.551558073654391,0.7999999999999997,0.4358441158348718,0.8544874814304866,0.4412464589235126,0.2403933409434831,0.6835899851443891,0.3724233408360369,2
0.5424929178470256,0.7850533807829182,0.4352279728897095,0.7459328236530307,0.4258858992065973,0.2361080929415846,0.5855970850457601,0.3246508307504057,2
0.7014164305949009,0.8514234875444838,0.1662815773259396,0.8891264176238269,0.5972024235581139,0.1166326304416505,0.7570231153612119,0.147845343164652,1
0.4141643059490085,0.4039145907473309,0.4256777572396828,0.4362114569368455,0.1672870061395461,0.1763005328851037,0.1761921721079428,0.1856855146711308,3
0.6915014164305949,0.711387900355872,0.5624614910659282,0.2331606217616579,0.4919257407276723,0.3889429177597538,0.1658676451606954,0.131143870973921,2
0.6535410764872521,0.4804270462633451,0.5402803450400526,0.5395485343671872,0.3139788089885374,0.35309539830238,0.2592137086817447,0.2915074683137585,3
0.294900849858357,0.2731316725978647,0.7497689463955659,0.7198449219174607,0.0805467623723448,0.2211074994894573,0.1966124475343953,0.5397173686742529,4
0.579886685552408,0.582918149466192,0.5430529882932831,0.7552085220479001,0.3380264736422932,0.3149091974607225,0.4402247541332598,0.4101182446826659,2
0.2076487252124646,0.2135231316725978,0.5640018484288376,0.6796985398021667,0.0443378060951881,0.1171142648437218,0.1451313608118505,0.3833512328228038,5
0.723229461756374,0.8117437722419928,0.3668361059765885,0.5834631689553968,0.5870770114826651,0.2653066794782522,0.473622593732121,0.2140353568803581,2
0.6541076487252124,0.5895017793594305,0.4358441158348718,0.4924453784557411,0.385597622816126,0.2850889698194671,0.2902974268369875,0.2146294205700113,2
0.3243626062322947,0.2752669039145907,0.3406500308071507,0.861879053588898,0.0892862903632312,0.1104941318057188,0.2372467786302535,0.293599126157096,4
0.5679886685552408,0.6955516014234876,0.5827942082563169,0.4666473422950106,0.3950654280039922,0.3310205063892111,0.324577306233309,0.2719593683877352,3
0.4742209631728046,0.2934163701067616,0.5646179913739999,0.4537483242146454,0.1391441936426966,0.2677536876940725,0.1331371862330872,0.2561944674073916,4
0.6926345609065157,0.8814946619217082,0.2137245841035131,0.7359324613210623,0.6105536681015798,0.1480330334654644,0.6487205361894204,0.1572868592241187,2
0.0946175637393767,0.2743772241992882,0.8757701786814529,0.9373890358346316,0.0259609044993094,0.0828632407024377,0.2571982016471533,0.8209373634069302,5
0.2546742209631729,0.2530249110320284,0.4644947627849696,0.8170948222761696,0.0644389221013579,0.1182948418537359,0.2067453447111588,0.3795362656459963,4
0.741643059490085,0.8234875444839856,0.3351047443006791,0.6015797673828762,0.6107338219430806,0.2485281078127982,0.495393445453372,0.2015922341253007,2
0.469971671388102,0.4412811387900355,0.4497073321010489,0.9697090474292548,0.207389634349198,0.2113497065030142,0.4279143127445821,0.4360852686336596,3
0.3784702549575071,0.2019572953736654,0.5110135551447961,0.670712706982137,0.0764348290705997,0.1934034305023931,0.1354553242748621,0.3427432848757317,4
0.3220963172804533,0.2752669039145907,0.3314078866296981,0.9315917243378382,0.088662456020082,0.1067452598011237,0.2564363696709316,0.3087368445645193,4
0.8090651558073655,0.748932384341637,0.5680067775723998,0.2092467118373853,0.6059350962265483,0.4595544919962532,0.1567116388120204,0.1188535505083737,1
0.6535410764872521,0.8288256227758005,0.3061460258780037,0.813906300952933,0.5416715897291138,0.2000790033146046,0.6745863967684629,0.2491741794738069,1
0.369971671388102,0.3097864768683274,0.647797288971045,0.6362187035762166,0.1146122206204066,0.2396666457212988,0.1970919506986108,0.412140751369346,3
0.524929178470255,0.7845195729537365,0.4882162661737546,0.8679662306605311,0.4118172149244402,0.2562789635184043,0.6809364966160643,0.4237552322979923,2
0.1104815864022663,0.2741992882562277,0.7885859519408527,0.8466611109098154,0.0302939723569203,0.0871242269849667,0.2321538740056984,0.6676650581181166,5
0.7594900849858358,0.9676156583629892,0.3452711028958717,0.496068698141237,0.7348944986037321,0.2622299792815388,0.480003839945204,0.1712781865193441,2
0.309915014164306,0.2530249110320284,0.4278342575477509,0.6688285807456791,0.0784162188864133,0.1325922599878865,0.1692302921388532,0.2861477792700436,4
0.5084985835694051,0.4192170818505338,0.4179759704251395,0.2233051922171092,0.2131712923290958,0.212540188927231,0.093613351043329,0.0933362044179185,3
0.5082152974504249,0.5131672597864769,0.4472427603203925,0.7585419761585563,0.2607994515742038,0.2272956124687773,0.3892589073383055,0.3392524072360381,2
0.221529745042493,0.3142348754448398,0.477125693160815,0.5398383999420268,0.0696123718407549,0.1056975331591381,0.1696360523661244,0.2575707707671648,5
0.7036827195467422,0.683629893238434,0.5670825631546563,0.3302655893329468,0.4810585424374703,0.3990462002482057,0.2257794295760109,0.1872878569207106,2
0.6464589235127479,0.7120996441281137,0.4164356130622302,0.1379397804268269,0.4603431693768712,0.2692085181325805,0.0982268685530535,0.057443037027715,2
0.5135977337110482,0.5546263345195729,0.7260474430067809,0.6560744954527338,0.2848548284657183,0.3728963212949841,0.3638761925847279,0.4763412098454213,3
0.3787535410764873,0.3258007117437722,0.4521719038817018,0.8901409471357657,0.1233981732581936,0.1712617097704916,0.290008554129108,0.4024967267894405,4
0.6793201133144476,0.68576512455516,0.5384319162045621,0.4250516323055182,0.4658540421199076,0.3657676303281983,0.2914855855703677,0.2288613648681371,2
0.3067988668555241,0.2731316725978647,0.8406500308071507,0.4934599079676798,0.0837964876553788,0.2579104768736953,0.1347795300232007,0.4148270868351237,4
0.5634560906515581,0.7999999999999997,0.3760782501540376,0.8715895503460269,0.4507648725212463,0.2119035806108727,0.6972716402768213,0.3277858729466782,2
0.2940509915014164,0.2645907473309608,0.6327017868145433,0.73781658755752,0.0778031715947697,0.1860465877375342,0.1952194422950234,0.4668178732890518,4
0.7342776203966006,0.7532028469750888,0.3252464571780677,0.409543824051596,0.553059994152813,0.2388211946191364,0.3084695742367269,0.1332026778319395,1
0.5388101983002833,0.8071174377224198,0.3896333949476265,0.843617522373999,0.4348831066708336,0.2099384467961432,0.6808984130762382,0.3287015592798865,2
0.4218130311614731,0.3704626334519573,0.4401571164510187,0.9518823145766152,0.1562659663484318,0.1856640074774977,0.3526368289943973,0.4189777747847644,3
0.1830028328611898,0.2540925266903915,0.4339956869993848,0.7750643139244175,0.0464996521931991,0.0794224401704256,0.19693804987261,0.3363745693903344,4
0.7184135977337112,0.748932384341637,0.5778650646950112,0.2589586579223883,0.538043208694162,0.4151461201321667,0.1939425251237246,0.1496431616136542,1
0.3713881019830028,0.3704626334519573,0.5328866296980941,0.980579006485742,0.1375854142933473,0.1979077539756944,0.3632678810504119,0.5225374419188926,4
0.7269121813031162,0.7384341637010675,0.2830406654343811,0.5657813688901772,0.5367767886846854,0.2057457075083915,0.4177922919740631,0.1601391351410508,2
0.2240793201133145,0.2861209964412811,0.5624614910659282,0.7717308598137613,0.0641137983527063,0.1260359885079743,0.2208084025944,0.434068890112439,5
0.5144475920679886,0.4523131672597864,0.3646796056685168,0.8918801405848038,0.2326914197574424,0.1876085450124721,0.4034091312040161,0.3252504979720476,2
0.4691218130311615,0.4715302491103202,0.674291435613064,0.6252038117323091,0.2212051253616686,0.3163248207861853,0.2948025090908574,0.4215695757637385,3
0.3694050991501417,0.2747330960854092,0.8770024645717882,0.3207000253632377,0.1014878065992559,0.32396918238006,0.0881069108827115,0.2812547126317944,4
0.5980169971671389,0.6229537366548042,0.3123074553296376,0.8518786912569296,0.3725369229683546,0.1867651666291402,0.5306810138951086,0.2660480663159937,2
0.3793201133144476,0.2702846975088967,0.2491528034504,0.8295590419942753,0.1025244220862359,0.094508669637418,0.2242171147311928,0.2066869609405018,4
0.7439093484419265,0.6425266903914589,0.3625231053604416,0.4879524620457262,0.4779816116056576,0.2696843271038299,0.3135224805066044,0.1768940418090896,2
0.4045325779036828,0.4167259786476868,0.5812538508934075,0.8689807601724702,0.1685792344217838,0.235136118718353,0.3621268577088834,0.5050984132025289,3
0.4779036827195468,0.4969750889679715,0.6545748613678377,0.6354940396391173,0.2375062252376679,0.3128237368633264,0.3158247068882659,0.4159784228968624,3
0.3589235127478754,0.2752669039145907,0.3853203943314867,0.7330338055726655,0.0987997640962567,0.1383005494668537,0.2017799461247176,0.2824528750215698,4
0.7535410764872522,0.6425266903914589,0.3705329636475696,0.3680930468495235,0.4841702539493713,0.2792118083010015,0.2365096071483325,0.1363906075472176,2
0.6294617563739378,0.6597864768683274,0.4327634011090602,0.7060763071125764,0.4153103545613097,0.2724080105564679,0.4658595990700059,0.3055639841085639,1
0.7507082152974505,0.8713523131672597,0.4614140480591508,0.5595492590311242,0.6541313399130987,0.3463873165316571,0.4875645411877962,0.2581838886980493,1
0.5660056657223796,0.6329181494661921,0.2935150955021584,0.8191238813000472,0.3582352585363886,0.1661312070292669,0.5184383711359907,0.2404252242478819,2
0.7569405099150143,0.7914590747330962,0.2325169439309924,0.5343309540200731,0.5990874356053352,0.1760014941030061,0.4229010824699796,0.124241000476479,1
0.2274787535410765,0.2010676156583629,0.917667898952562,0.56317257871662,0.0457386105874406,0.2087499498183873,0.1132357676067224,0.516805397058577,4
0.9305949008498584,0.8713523131672597,0.4648028342575507,0.0148918439073877,0.8108760194771808,0.4325431474606385,0.012976042636028,0.0069217712554748,1
0.571671388101983,0.597864768683274,0.529189772027113,0.4367911880865247,0.3417821822104382,0.3025226515441117,0.2611420626282424,0.2311454292469598,3
0.619830028328612,0.8596085409252668,0.316620455945781,0.8053552664951629,0.532811186273225,0.1962508661782914,0.6922902655583864,0.2549919516760344,2
0.5702549575070822,0.6998220640569394,0.3227818853974113,0.6727417660060147,0.3990770014013085,0.1840679703413566,0.4707995312636397,0.2171488556170055,2
0.3597733711048159,0.435409252669039,0.2882778804682679,0.8766621979057212,0.1566486546429687,0.1037147048710199,0.3817068324333272,0.2527223202989145,3
0.3373937677053825,0.351067615658363,0.4940696241528073,0.8152106960397114,0.1184480255663202,0.1666960120016979,0.2861940753178559,0.4027708421976886,4
0.3745042492917848,0.3265124555160142,0.8674522489217509,0.7549186564730606,0.1222803020374421,0.3248645532789107,0.2464903442398694,0.654855886310543,3
0.146742209631728,0.2492882562277579,0.717113370301913,0.6362187035762166,0.0365811095541015,0.1052308005145583,0.1586018511939998,0.4562409387706544,5
0.7427762039660057,0.7706405693950177,0.2651725200246453,0.3912822928366969,0.5724134767574325,0.1969638378200056,0.3015380089458601,0.1037573116325281,2
0.2575070821529746,0.2948398576512455,0.5559919901417167,0.943186347331425,0.0759233514461706,0.1431718750818189,0.2780889283857955,0.5244040543272955,4
0.1048158640226629,0.2788256227758007,0.7815003080714753,0.7730352549005399,0.0292253485629026,0.0819136300244889,0.2155420363752928,0.6041272898548834,5
0.4308781869688385,0.4715302491103202,0.7583949476278526,0.7263668973513533,0.2031720988376195,0.3267758400402163,0.342503964053574,0.5508729850753854,3
0.3563739376770539,0.3354092526690391,0.7041743684534829,0.79042718939092,0.1195311161069833,0.2509493924970203,0.2651165928828975,0.5565985668978126,4
0.6300283286118981,0.801423487544484,0.3055298829328414,0.8868074930251095,0.5049195003679695,0.1924924814851669,0.7107083538407639,0.2709461895279282,2
0.543342776203966,0.4523131672597864,0.358518176216883,0.6373781658755753,0.2457610920125411,0.1947982611852639,0.2882945369494149,0.2285116575901731,2
0.5441926345609065,0.6430604982206406,0.3575939617991395,0.6750606906047318,0.3499487867087395,0.1946000001745458,0.4341048640294486,0.2413976268082092,2
0.8271954674220965,0.7788256227758005,0.1237677141096718,0.4608500307982173,0.6442410250723337,0.1023800921247143,0.3589218122426684,0.0570383548592672,1
0.2994334277620397,0.2893238434163701,0.4762014787430715,0.7679626073408456,0.0866332301674513,0.14259064108539,0.2221898931559101,0.3657049292350954,3
0.6107648725212466,0.8110320284697509,0.3418823166974754,0.7263668973513533,0.4953498734789754,0.208809709575002,0.5891068181721474,0.2483319976388379,2
0.294900849858357,0.2743772241992882,0.8351047443006792,0.7869488024928439,0.080914076598147,0.2462730988150162,0.2159208280149404,0.6571846784835121,3
0.381586402266289,0.4053380782918149,0.4817467652495395,0.5578100655820863,0.154671498996905,0.1838280149549942,0.2261016600348741,0.2687231947178036,3
0.6594900849858357,0.5706405693950177,0.501771410967347,0.5689698902134135,0.3763317976066859,0.3309132704623184,0.324677302120003,0.285492824610321,2
0.624929178470255,0.445373665480427,0.4943776956253884,0.65056704953078,0.2783269988809694,0.3089510471811917,0.28974543149031,0.321625838796835,3
0.3858356940509915,0.2763345195729537,0.4225970425138641,0.6067973477299902,0.1066197211496778,0.1630530232022331,0.1676790535631093,0.2564307645559506,4
0.638243626062323,0.4167259786476868,0.649645717806532,0.6127395920142034,0.2659726996864698,0.4146322385887016,0.2553445061383032,0.3980636520825487,2
0.6594900849858357,0.8224199288256228,0.4084257547751093,0.794920105800935,0.5423777887552549,0.2693527357270409,0.6537581368348615,0.3246658441976566,1
0.4124645892351276,0.4946619217081849,0.5538354898336415,0.6330301822529802,0.2040305263476253,0.2284375278180686,0.3131359264525417,0.3505945810675586,3
0.2830028328611899,0.2879003558718861,0.7112600123228603,0.5027356063625492,0.0814766162934884,0.2012885983882542,0.1447377599812463,0.3575757335765674,4
0.6526912181303117,0.7653024911032028,0.2953635243376489,0.5392586687923475,0.4995062151563115,0.192781178491202,0.4126960025757805,0.1592773409441366,2
0.434844192634561,0.2702846975088967,0.1031269254467055,0.5949128591615638,0.1175317310697327,0.0448441446347572,0.1607958421826361,0.0613515340740409,3
0.3195467422096318,0.5149466192170817,0.637630930375849,0.7423095039675349,0.1645495145826822,0.203752886533699,0.382249769480791,0.4733194996416542,4
0.2390934844192634,0.2864768683274021,0.6702865064695018,0.7717308598137613,0.068494752653917,0.1602611363910083,0.2210830399110597,0.517280781959271,4
0.7529745042492919,0.7144128113879004,0.5424368453481208,0.511866371969999,0.5379346324841472,0.408441114712551,0.3656838938540117,0.277655180051194,2
0.8424929178470256,0.7898576512455516,0.4068853974122,0.3941809485850935,0.6654494772816631,0.342798065695151,0.3113468382151655,0.1603864719173637,2
0.6240793201133145,0.4243772241992882,0.4986906962415318,0.1964926265444398,0.2648450495498674,0.3112225506572506,0.0833869954285567,0.0979890447377739,2
0.3583569405099151,0.3113879003558718,1.0,0.5605637885430632,0.1115880152833365,0.3583569405099151,0.1745527811299573,0.5605637885430632,3
0.6331444759206799,0.7064056939501778,0.522720271102898,0.4028769158302836,0.4472568628834695,0.33095745210056,0.2845945473035989,0.2105919306639052,2
0.5385269121813031,0.6834519572953736,0.5350431300061622,0.8001376861480489,0.3680572721865454,0.2881351246860381,0.5468556677036753,0.4281081720325403,2
0.4303116147308782,0.4345195729537366,0.2590110905730149,0.9991304032754807,0.186978819069894,0.1114554806176797,0.4341417161563565,0.2587858553770384,3
0.2730878186968838,0.3496441281138789,0.6767560073937169,0.8834740389144535,0.0954835522667929,0.1848138218491623,0.3089015100474912,0.5978963632117469,4
0.4660056657223797,0.597864768683274,0.5276494146642037,0.5585347295191854,0.2786083695422056,0.2458876167486162,0.3339282368655628,0.2947105231004275,3
0.2529745042492918,0.3258007117437722,0.4571010474430075,0.7092648284358127,0.0824192735374471,0.1156349108687268,0.2310789859192122,0.324205695992495,4
0.5405099150141643,0.7535587188612097,0.283656808379547,0.4051958404290009,0.407305959089855,0.153319317390418,0.3053388584015691,0.1149365588647586,2
0.2835694050991502,0.2879003558718861,0.7100277264325356,0.5288235080981195,0.0816397326424243,0.2013421399883762,0.1522484761748678,0.3754793531389854,4
0.6694050991501417,0.7064056939501778,0.5208718422674075,0.3559186927062574,0.4728715735989434,0.3486742672175308,0.2514229911110038,0.1853880251673156,2
0.7963172804532579,0.7898576512455516,0.3760782501540376,0.5215768687271278,0.6289772967850555,0.2994776094002832,0.4119714804768186,0.1961537161117204,2
0.546742209631728,0.5895017793594305,0.4524799753542829,0.7141925432080871,0.3223055054288104,0.2473899015393104,0.4210177750264043,0.3231578243490079,2
0.3623229461756374,0.5064056939501779,0.5966574245224905,0.4879524620457262,0.1834824029921465,0.2161826759105567,0.2471019051569637,0.2911404592936112,3
0.6841359773371105,0.683629893238434,0.6172982131854639,0.2653357005688611,0.4676958051475406,0.4223159163860893,0.1813914166522356,0.1637912538554712,2
0.4677053824362607,0.252135231316726,0.3461953173136187,0.4882423276205658,0.1179250047886443,0.1619174132818086,0.123103092213228,0.1690272075365415,3
0.5538243626062324,0.7637010676156583,0.32925138632163,0.5972317837602812,0.422956256993941,0.1823474391667951,0.4561065508717307,0.1966393927584125,2
0.3934844192634561,0.3137010676156584,0.3264787430683924,0.65056704953078,0.1234364824130735,0.1284642986181295,0.2040835779933746,0.2123963126125216,3
0.7084985835694052,0.8846975088967971,0.2778034504004907,0.4296894815029529,0.626806931940762,0.1968233511194412,0.3801452138848188,0.1193692205623181,2
0.379886685552408,0.2845195729537366,0.1912353666050528,0.931736657125258,0.1080851975441815,0.0726477695799931,0.2650973157906205,0.178181001204715,3
0.7328611898016998,0.7825622775800712,0.3502002464571774,0.5759266640095655,0.573509521841259,0.2566481692874555,0.450698481906418,0.2016896596774098,2
0.7175637393767706,0.7999999999999997,0.3132316697473847,0.6075220116670894,0.5740509915014164,0.224763688235163,0.4860176093336713,0.1902951341227725,1
0.769971671388102,0.5131672597864769,0.489140480591498,0.1556215804920466,0.3951242527194459,0.3766243133846151,0.0798599000247442,0.0761208146722881,2
0.8708215297450425,0.7923487544483986,0.5224121996303168,0.1293887459690568,0.6899943544403335,0.454927790839545,0.1025210117082224,0.0675942593891032,1
0.7138810198300284,0.683629893238434,0.6102125693160829,0.2424363201565272,0.4880304053713467,0.4356191712964671,0.1657367156657255,0.1479376898182509,2
0.1274787535410765,0.2973309608540925,0.2371380160197169,0.6750606906047318,0.0379033802788503,0.0302300586993973,0.2007164437723321,0.160082552862906,5
0.6090651558073654,0.6177935943060496,0.623151571164513,0.4809956882495741,0.3762765517728064,0.3795399087829187,0.2971560550894165,0.2997332188560784,3
0.2507082152974504,0.2948398576512455,0.5917282809611848,0.9130403275480996,0.073918774510298,0.1483511412608069,0.2692006802041282,0.5402717834682741,4
0.7084985835694052,0.7046263345195728,0.0864910659272979,0.4694010652559874,0.4992267599528192,0.0612787977008986,0.3307523520309092,0.0405989984813994,1
0.2988668555240794,0.351067615658363,0.4971503388786189,0.8295590419942753,0.104922474368151,0.1485817585033833,0.291231314920766,0.4124155588472764,4
0.2376770538243626,0.2724199288256228,0.5926524953789283,0.6092612051161275,0.0647479660863165,0.1408598990433203,0.1659748941339486,0.361080173549646,5
0.7750708215297452,0.8715302491103202,0.2340573012939018,0.737091923620421,0.6754976661659593,0.1814109847988995,0.6423979078101106,0.1725217464481265,1
0.2895184135977337,0.2738434163701068,0.5858749229821321,0.7812964237834703,0.0792827114816569,0.1696215782684813,0.2139528818866122,0.4577419821103559,4
0.8345609065155808,0.7788256227758005,0.3862446087492337,0.3746150222834159,0.6499774177613338,0.3223446508145163,0.2917597780310518,0.1446930327134434,1
0.6512747875354108,0.8341637010676154,0.4518638324091206,0.7601362368201745,0.5432697871825631,0.2942875214471865,0.6340780566215262,0.3434780731226109,2
0.6407932011331445,0.8375444839857652,0.3424984596426377,0.7883981303670422,0.5366928109846462,0.2194706843375769,0.6603185052736064,0.2700251452358474,1
0.6325779036827196,0.6734875444839857,0.4734288354898339,0.8394144715388239,0.4260333390461021,0.2994806202971102,0.5653351912410051,0.3974030157539397,2
0.7456090651558074,0.5612099644128113,0.3160043130006151,0.2970759810138047,0.4184432369219601,0.2356156804015917,0.1667220007326583,0.0938772912892511,2
0.4912181303116148,0.2555160142348753,0.1410197165742452,0.3979492010580092,0.1255140987771314,0.0692714415126745,0.1016823937222955,0.0561186835441477,3
0.2617563739376771,0.2738434163701068,0.6049753542821925,0.8104279140548569,0.0716802596957446,0.1583561550585682,0.2219303487064813,0.4902889144255153,4
0.6634560906515581,0.7309608540925266,0.4453943314849056,0.2918584006666906,0.4849604306755516,0.2954995819653396,0.213337065825403,0.1299920772531944,2
0.7096317280453258,0.8026690391459074,0.3163123844731963,0.5973767165477009,0.5695994172975916,0.2244653039958518,0.4794957950794801,0.1889576536399719,1
0.2929178470254958,0.8145907473309607,0.6977048675292679,0.795644769738034,0.2386081679150746,0.2043702076558818,0.6481248675908753,0.5551252286704298,3
0.4728045325779037,0.2934163701067616,0.582178065311151,0.487227798108627,0.1387285897190326,0.275256428046547,0.1429606119361434,0.2836533368686925,4
0.569971671388102,0.597864768683274,0.5335027726432564,0.3973694699083299,0.3407659814704666,0.3040814670136634,0.2375732062085388,0.211997713959875,3
0.2359773371104816,0.3496441281138789,0.6533425754775131,0.9153592521468168,0.0825080902886292,0.1541740411820873,0.320049987627846,0.5980431712847716,4
0.3464589235127479,0.4169039145907472,0.6379390018484301,0.6389724265371934,0.1444400814573608,0.2210196598472039,0.2663901059389046,0.4076254319938065,3
0.6325779036827196,0.6176156583629894,0.6052834257547737,0.3901228305373382,0.3906900184488825,0.3828889205978498,0.240945968824751,0.2361348833327891,2
0.3305949008498584,0.2861209964412811,0.5769408502772642,0.5840429001050762,0.094590142449568,0.1907337031936451,0.1671069365425199,0.3369582073850219,4
0.3526912181303117,0.3199288256227758,0.6262322858903282,0.730135149824269,0.1128360872238968,0.2208666277431894,0.2335912810291878,0.4572342038833292,3
0.515014164305949,0.7220640569395017,0.4734288354898339,0.6414362839233305,0.3718732168600607,0.2438225560681354,0.4631580854378781,0.3036744329387488,2
0.4167138810198301,0.4946619217081849,0.5473659889094264,0.6617268741621072,0.206132489187745,0.2280950055767043,0.3273310872189782,0.3622067848636854,3
0.593201133144476,0.5948398576512456,0.4475508317929808,0.7726004565382802,0.3528596775982177,0.2654876605593489,0.459573545588518,0.345777976967344,2
0.3824362606232295,0.2722419928825622,0.6022027110289621,0.7750643139244175,0.1041152097426229,0.2303041529430874,0.2110050534349392,0.4667458310670867,3
0.5529745042492917,0.588967971530249,0.5932686383240906,0.7039023153012791,0.3256842720756504,0.3280624311639163,0.4145759187984401,0.4176031681119645,2
0.8065155807365441,0.8774021352313167,0.6018946395563809,0.3564984238559366,0.7076384926355692,0.4854374047640274,0.3127924782977977,0.2145744903291868,1
0.4892351274787536,0.34288256227758,0.7128003696857661,0.1435921591362005,0.1677501940661135,0.3487269797301184,0.0492352474475904,0.102352544116261,3
0.6269121813031162,0.4731316725978648,0.3471195317313622,0.5899851443892894,0.2966120089119192,0.2176134628106245,0.2791406581727972,0.2047953670488702,3
0.5470254957507082,0.6612099644128114,0.5763247073321018,0.6930323562447915,0.3616987085782263,0.3152643087417248,0.4582398996095455,0.3994116698844564,3
0.5892351274787536,0.6211743772241992,0.6745995070856452,0.7552085220479001,0.3660177633502364,0.3974977265547145,0.4691161833575122,0.509463296720392,2
0.3694050991501417,0.34288256227758,0.7319008009858301,0.6463639986956049,0.126662566915004,0.2703678879562387,0.2216269440367314,0.4730743283737172,3
0.7209631728045327,0.6834519572953736,0.5285736290819507,0.5133156998441972,0.4927436915911405,0.3810821206837294,0.350826619768961,0.2713251423313886,2
0.8541076487252126,0.8172597864768684,0.3535890326555773,0.2369288742345736,0.6980278346254274,0.3020030972964775,0.1936324411671524,0.0837754514487778,1
0.6654390934844193,0.588967971530249,0.5852587800369697,0.5586796623066053,0.3919223130664462,0.3894540720415983,0.3290444274439258,0.32697217759303,2
0.6424929178470254,0.7161921708185052,0.5482902033271735,0.4682416029566287,0.4601483975683766,0.3522725725626145,0.3353509700890445,0.2567322836913316,2
0.6410764872521247,0.8475088967971528,0.3532809611829961,0.8768071306931411,0.5433180264736422,0.2264801176082493,0.743101844037621,0.3097592659033777,2
0.4555240793201133,0.3455516014234875,0.4041127541589659,0.3278017319468096,0.1574070750960249,0.1840830902797782,0.1132724134236128,0.1324688607151043,3
0.2864022662889519,0.3281138790035586,0.8024491682070263,0.4250516323055182,0.0939725585474781,0.2298232603561766,0.1394653398525578,0.3410823287886018,4
0.6099150141643059,0.6827402135231316,0.4678835489833659,0.6949164824812493,0.4164135070015021,0.2853692014054353,0.4744474276299917,0.3251399900703639,2
0.4838526912181304,0.7384341637010675,0.4765095502156526,0.5912895394760678,0.3572933573941709,0.2305604282629843,0.4366283965881994,0.2817551125029614,3
0.476487252124646,0.4412811387900355,0.4096580406654375,0.9560853654117902,0.2102648372364985,0.1951968341074408,0.421902438829402,0.3916680575034928,3
0.6407932011331445,0.6176156583629894,0.5754004929143584,0.4178049929345265,0.3957639147923745,0.3687127237881809,0.2580429057786017,0.2404051988766065,2
0.4212464589235128,0.3163701067615658,0.6616605052372151,0.656799159389833,0.1332697871825633,0.2787221448407193,0.2077916201770681,0.434578063641255,3
0.5801699716713881,0.3496441281138789,0.477125693160815,0.295916518714446,0.2028530239028963,0.2768139998848014,0.1034654731804068,0.1411893741093653,2
0.1082152974504249,0.2466192170818505,0.5063924830560715,0.6740461610927933,0.0266879719335033,0.054799413180572,0.1662327365257315,0.3413319092101923,5
0.3373937677053825,0.154270462633452,0.6672057917436867,0.5041849342367477,0.0520498926335527,0.2251110759112552,0.0777808430575196,0.3363951082326678,4
0.3175637393767705,0.3585409252669038,0.5646179913739999,0.7085401644987137,0.1138595969473652,0.1793022006601285,0.254040646168133,0.4000545244870672,4
0.2008498583569405,0.2741992882562277,0.4546364756623546,0.8565165404543644,0.0550728882078372,0.0913136717406825,0.2348562257722732,0.3894036612986848,4
0.6977337110481587,0.8250889679715302,0.3884011090573018,0.7331787383600854,0.5756923875676712,0.2710005471977718,0.6049376885721914,0.2847674351162905,1
0.7155807365439094,0.8809608540925268,0.4059611829944565,0.4030218486177034,0.6303986168378818,0.2904980023354099,0.355046471976201,0.1636112264374556,2
0.7345609065155807,0.7999999999999997,0.3902495378927924,0.2772201891372875,0.5876487252124644,0.286662054321816,0.2217761513098299,0.1081850507053789,1
0.8410764872521247,0.7999999999999997,0.4475508317929808,0.4772274357766586,0.6728611898016995,0.3764244814712068,0.3817819486213267,0.2135835358362748,2
0.56657223796034,0.3275800711743772,0.4638786198398037,0.486358201384108,0.1855977740364743,0.2628207477845913,0.1593212542256482,0.2256111712058293,3
0.3980169971671388,0.4329181494661921,0.5754004929143584,0.8130367042284141,0.1723087818696883,0.2290191763582644,0.3519783454426568,0.4678217203704948,3
0.5240793201133145,0.793238434163701,0.3939463955637734,0.8024566107467661,0.4157198592642626,0.2064591591481532,0.6365394253930753,0.3161248894000105,2
0.6067988668555241,0.6998220640569394,0.3452711028958717,0.6585383528388709,0.4246512354702448,0.209510113995172,0.4608596693443556,0.2273742633839076,2
0.4696883852691219,0.4754448398576512,0.2962877387553924,0.9989854704880612,0.2233109191172764,0.1391629095910596,0.4749624870363165,0.2959871461003994,2
0.8178470254957507,0.8596085409252668,0.2685613062230452,0.3751947534330953,0.7030282882864718,0.2196420654577709,0.3225206145614382,0.1007627930700254,1
0.7728045325779037,0.7421708185053378,0.2796518792359848,0.1482300083336352,0.5735529724879778,0.2161162398174975,0.110011986612027,0.0414528003896667,1
0.7235127478753542,0.6297153024911032,0.3717652495378942,0.527519113011341,0.455607048884498,0.2689768972577286,0.3321868578197751,0.1961132746846698,2
0.754957507082153,0.8596085409252668,0.2697935921133698,0.5804195804195802,0.6489679211234664,0.2036826977286489,0.4989336286489309,0.1565934835343334,1
0.8328611898016998,0.7309608540925266,0.3591343191620488,0.5014312112757708,0.6087889266379684,0.2991090363559273,0.3665265864627876,0.1800811566681254,1
0.4838526912181304,0.6713523131672597,0.6641250770178715,0.778107902460234,0.3248356234814957,0.3213387058205452,0.5223845402104026,0.5167609706496173,3
0.7053824362606234,0.7640569395017792,0.5593807763401131,0.4570817783253016,0.5389523454276007,0.3945773748121478,0.3492365046492606,0.2556827600105267,2
0.3317280453257791,0.2973309608540925,0.646873074553298,0.855791876517265,0.0986330184589638,0.2145859405954425,0.2544534209360052,0.5535887223404595,3
0.6334277620396601,0.4101423487544483,0.3557455329636489,0.6525961085546577,0.25979555008922,0.2253390968007702,0.2676573007506202,0.2321581504477799,2
0.1660056657223796,0.290035587188612,0.595733210104747,0.6643356643356644,0.0481475507344268,0.0988950881363687,0.192680984495931,0.395766817901755,5
0.4994334277620397,0.6023131672597865,0.665049291435615,0.8288343780571759,0.3008153297107659,0.3321478472524048,0.4992178593814128,0.5512157158444034,2
0.7135977337110482,0.7836298932384341,0.2448398028342602,0.739700713793978,0.5591965158831772,0.1747171284247879,0.5796515913787684,0.1811081769216791,1
0.463172804532578,0.3309608540925267,0.4888324091189169,0.6836117250625022,0.1532920669805329,0.2264138778780252,0.2262487203943512,0.3341715664642416,4
0.4949008498583571,0.7135231316725977,0.5193314849044981,0.4794014275879559,0.353123204258365,0.2570175932374386,0.3420640079408724,0.2489682552545893,2
0.3858356940509915,0.2352313167259786,0.6058995686999431,0.7247726366897351,0.0907606383514965,0.2337776806145389,0.1704892216554857,0.439139427975831,3
0.4110481586402267,0.3227758007117437,0.7513093037584717,0.6005652378709372,0.132676398536187,0.3088243058791906,0.1938479255334305,0.4512102507263548,3
0.8869688385269122,0.7642348754448399,0.412430683918668,0.1612739592014201,0.6778525198350691,0.365813164688201,0.1232511841227934,0.066514329291713,2
0.1889518413597734,0.2338078291814946,0.5110135551447961,0.5123011703322584,0.0441784198481747,0.0965569522044133,0.1197800245225244,0.2617928423563271,5
0.5368271954674222,0.8071174377224198,0.3948706099815169,0.8388347403891445,0.4332825905053784,0.211977282128888,0.6770381463354376,0.3312311856111489,2
0.4801699716713882,0.490035587188612,0.5963493530499093,0.4860683358092684,0.2353003740183279,0.2863490519602256,0.2381907823520863,0.2898665375979032,3
0.6427762039660058,0.6300711743772242,0.6234596426370942,0.6159281133374397,0.4049947576945954,0.4007450224202739,0.3880785497024686,0.3840063214314998,2
0.86657223796034,0.7612099644128113,0.2319008009858301,0.048806116163629,0.6596434224189207,0.2009587960950862,0.0371517019480435,0.011318177431353,1
0.4535410764872522,0.7138790035587189,0.7001694393099207,0.8034711402587049,0.3237734517556683,0.3175556012280972,0.5735811769960719,0.5625659377766401,2
0.7212464589235128,0.7569395017793595,0.2910505237215055,0.4486756766549511,0.5459399352776911,0.2099191596019697,0.3396203431477157,0.1305872906715244,2
0.5192634560906516,0.7064056939501778,0.5513709180529887,0.7079604333490344,0.3668106620426844,0.2863067684960703,0.5001072812091932,0.3903487940808487,2
0.6512747875354108,0.7138790035587189,0.666897720271102,0.4476611471430123,0.4649313963686954,0.4343336710774117,0.3195758936544067,0.2985441984836212,2
0.6971671388101984,0.8131672597864769,0.3452711028958717,0.813906300952933,0.5669134918794674,0.2407116669197564,0.6618419564688441,0.2810183261839185,2
0.38328611898017,0.2953736654804271,0.4672674060382036,0.9994202688503206,0.1132126258909399,0.1790971105863143,0.2952024281657531,0.4669965165676933,4
0.7606232294617564,0.43932384341637,0.2824245224892188,0.2402623283452298,0.3341599205589103,0.214818652374944,0.1055529695167922,0.0678559733550494,2
0.3509915014164306,0.4873665480427046,0.8850123228589091,0.4327330700387695,0.1710615164376518,0.3106318039722913,0.210899622568717,0.3829740994928783,4
0.6325779036827196,0.6637010676156582,0.3209334565619244,0.6102757346280661,0.419842630024296,0.2030154131735912,0.4050406566125775,0.1958579009700529,2
0.6124645892351275,0.5170818505338078,0.5134781269254489,0.5772310590963439,0.3166943231881282,0.3144871700886177,0.2984757042231273,0.2963955230279838,3
0.2436260623229462,0.2019572953736654,0.7734904497843509,0.7739048516250588,0.0492020606292782,0.1884424325253659,0.1562957307107547,0.5986080117737581,4
0.6079320113314448,0.6313167259786477,0.6844577942082566,0.5228812638139062,0.3837976470113819,0.4161038035045095,0.3301036875465728,0.3578901564628917,2
0.4688385269121813,0.4946619217081849,0.4999229821318565,0.7062212398999963,0.2319165666932141,0.2343831545122443,0.3493407556800692,0.3530562282956634,3
0.3963172804532578,0.2722419928825622,0.5926524953789283,0.8272401173955577,0.1078942062443922,0.2348784252224138,0.2252094981521713,0.4902659198520348,3
0.5988668555240794,0.686476868327402,0.5224121996303168,0.7131780136961485,0.4111082435252486,0.3128553512800254,0.489580209402089,0.3725728948629851,2
0.5093484419263457,0.6181494661921708,0.4176678989525584,0.7663683466792275,0.3148534674825844,0.212738493574136,0.4737301844063409,0.3200874571812588,3
0.9240793201133144,0.7677935943060498,0.4084257547751093,0.0424290735171563,0.7095021826136924,0.3774177937893502,0.032576770858813,0.0173291263756531,1
0.6940509915014165,0.7677935943060498,0.503619839802834,0.5434617196275227,0.5328879053965502,0.3495378491549414,0.4172664270805623,0.2736981041777856,2
0.2869688385269122,0.3423487544483986,0.6709026494146677,0.785064676256386,0.098243424435192,0.1925281540671553,0.268765914077809,0.5267019712622777,4
0.2552407932011332,0.2597864768683274,0.8816235366605056,0.9381136997717308,0.0663081064187997,0.2250262908020157,0.2437092529656097,0.827063117782425,4
0.4441926345609065,0.2702846975088967,0.1484134319162073,0.6085365411790282,0.1200584718679745,0.0659241533270858,0.1644781149556839,0.0903149965227979,3
0.6917847025495751,0.6140569395017793,0.4934534812076414,0.5138954309938766,0.4247951972417408,0.3413635697192805,0.3155610555800476,0.2535834894006296,2
0.1543909348441926,0.2822064056939501,0.552911275415898,0.9660857277437588,0.0435701107941084,0.0853644886973553,0.2726355808187902,0.5341596918878977,5
0.2155807365439094,0.285409252669039,0.9949938385705508,0.8005724845103084,0.0615287369068381,0.214501504575691,0.2284907945114829,0.7965646894168745,4
0.4260623229461757,0.2540925266903915,0.3668361059765885,0.7195550563426212,0.1082592521649713,0.1562950434529147,0.1828335623589436,0.2639587749044919,3
0.6940509915014165,0.4756227758007118,0.5076247689463962,0.3250480089858327,0.3301064591251399,0.3523174741979237,0.1546002363023364,0.1650024204579194,2
0.8181303116147309,0.7923487544483986,0.5233364140480603,0.169390195296931,0.6482445333844122,0.4281573835044754,0.1342161102592942,0.0886480573815964,1
0.4175637393767706,0.2540925266903915,0.3745378927911318,0.675930287329251,0.1060998255925317,0.156393443052161,0.1717488345740517,0.2531615054900019,4
0.4101983002832862,0.4540925266903914,0.5199476278496604,0.9853617884705969,0.1862679826197413,0.2132816331802573,0.4474454242307763,0.5123365244889857,3
0.3025495750708216,0.2293594306049822,0.48359519408503,0.7559331859849994,0.0693925982680229,0.1463115204767173,0.1733804051129295,0.3655656557917308,4
0.2362606232294617,0.2864768683274021,0.6977048675292679,0.733758469509765,0.0676832034518564,0.1648401868326938,0.210204828453865,0.5119468557677889,4
0.5637393767705383,0.5816725978647687,0.4977664818237848,0.7911518533280191,0.3279117478047846,0.2806105662406039,0.4601913538308352,0.3938088746194551,2
0.3430594900849859,0.340035587188612,0.9996149106592718,0.5753469328598861,0.1166524351516739,0.3429273815321185,0.1956384321521783,0.5751253728888212,4
0.6297450424929179,0.4731316725978648,0.2839648798521281,0.6196963658103554,0.2979523252648877,0.1788254753289747,0.2931979780586717,0.1759720040621379,3
0.5161473087818698,0.7845195729537365,0.5100893407270526,0.8043407369832241,0.4049276662667728,0.2632812404545864,0.6310210514873726,0.4102856362476844,2
0.8467422096317281,0.9026690391459076,0.3126155268022188,0.5975216493351208,0.7643279767725546,0.2647047619296975,0.5393642930742114,0.1867945451826294,2
0.6852691218130312,0.7921708185053379,0.341266173752313,0.810282981267437,0.542850201123063,0.2338591711917408,0.6418825324915709,0.2765221726737553,1
0.6668555240793202,0.8713523131672597,0.5661583487369093,0.6765100184789303,0.581066103454881,0.3775458223588342,0.5894785694824416,0.3830117949660072,2
0.6424929178470254,0.4352313167259786,0.6216112138016037,0.4762129062647195,0.2796330386216769,0.3993808025218235,0.2072627702354988,0.2960192826912016,3
0.6362606232294618,0.6852313167259786,0.6767560073937169,0.3304105221203666,0.4359857046364158,0.4305931990386085,0.2264076371326568,0.2236073057510526,1
0.643059490084986,0.5948398576512456,0.5914202094886036,0.4425884995833182,0.3825174155434356,0.380318378339697,0.2632692800902194,0.2617557831408128,2
0.2903682719546743,0.4868327402135231,0.8508163894023433,0.7085401644987137,0.1413607815067595,0.2470500847414737,0.3449405498342492,0.602837584505338,4
0.4736543909348443,0.4202846975088967,0.5338108441158376,0.6250588789448894,0.1990696924178117,0.2528418502441021,0.2627026818626029,0.3336632077916706,3
0.4674220963172805,0.3001779359430604,0.491913123844732,0.6979600710170657,0.1403098000866996,0.2299310635534866,0.2095122134885746,0.3433357188528957,3
0.6560906515580737,0.6850533807829181,0.6693622920517583,0.3021486285734989,0.4494571189499259,0.4391623423206437,0.2069879395031976,0.2022468985622526,2
0.2325779036827195,0.2597864768683274,0.8615988909427053,0.9520272473640348,0.0604205941951548,0.2003888638708104,0.2473238044753542,0.8202656204760889,4
0.6696883852691219,0.8341637010676154,0.4475508317929808,0.7156418710822856,0.5586297420180858,0.2997195938692937,0.5969624718209526,0.320286114668762,1
0.7062322946175638,0.4209964412811388,0.3471195317313622,0.5279539113736005,0.2973212827518071,0.2451470234012141,0.2222667178487435,0.1832631144917453,2
0.6130311614730879,0.4731316725978648,0.2562384473197809,0.6523062429798181,0.2900444587823738,0.1570821529745059,0.3086267437870705,0.1671459388781483,2
0.2631728045325779,0.346797153024911,0.534735058533581,0.4915757817312221,0.0912675793654794,0.1407277250361747,0.1704770816003828,0.2628628044177359,4
0.6331444759206799,0.6215302491103202,0.6524183610597696,0.4685314685314685,0.3935184438418033,0.4130750812942167,0.2912064803523877,0.3056785328042277,2
0.1031161473087819,0.2434163701067615,0.7134165126309355,0.6650603282727634,0.0251001582772977,0.073564762208969,0.1618865710101673,0.47446502008554,5
0.656657223796034,0.4638790035587188,0.3092267406038225,0.7024529874270806,0.3046094986541388,0.2030559730084024,0.3258531918545194,0.217217247729494,2
0.4677053824362607,0.7220640569395017,0.4876001232285922,0.8059349976448422,0.3377132458943676,0.2280532021105965,0.5819366940289625,0.3929740041658602,3
0.5614730878186969,0.827224199288256,0.3859365372766525,0.6627414036740462,0.4644641254927261,0.2166929792867777,0.5482357269894377,0.2557761224438295,1
0.1903682719546742,0.2281138790035587,0.6354744300677773,0.6569440921772527,0.0434256449547851,0.1209741691233842,0.1498580651550245,0.417471172562733,5
0.7660056657223797,0.6033807829181496,0.4552526186075205,0.2991050400376823,0.4621930983033078,0.3487260851883103,0.1804742332327012,0.1361683527158621,2
0.6067988668555241,0.6220640569395018,0.6105206407886641,0.6839015906373418,0.3774677648624399,0.3704632330224698,0.4254305980192432,0.4175360373522965,2
0.088385269121813,0.2327402135231315,0.5772489217498453,0.5841878328924961,0.0205708064077102,0.0510203012991364,0.135964000965015,0.3372217966365722,5
0.4801699716713882,0.344306049822064,0.5618453481207659,0.0,0.165325426189348,0.2697812648908494,0.0,0.0,3
0.671671388101983,0.7439501779359431,0.3209334565619244,0.7820210877205696,0.4996900486929521,0.2155618202573152,0.5817847273593775,0.2509767307864783,2
0.2994334277620397,0.4035587188612098,0.4888324091189169,0.9995652016377404,0.1208389704918693,0.146372763863653,0.4033832521911734,0.4886198655880125,4
0.4033994334277621,0.3163701067615658,0.4238293284041887,0.698539802166745,0.1276235218210962,0.1709725109483186,0.2209971117886962,0.2960616552159263,3
0.706515580736544,0.7999999999999997,0.3295594577942111,0.3322946483568245,0.565212464589235,0.2328388917106976,0.2658357186854594,0.1095108441403931,1
0.7994334277620397,0.7736654804270463,0.4466266173752302,0.3283814630964889,0.6184940469589589,0.3570482476580452,0.2540574024098814,0.1466639020715138,2
0.6507082152974505,0.4412811387900355,0.2355976586568076,0.5660712344650167,0.2871452622664905,0.1533053319928292,0.2497965589810037,0.1333650574729267,2
0.7127478753541077,0.6955516014234876,0.3856284658040678,0.3304105221203666,0.4957529261137379,0.2748558696779135,0.2298175677879916,0.1274157027307979,2
0.7413597733711049,0.7439501779359431,0.3206253850893432,0.6395521576868728,0.551534735313984,0.2376987628268587,0.4757949415104653,0.2050566568430739,2
0.6946175637393768,0.641459074733096,0.461722119531732,0.3034530236602775,0.4455687397296179,0.320720293793713,0.1946526957820818,0.1401109732627361,3
0.269971671388102,0.3524911032028469,0.659504004929147,0.943186347331425,0.0951626122811085,0.1780473984978688,0.3324647960967175,0.6220351734595683,4
0.4813031161473088,0.3455516014234875,0.392406038200864,0.2150440233341787,0.1663150625548173,0.1888662489810957,0.0743088066396752,0.0843845732353392,3
0.0968838526912181,0.2743772241992882,0.869300677757245,0.8924598717344832,0.0265827225711491,0.0842211988082089,0.2448706623157603,0.7758159713699301,5
0.2546742209631729,0.2476868327402135,0.4247535428219358,0.745787890865611,0.0630794511709495,0.1081737776195242,0.1847218405845072,0.3167760488388675,4
0.4960339943342777,0.344306049822064,0.5664664202094905,0.0,0.1707875051666952,0.280986601072753,0.0,0.0,3
0.8878186968838527,0.801423487544484,0.2097196549599509,0.3307003876952062,0.7115187563638564,0.1861930307774748,0.2650310580390051,0.0693543712025606,1
0.3113314447592069,0.2455516014234874,0.5861829944547168,0.8502844305953114,0.0764479348341112,0.1824971985568651,0.2087887035981368,0.4984222736645834,4
0.4954674220963174,0.3838078291814946,0.5519870609981545,0.515199826080655,0.1901642757049388,0.2734916061432783,0.1977377268426997,0.2843836378250211,3
0.6946175637393768,0.6174377224199289,0.2756469500924225,0.1508387985071921,0.4288830865081205,0.1914692129253881,0.0931335642028392,0.0415782547641129,3
0.8212464589235129,0.8110320284697509,0.3126155268022188,0.4627341570346751,0.6660571814543366,0.2567343943908307,0.3752922220220727,0.1446578822707756,1
0.558356940509915,0.7322064056939502,0.5670825631546563,0.604188557556433,0.4088325285050356,0.3166344849795546,0.4423907320898081,0.3426247958478166,2
0.476487252124646,0.3649466192170818,0.3409581022797319,0.7063661726874162,0.1738924117629268,0.1624621892449034,0.2577859466515819,0.2408412697540988,3
0.421529745042493,0.3455516014234875,0.4158194701170679,0.3915721584115366,0.1456602784470678,0.1752802752221521,0.135308386411958,0.1628233274232817,3
0.3025495750708216,0.2893238434163701,0.4453943314849056,0.7466574875901302,0.0875348058834796,0.1347538657297108,0.2160258140251871,0.3325570125334052,3
0.8569405099150144,0.8891459074733096,0.1554990757855847,0.463603753759194,0.7619451473390261,0.1332534572950124,0.4122113803442513,0.0720899552402824,1
0.1985835694050992,0.3238434163701068,0.5556839186691356,0.730135149824269,0.0643099815511175,0.1103496960303297,0.236449461330991,0.4057243612124262,5
0.6609065155807367,0.6987544483985765,0.7306685150955055,0.3309902532700459,0.4618113677376428,0.4829035823563214,0.231280911849016,0.2418441568679097,2
0.5637393767705383,0.6211743772241992,0.5800215650030829,0.8492699010833726,0.3501804562821973,0.3269809955683102,0.5275447019007212,0.4925948571363912,2
0.5053824362606232,0.347508896797153,0.3957948243992604,0.6405666871988116,0.1756248928855866,0.2000277526142437,0.222602622793466,0.2535329794758696,3
0.5898016997167139,0.597864768683274,0.5147104128157736,0.3696873075111416,0.352621656770135,0.3035770763406347,0.221023016590291,0.1902819066618115,3
0.2835694050991502,0.2902135231316726,0.4937615526802261,0.7731801876879598,0.0822956761061768,0.1400156697543644,0.2243873462845307,0.3817666499743957,4
0.4702549575070822,0.347508896797153,0.3954867529266792,0.6678140512337403,0.1634177814966782,0.1859796061921494,0.2320713242098745,0.2641116106812429,2
0.8577903682719549,0.801423487544484,0.2100277264325321,0.3549041631943185,0.6874533485225773,0.1801597608038831,0.2844285322112474,0.074539714497143,1
0.8949008498583569,0.8085409252669037,0.3776186075169434,0.3746150222834159,0.7235639611666144,0.337931212789242,0.3028915767359148,0.1414616030695922,1
0.2838526912181304,0.3354092526690391,0.6918515095502187,0.7847748106815464,0.0952068190295686,0.1963839129091556,0.2632207327641841,0.542947637427015,3
0.1280453257790368,0.2485765124555159,0.4666512630930377,0.898547048806116,0.0318290605183833,0.059752513007947,0.2233576916694205,0.4193081152738954,5
0.3742209631728045,0.2185053380782918,0.6031269254467055,0.75535345483532,0.0817692780740576,0.2257027389561184,0.1650487620173973,0.4555740068403735,3
0.768271954674221,0.8793594306049822,0.3871688231669772,0.3657741222508061,0.6755871886120998,0.2974509485634114,0.321646923872506,0.1416163364567786,2
0.368271954674221,0.2530249110320284,0.4530961182994488,0.6156382477626001,0.0931819785670359,0.16686259314144,0.1557718128680457,0.2789433003379084,4
0.3240793201133145,0.2893238434163701,0.4278342575477509,0.6760752201166709,0.0937638744669482,0.1386522353072597,0.1956046811227236,0.2892481398450481,3
0.4662889518413598,0.7220640569395017,0.4983826247689507,0.7762237762237763,0.3366904922726402,0.2323903117194597,0.5604832889530398,0.3868564430024722,3
0.6220963172804533,0.4638790035587188,0.3006007393715357,0.7670930106163267,0.2885774197776052,0.1870026129348137,0.3558383414015593,0.2305887261580051,2
0.3113314447592069,0.3377224199288257,0.604051139864449,0.8053552664951629,0.1051436089240168,0.1880601140824446,0.2719865295031707,0.4864757667222402,4
0.3436260623229462,0.3998220640569394,0.2439155884165131,0.7252074350519946,0.1373892815017188,0.0838157531867508,0.2899539335519273,0.1768893982447374,4
0.4144475920679887,0.3309608540925267,0.5159426987061018,0.6543353020036957,0.1371659290474126,0.2138312091238036,0.2165593704140345,0.3375995215744589,4
0.7852691218130312,0.6953736654804269,0.5023875539125093,0.4143266060364505,0.5460554676237234,0.394509433270673,0.2881118107456313,0.2081525301275243,2
0.7730878186968839,0.801423487544484,0.2174214417744941,0.6725968332185948,0.6195707358382144,0.1680858681593752,0.5390348997894219,0.1462369732113458,1
0.1198300283286119,0.2807829181494662,0.9552526186075204,0.8110076452045365,0.0336462250360408,0.1144679483487198,0.2277170932620567,0.7747171767923523,5
0.660056657223796,0.6565836298932383,0.4376925446703659,0.6789738758650676,0.4333823959351969,0.2889018779268987,0.445803132018167,0.2971818034920825,1
0.4339943342776204,0.3113879003558718,0.5310382008626,0.6150585166129205,0.1351405845170526,0.2304675704593493,0.1915217800840944,0.3266195680873449,3
0.5305949008498584,0.4233096085409252,0.7426833025261885,0.3599768107540128,0.2246059197725645,0.3940639732667284,0.1523816428440918,0.267348766643635,3
0.3458923512747875,0.340035587188612,0.9583333333333356,0.5479546360375375,0.117615708769772,0.3314801699716721,0.1863240764177462,0.525123192869308,4
0.238243626062323,0.2218861209964412,0.2781115218730789,0.90390956194065,0.0528629540390954,0.0662582974207533,0.2005649864306032,0.2513876639069423,4
0.8399433427762041,0.9218861209964412,0.380391250770181,0.4122975470125728,0.7743321101287389,0.3195070987347271,0.3800913863117686,0.15683437959759,2
0.6184135977337111,0.8165480427046262,0.2466882316697471,0.9088372767129244,0.5049644128113878,0.1525553568654555,0.7421092994369411,0.2241994606678599,2
0.7048158640226629,0.6023131672597865,0.4817467652495395,0.3830211239537664,0.4245198753944331,0.3395427625894772,0.2306986662959963,0.1845191874869698,2
0.6597733711048159,0.7923487544483986,0.570163277880468,0.7920214500525382,0.522770608813122,0.3761785479273682,0.6275572094455432,0.4515815461135965,1
0.1252124645892351,0.2775800711743772,0.7879698089956904,0.8984021160186964,0.034756484832599,0.0986636418062592,0.2493785233076808,0.7079137437605763,5
0.3379603399433428,0.237900355871886,0.2288200862600149,0.7486865466140076,0.0804008851431048,0.0773321141382996,0.1781127958759657,0.1713145201779299,4
0.7235127478753542,0.6425266903914589,0.3548213185459019,0.5723033443240697,0.4648762513483814,0.2567177471859018,0.367720173728508,0.2030654272412957,2
0.7090651558073655,0.8007117437722419,0.3233980283425772,0.5841878328924961,0.567756797354652,0.2293102733545243,0.4677660583658776,0.1889251933391562,2
0.619830028328612,0.9284697508896796,0.3822396796056715,0.8484003043588537,0.5754934319962095,0.2369236314383029,0.7877140192427933,0.3242922605154824,2
0.5453257790368272,0.448932384341637,0.6009704251386339,0.5066487916228849,0.2448144022259635,0.3277246652668187,0.2274510500470709,0.3044809396975803,3
0.296600566572238,0.3258007117437722,0.4860597658656829,0.5662161672524366,0.0966326756928412,0.1441656019437308,0.1844736302916746,0.2752148976840837,4
0.5818696883852692,0.5912811387900355,0.5261090573012943,0.7046269792383781,0.3440485719758451,0.3061269132285719,0.4166326427062509,0.3707106357961618,2
0.1220963172804532,0.2749110320284698,0.550138632162664,0.8259357223087793,0.0335656245904448,0.0671699009807671,0.2270588418090861,0.4543791485252337,5
0.8640226628895186,0.7309608540925266,0.3908656808379547,0.4747635783905214,0.6315667436210217,0.3377168063897343,0.3470335907523597,0.1855687893046748,1
0.2065155807365439,0.2501779359430605,0.8739217498459659,0.5452009130765607,0.051665641728751,0.1804784576877363,0.1363972391077658,0.4764629359734863,4
0.3167138810198301,0.302135231316726,0.6508780036968602,0.9433312801188448,0.0956904217031444,0.2061420986212719,0.2850136145270104,0.6139935804285573,4
0.6781869688385269,0.8145907473309607,0.3517406038200903,0.6660748577847024,0.5524448297762946,0.2385458939221802,0.5425784161812042,0.234285572666572,1
0.5980169971671389,0.591814946619217,0.5994300677757245,0.5828834378057175,0.3539153972558547,0.3584693691429332,0.3449591306302164,0.3493978586292285,2
0.2980169971671388,0.2476868327402135,0.459873690696245,0.7079604333490344,0.0738148861310777,0.1370501763774645,0.1753524774416113,0.3255723773511334,4
0.3356940509915014,0.2902135231316726,0.5088570548367208,0.7159317366571252,0.0974229532325869,0.1708202861137434,0.2077730716170411,0.3643069149794835,4
0.5787535410764872,0.6176156583629894,0.5858749229821321,0.450559802891409,0.357447249301866,0.3390771863038231,0.2782727892946763,0.2639716898178488,2
0.3305949008498584,0.2829181494661921,0.7704097350585357,0.6823073299757236,0.0935312975714011,0.2546935299754422,0.1930371271639502,0.5256562093150942,4
0.7022662889518414,0.6709964412811388,0.4638786198398037,0.4367911880865247,0.4712181807183975,0.325766316879001,0.2930853327890186,0.2026180934877652,2
0.8501416430594901,0.8172597864768684,0.3551293900184866,0.1527229247436501,0.694786577681893,0.3019102831290307,0.1248143048661183,0.0542363991060516,1
0.4685552407932012,0.6537366548042703,0.7103357979051168,0.6840465234247617,0.3063117357071567,0.3328315608314627,0.4471862859541947,0.4859027330211493,3
0.8393767705382438,0.8451957295373665,0.2103357979051168,0.4389651798978223,0.7094376619317897,0.1765509827741816,0.3710114954652412,0.0923300913663715,1
0.5135977337110482,0.4523131672597864,0.3656038200862603,0.8827493749773541,0.2323070176322925,0.1877732934324051,0.3992791656926038,0.3227365436704792,2
0.4623229461756374,0.6181494661921708,0.3930221811460264,0.7766585745860357,0.285784682386862,0.1817031726998059,0.4800910832939302,0.3052440469895676,3
0.296600566572238,0.302135231316726,0.6863062230437507,0.9368093046849524,0.0896134807899751,0.2035588145968291,0.2830430959706493,0.6429380556105719,4
0.4756373937677055,0.6181494661921708,0.4004158964879849,0.8111525779919562,0.2940150010585425,0.1904527734287044,0.5014135330861309,0.3247983867051892,3
0.5439093484419264,0.6181494661921708,0.4318391866913131,0.6875249103228376,0.3362172733963082,0.2348813706649635,0.4249931563098821,0.2969001981038321,3
0.3303116147308783,0.2807829181494662,0.8988755391250756,0.7507156056378854,0.0927458590827982,0.2969090307704924,0.2107881184513493,0.6747998947473619,3
0.1742209631728045,0.241103202846975,0.5988139248305622,0.8407188666256025,0.042005232224048,0.1043259387452679,0.2027000114373115,0.503434164203179,5
0.424929178470255,0.3649466192170818,0.363139248305611,0.968694517917316,0.1550764670894115,0.1543084624528092,0.3535217893680453,0.3517709990742603,3
0.591501416430595,0.588967971530249,0.6416358595194112,0.6383926953875139,0.3483753893923966,0.3795285197383939,0.3759928508421122,0.409615645815881,2
0.6779036827195467,0.7754448398576511,0.3323321010474451,0.527519113011341,0.5256769126853709,0.2252891551859875,0.4090619741109295,0.1753115351697436,1
0.1116147308781869,0.2973309608540925,0.2257393715341962,0.682162397188304,0.0331865151774822,0.0251958392024003,0.2028280010145295,0.1539909108255484,5
0.7855524079320114,0.8830960854092526,0.2491528034504,0.5583897967317655,0.6937182563285715,0.1957225846934729,0.4931118436262903,0.1391243832738183,1
0.7237960339943343,0.6752669039145908,0.51717498459643,0.295916518714446,0.488755506941014,0.3743292027319769,0.199822631409488,0.1530406210079728,2
0.281586402266289,0.1850533807829181,0.6801447935921168,0.3878039059386209,0.0521085157218755,0.1915195254477519,0.0717644238747625,0.2637628075588399,4
0.2892351274787536,0.2722419928825622,0.6271565003080717,0.950143121127577,0.0787419475164578,0.181395690315734,0.2586688568194292,0.5958884346381594,3
0.8274787535410766,0.7855871886120996,0.4389248305606905,0.2388130004710315,0.6500567076305789,0.3632009716905884,0.1876084336440576,0.1048209557674375,1
0.5184135977337111,0.4523131672597864,0.3640634627233545,0.8997065111054747,0.2344852963414757,0.188735449513807,0.4069491016423694,0.3275502678678073,2
0.2954674220963173,0.2893238434163701,0.507316697473815,0.8565165404543644,0.0854857701652334,0.1498955567890054,0.2478106574339495,0.4345251426350054,3
0.773371104815864,0.8793594306049822,0.3908656808379547,0.3734555599840573,0.6800711743772242,0.3022842234242539,0.3284016685838454,0.1459709617158881,2
0.3050991501416431,0.3258007117437722,0.4912969808995697,0.910866335736802,0.0994015202685673,0.1498942913396138,0.2967609004864918,0.4475058807505446,4
0.6628895184135978,0.6023131672597865,0.5014633394947658,0.4592557701365991,0.3992670853790086,0.3324147916197598,0.2766157974933074,0.2302999321749395,2
0.6750708215297451,0.7601423487544482,0.4358441158348718,0.5782455886082829,0.5131499198532153,0.2942256453355523,0.4395489598815985,0.252024937302392,1
0.3878186968838527,0.2455516014234874,0.5954251386321658,0.6807130693141055,0.0952295020818,0.2309170013562138,0.1671501842799759,0.4053136736650783,4
0.7592067988668556,0.8007117437722419,0.3092267406038225,0.6072321460922496,0.6079057998044216,0.2347670438578596,0.4862179105720859,0.1877724173259705,2
0.1348441926345609,0.2973309608540925,0.2331330868761583,0.6327403166781405,0.0400933533616283,0.0314366428762185,0.1881332863290342,0.1475127032181728,5
0.7844192634560907,0.8145907473309607,0.4423136167590904,0.3137432515670857,0.6389806740394987,0.3469593214747652,0.2555723497640779,0.1387729123343948,1
0.724929178470255,0.7316725978647688,0.2402187307455356,0.2947570564150874,0.530410815279304,0.1741415671325284,0.2156656612061992,0.0708061659703225,2
0.5736543909348442,0.3215302491103202,0.4173598274799772,0.3891083010253994,0.1844472392205094,0.2394202976336979,0.1251100889595901,0.1623981733869877,2
0.6101983002832863,0.8258007117437721,0.2796518792359848,0.8641979781876157,0.5039021906787777,0.1706431013808247,0.7136553054748619,0.2416745886321053,1
0.1402266288951841,0.2715302491103202,0.5778650646950112,0.8115873763542156,0.0380757714758097,0.0810320699784789,0.2203705224762513,0.4689879917425832,4
0.5328611898016998,0.4101423487544483,0.322165742452249,0.8166600239139099,0.218548939945359,0.1716696208364534,0.3349468603419149,0.2630998829352962,2
0.7192634560906516,0.708540925266904,0.4484750462107243,0.2315663611000398,0.5096275946891414,0.3225717117079402,0.1640742437545122,0.1038517344951896,2
0.6334277620396601,0.8165480427046262,0.2152649414664189,0.8579658683285627,0.5172241992882562,0.1363547901186721,0.700570350491063,0.1846899724259333,2
0.3135977337110482,0.3316725978647686,0.7947473813924866,0.8321678321678321,0.1040117750244472,0.2492309776774738,0.2760072667545976,0.6613632054944468,4
0.7767705382436262,0.8693950177935942,0.3566697473813924,0.3872241747889415,0.6753204359178571,0.2770505516486624,0.3366507683307416,0.1381111486019399,1
0.2779036827195468,0.3224199288256226,0.6083641404805924,0.6544802347911154,0.0896016856028146,0.1690666350740683,0.2110174707191282,0.3981623055002332,4
0.7535410764872522,0.7393238434163699,0.3483518176216904,0.3879488387260407,0.5571108848406641,0.2624974036469395,0.2868198264958538,0.1351426831144403,2
0.7773371104815865,0.7466192170818503,0.522720271102898,0.1073589622812419,0.5803748248364299,0.4063298651292782,0.0801562643651407,0.0561187058689765,2
0.1025495750708215,0.2587188612099643,0.3261706715958112,0.7986883582738504,0.0265315092798886,0.0334486637727149,0.2066357425142665,0.2605087182139377,5
0.239943342776204,0.2540925266903915,0.4170517560073961,0.6230298199210116,0.0609678102285443,0.1000687924471004,0.1583072211471894,0.2598356804430296,4
0.1739376770538244,0.2158362989323843,0.3822396796056715,0.7194101235552013,0.0375420644601937,0.0664858819484086,0.1552748184826439,0.2749870951328167,4
0.4396600566572238,0.4946619217081849,0.5193314849044981,0.7479618826769086,0.2174830885243917,0.2283293100769918,0.3699882622494315,0.3884401551825629,3
0.2609065155807366,0.2829181494661921,0.732516943930996,0.8836189717018732,0.0738151885717742,0.1911184434448859,0.2499918443071135,0.6472658687505054,4
0.3569405099150142,0.3161921708185053,0.5978897104128187,0.4114279502880538,0.1128617946830925,0.2134110581076916,0.1300902967369878,0.245988538053464,4
0.506515580736544,0.5567615658362989,0.7334411583487395,0.5753469328598861,0.2820084078513605,0.3714993742570953,0.3203310592381821,0.4219831208891493,3
0.1371104815864022,0.2338078291814946,0.5267252002464602,0.8179644190006883,0.0320575040577459,0.0722195458694863,0.1912464851542533,0.430842472392617,5
0.2002832861189802,0.2010676156583629,0.9148952556993208,0.6521613101923982,0.040270482796165,0.1832382282661246,0.1311285196650195,0.5966592886456783,5
0.4150141643059491,0.4135231316725979,0.2824245224892188,0.8382550092394652,0.1716179569122821,0.1172101771803698,0.3466378365609461,0.2367437707086516,2
0.5209631728045326,0.6181494661921708,0.4235212569316076,0.769267002427624,0.3220331071749014,0.2206389777612539,0.4755219869098872,0.3258009277841573,3
0.596600566572238,0.8693950177935942,0.3834719654959961,0.8969527881444979,0.5186815601907393,0.228779591879481,0.7798062852088996,0.3439562486268844,2
0.7654390934844193,0.8177935943060496,0.2885859519408491,0.6447697380339867,0.6259711874829875,0.2208949694459417,0.527288561566584,0.1860714886331899,2
0.4218130311614731,0.2069395017793595,0.2858133086876187,0.8430377912243197,0.0872897785125966,0.1205597780838142,0.1744578204971324,0.2409514204585247,3
0.5821529745042493,0.6902135231316727,0.743607516943932,0.5401282655168665,0.4018098555341607,0.4328933278526289,0.372803833085396,0.4016434383522299,3
0.6274787535410765,0.3838078291814946,0.5258009858287132,0.2327258233993984,0.2408312582541106,0.3299289471984701,0.0893219930733989,0.1223674673712026,3
0.6056657223796035,0.6297153024911032,0.3517406038200903,0.7368020580455814,0.3813969735767645,0.2130372269029329,0.4639755308582406,0.259163200792838,2
0.6753541076487253,0.7601423487544482,0.4423136167590904,0.6391173593246133,0.5133652576290665,0.2987183179472157,0.4858201706467522,0.2826903107363889,2
0.323229461756374,0.2752669039145907,0.3360289587184262,0.8921700061596434,0.0889743731916566,0.1086144594611117,0.2455848753610263,0.2997949581696368,4
0.479886685552408,0.3476868327402135,0.341266173752313,0.6463639986956049,0.1668502817739155,0.1637690930131496,0.2247322515037743,0.2205821686860941,3
0.7424929178470255,0.68576512455516,0.5251848428835508,0.2179426790825753,0.5091757482886897,0.3899460264016393,0.1494574884669475,0.1144601916716024,2
0.6028328611898017,0.6859430604982205,0.4718884781269281,0.7549186564730606,0.4135090177734315,0.2844698814317572,0.517831213648336,0.3562374159126977,2
0.6912181303116148,0.7074733096085409,0.5898798521256943,0.1905503822602268,0.4890183783129859,0.4077356484948142,0.1348093095848152,0.1124018313101571,2
0.9062322946175636,0.7046263345195728,0.2454559457794225,0.2638863726946627,0.6385551399796354,0.2224401049712103,0.185941287521506,0.0647724791880696,1
0.6980169971671388,0.3927046263345195,0.3683764633394979,0.3201202942135583,0.2741145040476646,0.2571330327672869,0.1257127205212318,0.1179247818255901,2
0.8218130311614732,0.952135231316726,0.4666512630930377,0.5728830754737491,0.782477140524029,0.3835000890178194,0.5454621595836354,0.267336610774449,1
0.351558073654391,0.349288256227758,0.4648028342575507,0.6394072248994529,0.1227951065095319,0.1634051890406857,0.2233374346045598,0.2971982903780208,3
0.146742209631728,0.1749110320284697,0.6903111521873093,0.5476647704626979,0.0256668313288235,0.1012977838053898,0.0957926102072654,0.3780590987105032,5
0.5841359773371105,0.544661921708185,0.3714571780653131,0.7944853074386753,0.3181566239553194,0.2169815017480667,0.432725894318467,0.295117270315523,2
0.4181303116147309,0.6752669039145908,0.5938847812692565,0.7225986448784376,0.2823495609569224,0.2483212286553605,0.4879469496999414,0.4291403381590921,3
0.6215297450424929,0.7327402135231317,0.230976586568083,0.7866589369180041,0.4554198380934138,0.1435588189604459,0.5764166374071781,0.1816997960425975,2
0.7716713881019831,0.827224199288256,0.3600585335797923,0.6888293054096162,0.6383452461363199,0.2778468684054828,0.5698162706137553,0.2480188695925732,1
0.324929178470255,0.3281138790035586,0.8089186691312378,0.4756331751150403,0.1066137731493149,0.2628412786100651,0.1560618460697747,0.3847485550087233,4
0.1685552407932011,0.2195729537366548,0.5516789895255734,0.6566542266024131,0.0370101720887562,0.0929883849200328,0.1441835081187505,0.3622623401997161,5
0.3716713881019831,0.249644128113879,0.5359673444239057,0.7176709301061632,0.0927855796275947,0.1992037268793667,0.1791623336190297,0.3846481825792347,4
0.4728045325779037,0.3930604982206406,0.3794670363524339,0.7543389253233812,0.1858407851360479,0.1794137347513349,0.2965008338148308,0.2862467563977434,3
0.6385269121813032,0.5948398576512456,0.4071934688847811,0.5933185984999456,0.3798212575484158,0.2600039883473928,0.3529295506735442,0.2415954582770495,2
0.7039660056657224,0.7946619217081848,0.4302988293284038,0.3943258813725133,0.5594149788795579,0.3029157481249528,0.3133557626707551,0.1696779651284835,2
0.2900849858356941,0.4035587188612098,0.3766943930991999,0.9995652016377404,0.1170663252447249,0.1092733876865667,0.4033832521911734,0.376530606994008,3
0.3677053824362606,0.2523131672597865,0.3184688847812715,0.7446284285662526,0.0927769096609639,0.1171027230725468,0.1878795572432288,0.2371409852219251,4
0.2413597733711048,0.3314946619217082,0.7328250154035771,0.949563389977898,0.0800094764751545,0.1768744796384837,0.3147751949339544,0.6958638058872261,4
0.7484419263456091,0.6884341637010675,0.4641866913123849,0.6386825609623537,0.5152529916425553,0.3474167814298359,0.4396908947265739,0.2964679447720355,2
0.6543909348441926,0.7923487544483986,0.5649260628465811,0.7424544367549548,0.5185058421461192,0.3696824943840233,0.5882828481974758,0.4194318617989526,2
0.6235127478753542,0.8596085409252668,0.3187769562538527,0.826080655096199,0.535976883449437,0.1987614959531812,0.7101059866138322,0.263335476851755,2
0.2444759206798867,0.2218861209964412,0.2895101663585961,0.9570998949237292,0.0542458137166937,0.0707782644667049,0.2123671830907277,0.2770901498011637,4
0.7628895184135978,0.7999999999999997,0.3461953173136187,0.2148990905467588,0.610311614730878,0.2641087789024292,0.1719192724374069,0.0743970588422432,1
0.8184135977337111,0.7532028469750888,0.2774953789279095,0.295916518714446,0.6164314518161563,0.2271059914228698,0.2228851643626778,0.082115466491693,1
0.4337110481586403,0.5976868327402135,0.6108287122612452,0.8586905322656617,0.2592233826983759,0.2649231610402172,0.5132280245338715,0.5245128320547574,3
0.1388101983002833,0.2775800711743772,0.7947473813924866,0.8801405848037973,0.038530944723922,0.1103190416097219,0.244309486173296,0.6994894250300697,5
0.7725212464589235,0.8090747330960854,0.3409581022797319,0.30127903184898,0.6250274212898087,0.2633973781634076,0.2437572522806604,0.1027235269559031,1
0.3022662889518414,0.2578291814946619,0.4934534812076414,0.4212833798326025,0.0779330698738822,0.1491543525350009,0.1086191489995446,0.2078837503533187,4
0.3997167138810198,0.346797153024911,0.5831022797289016,0.4178049929345265,0.1386206183904106,0.2330757271097677,0.1448935820692868,0.24362304386224,4
0.4124645892351276,0.5149466192170817,0.647797288971045,0.4705605275553461,0.2123972457733912,0.2671934427030713,0.2423135528016319,0.3048278340471379,3
0.2900849858356941,0.2702846975088967,0.6074399260628489,0.9997101344251604,0.0784055326484731,0.1762092023479766,0.2702063512796829,0.6072638501395002,4
0.5592067988668555,0.3418149466192171,0.2808841651263094,0.5852023624044349,0.1911452421037774,0.1570723348326727,0.2000309142667116,0.1643740769939136,2
0.3317280453257791,0.2752669039145907,0.4013401109057319,0.8169498894887497,0.0913137519784662,0.1331357705015898,0.2248792667329351,0.3278747592518402,4
0.6345609065155808,0.8117437722419928,0.3113832409118906,0.9334758505742962,0.5151008639722561,0.1975916316268088,0.7577432082419819,0.290668735664808,2
0.653257790368272,0.5866548042704626,0.5190234134319169,0.3389615565781367,0.3832368211466535,0.3390560882079322,0.1988534256295581,0.1759289841173803,2
0.7575070821529746,0.8375444839857652,0.3169285274183622,0.5023008080002898,0.6344458782373757,0.2400756040557225,0.4206992710422356,0.1591934554005853,1
0.711614730878187,0.6597864768683274,0.4346118299445471,0.5636073770788796,0.469513776173722,0.3092761804024653,0.3718605256598729,0.2449504335224983,2
0.4753541076487252,0.2800711743772242,0.1545748613678377,0.3912822928366969,0.1331329831742159,0.0734777952904339,0.1095868912677866,0.0604824061709221,3
0.6169971671388103,0.6062277580071175,0.4019562538508943,0.5020109424254501,0.3740408093313037,0.2480058699397302,0.3043329681216207,0.2017864378094908,2
0.6237960339943343,0.4441281138790035,0.3542051756007396,0.5952027247364036,0.2770453560231064,0.2209517837600081,0.2643462635128226,0.2108238856332965,2
0.4546742209631728,0.4540925266903914,0.5754004929143584,0.827819848545237,0.2064641658181524,0.2616197708576615,0.3759068066703638,0.4763279488972188,3
0.4305949008498584,0.448932384341637,0.5818699938385699,0.7215841153664988,0.1933079955238777,0.2505502523044267,0.3239424774145332,0.4198681447623145,3
0.5164305949008499,0.5843416370106761,0.6360905730129396,0.625348744519729,0.3017718992267599,0.3284966330318948,0.3654173090752295,0.3977784412344767,2
0.7226628895184136,0.9026690391459076,0.3344886013555168,0.6301315265045835,0.6523254161079916,0.2417224991665505,0.5688002195654364,0.2107718129705348,2
0.8305949008498584,0.6884341637010675,0.4497073321010489,0.4363563897242654,0.5718099059409434,0.3735246169179251,0.3004026462354417,0.1962326678681449,2
0.506515580736544,0.5567615658362989,0.7377541589648828,0.56317257871662,0.2820084078513605,0.3736839762688982,0.3135528467623316,0.4154829121631642,3
0.2886685552407932,0.2597864768683274,0.4564849044978452,0.6754954889669915,0.0749921869486758,0.1317728378706244,0.1754845932191828,0.3083534937698223,4
0.1745042492917847,0.2338078291814946,0.5214879852125733,0.5970868509728613,0.0408004597098585,0.0910018693742054,0.1396035804587792,0.3113736189107575,5
0.1793201133144476,0.2829181494661921,0.7300523721503431,0.8712996847711874,0.0507329146209913,0.1309130740994808,0.2465064944459408,0.6360944017210516,4
0.7439093484419265,0.7601423487544482,0.4996149106592753,0.1957679626073407,0.5654769993850371,0.3716682026604128,0.1488115189072169,0.0978085931480148,2
0.3294617563739377,0.2727758007117437,0.5430529882932831,0.6783941447153883,0.0898691943987982,0.1789151913272204,0.1850495060228985,0.3684039675283575,4
0.3679886685552408,0.3314946619217082,0.8002926678989546,0.7839052139570275,0.121986279273739,0.2944986333146578,0.2598603938793491,0.6273535950575704,3
0.4297450424929179,0.3314946619217082,0.7620918052988301,0.7247726366897351,0.1424581875737199,0.3275051752516503,0.2402582601695687,0.5523432871260734,3
0.3818696883852692,0.3473309608540925,0.6758317929759734,0.6160730461248596,0.1326351657879084,0.2580796761845927,0.2139812430668551,0.4163617513667334,3
0.4968838526912182,0.6902135231316727,0.753465804066547,0.5415775933910648,0.3429559545532448,0.3743849915956724,0.3738041787836194,0.408060196868824,3
0.5620396600566572,0.5839857651245551,0.3517406038200903,0.929272799739121,0.3282231609085318,0.1976921693991669,0.5426820869650881,0.3268629756938243,2
0.5770538243626062,0.6055160142348753,0.5516789895255734,0.7847748106815464,0.3494153317270371,0.3183484707262303,0.4751937154358188,0.4329437745619187,2
0.7461756373937677,0.8814946619217082,0.2081792975970415,0.6544802347911154,0.6577498412186344,0.1553383200766593,0.5769208333016345,0.1362492355699612,1
0.1679886685552408,0.2597864768683274,0.8893253234750489,0.9369542374723724,0.0436411843577671,0.1493965770030323,0.2434080403397978,0.8332571303214353,4
0.6988668555240793,0.4638790035587188,0.3033733826247697,0.6252038117323091,0.324189660560725,0.2120176019646761,0.2900189212074964,0.1896701951951303,2
0.7305949008498585,0.7453736654804269,0.6428681454097358,0.3346135729555418,0.544566199227768,0.4696761889551583,0.2494121453933744,0.2151124070748544,2
0.2481586402266289,0.2829181494661921,0.3514325323475091,0.9681147867676364,0.0702085832669643,0.0872110193587586,0.2738972439431568,0.3402270311168192,4
0.608215297450425,0.7637010676156583,0.1194547134935284,0.7273814268632921,0.4644946720030647,0.0726541840993216,0.555501972259297,0.0868891399464684,2
0.3623229461756374,0.340035587188612,0.971888478126928,0.562302981992101,0.1232026957547407,0.352137496749105,0.1912030246595916,0.5464957894145365,4
0.8155807365439095,0.8350533807829182,0.4198243992606301,0.150114134570093,0.6810534513524141,0.342400692768089,0.1253533155760581,0.0630215763664186,2
0.668271954674221,0.711387900355872,0.498998767714113,0.3299757237581071,0.4754005827024085,0.3334668818803378,0.234740737292689,0.1646574795308679,2
0.4167138810198301,0.3473309608540925,0.637630930375849,0.8539077502808072,0.1447376326958555,0.2657096596552051,0.2965885993857892,0.5444779932666992,3
0.2439093484419264,0.346797153024911,0.5319624152803435,0.8289793108445958,0.084587067635821,0.129750606106622,0.2874876649174585,0.4409858364143258,4
0.3892351274787536,0.351067615658363,0.5365834873690716,0.44969020616689,0.136647848134445,0.2088571421090947,0.1578716684639277,0.2412963390607466,3
0.3487252124645892,0.2852313167259787,0.6721349353049924,0.6572339577520925,0.0994673515268214,0.2343903981191064,0.1874637071666555,0.4417499036739467,4
0.4181303116147309,0.3263345195729538,0.5778650646950112,0.5911446066886481,0.1364503543596826,0.2416228995721916,0.1929108912218827,0.3416018163882426,4
0.9144475920679888,0.7677935943060498,0.3723813924830566,0.026051668538715,0.7021070035183935,0.3405232676870557,0.0200023042250098,0.0097011566069537,1
0.5790368271954675,0.3279359430604982,0.5812538508934075,0.3118591253306279,0.1898869879931043,0.336567385616466,0.1022698163673215,0.1812693175346772,3
0.5580736543909349,0.4192170818505338,0.414279112754162,0.1030109786586469,0.233954008851431,0.2311982583925493,0.0431839618718455,0.0426752968426421,3
0.1008498583569405,0.2617437722419928,0.4879081947011734,0.4698358636182469,0.0263968223564162,0.0492054723268038,0.1229766112780144,0.2292367680238455,5
0.7118980169971673,0.8145907473309607,0.45340418977203,0.4576615094749809,0.5799055376891514,0.3227775435969154,0.3728068310278402,0.2075056458933479,1
0.5881019830028329,0.7640569395017792,0.6320856438693774,0.8192688140874669,0.4493434012480718,0.3717308205872032,0.6259680227209221,0.5178480558545777,2
0.6379603399433428,0.3838078291814946,0.5144023413431924,0.3167868401029022,0.2448541731775427,0.3281682925509545,0.1215852694131601,0.1629558922556444,3
0.5521246458923513,0.6055160142348753,0.5211799137399922,0.7734700532627994,0.3343203149415785,0.2877562753198994,0.468348503781727,0.4031170556399729,2
0.8240793201133145,0.7836298932384341,0.2038662969808982,0.5149099605058154,0.6457731896403981,0.1680019994100376,0.4034988373785784,0.1049727869269011,1
0.4101983002832862,0.5064056939501779,0.5563000616142979,0.6085365411790282,0.207726754912141,0.2281933397216723,0.3081663694298068,0.3385289153524451,3
0.301699716713881,0.2734875444839857,0.6351663585951961,0.903039965216131,0.0825111146955934,0.191629510454358,0.2469701826578635,0.5735806063722625,3
0.7543909348441927,0.8820284697508897,0.522720271102898,0.3020036957860791,0.6653942818545664,0.3943354339793251,0.2663758576533085,0.1578634537353764,2
0.4543909348441927,0.3608540925266904,0.7146487985212602,0.7504257400630456,0.1639688284455556,0.3247299356453545,0.2707941994391203,0.5362908535154831,3
0.6728045325779037,0.43932384341637,0.2697935921133698,0.5525924852349724,0.295579073120079,0.1815183516343493,0.2427670544564317,0.1490859115663974,2
0.6243626062322947,0.8375444839857652,0.3418823166974754,0.8286894452697562,0.5229314568568347,0.2134585342779704,0.6940642738229079,0.2833142673715699,2
0.5104815864022663,0.3731316725978647,0.5039279112754187,0.9455052719301424,0.190476848164689,0.2572459195802562,0.3527979635653929,0.4764664967836534,3
0.6320113314447593,0.6597864768683274,0.5211799137399922,0.8240515960723214,0.4169925297147984,0.3293916112050772,0.5436980993302789,0.4294791397582753,2
0.5872521246458924,0.6389679715302491,0.6841497227356754,0.3312801188448856,0.3752352988618148,0.4017683782524235,0.2116773855466164,0.2266452014555701,3
0.2019830028328612,0.2850533807829182,0.7574707332101056,0.6998441972535236,0.0575759378181928,0.1529962132517862,0.1994929544484243,0.5301114972264643,4
0.4019830028328612,0.3199288256227758,0.5134781269254489,0.6914380955831734,0.1286059500166342,0.206409479350485,0.2212109779107732,0.3550383382049474,3
0.8787535410764873,0.8683274021352311,0.3283271719038829,0.4208485814703431,0.7630457794400812,0.2885186649421656,0.3654343554404402,0.1381760245539186,1
0.6456090651558074,0.7532028469750888,0.3622150338878604,0.5294032392477988,0.4862745859082797,0.2338493094137206,0.3987480269992761,0.1917578122444845,2
0.4558073654390935,0.4754448398576512,0.2925908810844113,0.9989854704880612,0.2167112598671277,0.1333650786585886,0.4749624870363165,0.2922940390006269,3
0.623229461756374,0.6177935943060496,0.627772643253234,0.4565020471756221,0.385027169255895,0.3912464065600892,0.2820240405326974,0.2865794968059528,3
0.8141643059490086,0.7629893238434161,0.3856284658040678,0.4736041160911627,0.6211986732934782,0.3139649322155498,0.361354884305855,0.1826352286867266,1
0.3563739376770539,0.346797153024911,0.5322704867529318,0.6376680314504148,0.1235894669986793,0.1896873292734244,0.2211414578820032,0.3394118734868961,4
0.1855524079320113,0.2724199288256228,0.5569162045594602,0.61578318055002,0.0505481737622614,0.1033371427723644,0.1677516102174521,0.34293963174347,5
0.7711048158640228,0.754982206405694,0.4238293284041887,0.3515707090836624,0.5821704152510764,0.3268168362368843,0.2654296296515978,0.149005977517513,2
0.4495750708215298,0.3480427046263346,0.8514325323475056,0.5585347295191854,0.1564713235813011,0.3827828410298843,0.1943939378895955,0.475554639158549,3
0.3314447592067989,0.2622775800711744,0.5353512014787434,0.7997028877857895,0.0869305293720323,0.1774393500651925,0.2097441381843868,0.4281219018021431,4
0.4900849858356941,0.6215302491103202,0.6219192852741848,0.6588282184137106,0.3046026433316867,0.3047933041145438,0.409481666711582,0.4097379747143194,3
0.4433427762039661,0.2644128113879003,0.3015249537892828,0.8811551143157359,0.1172255098646073,0.1336789101077132,0.2329887010450504,0.2656902551252424,3
0.6201133144475921,0.6955516014234876,0.4916050523721509,0.1025761802963874,0.4313208089280494,0.3048508384256766,0.0713470264730566,0.0504269684867407,3
0.3362606232294618,0.340035587188612,0.9518638324091206,0.5560708721330483,0.1143405784682386,0.3200743255154749,0.1890838855242446,0.5293037514396455,4
0.6963172804532579,0.4209964412811388,0.3298675292667923,0.5747672017102068,0.2931470970733822,0.2296924608888882,0.2419749464851155,0.1895970367317339,2
0.1767705382436261,0.2715302491103202,0.6545748613678377,0.6160730461248596,0.0479985482846571,0.1157095505647396,0.1672824676844369,0.4032659287596414,4
0.469971671388102,0.2745551601423487,0.2855052372150339,0.8869524258125294,0.1290331475003276,0.134179373524006,0.2435173653076036,0.253229562730056,3
0.36657223796034,0.2722419928825622,0.6095964263709206,0.7317294104858871,0.0997963565977437,0.223461126267414,0.1992074729614603,0.4460596337026972,3
0.8456090651558075,0.8638790035587188,0.2334411583487394,0.5357802818942714,0.7305039166070187,0.1973999596801663,0.4628493360492327,0.1250731696258128,1
0.0983002832861189,0.3649466192170818,0.3492760320394339,0.9669553244682778,0.0358743560533505,0.0343339328945278,0.3528870765986543,0.3377343188896834,4
0.6405099150141644,0.7220640569395017,0.4416974738139245,0.4909960505815428,0.462489187745103,0.2829116114145279,0.3545306002241816,0.2168717151944813,2
0.1946175637393767,0.2535587188612099,0.7587030191004338,0.6785390775028082,0.0493469801296462,0.1476569331790362,0.1720494991888792,0.5148096466790038,5
0.6762039660056658,0.7635231316725978,0.3431146025878,0.5408529294539657,0.5162973697740768,0.2320154550643282,0.4129537224709905,0.1855745379480448,1
0.4640226628895185,0.2934163701067616,0.5550677757239697,0.4378057175984636,0.136151845392316,0.2575640273755984,0.1284593644697271,0.2430118458666156,4
0.0745042492917847,0.2327402135231315,0.5923444239063471,0.6404217544113915,0.0173401348885505,0.044132176625317,0.1490518958665657,0.3793502551739078,5
0.3572237960339944,0.3473309608540925,0.6912353666050564,0.4059205043661001,0.1240748843164336,0.246925721611608,0.1409887588118554,0.2805866086480106,3
0.2481586402266289,0.2880782918149466,0.2066389402341357,0.5323018949961955,0.0714891171756071,0.0512792384263747,0.153344620640363,0.109994299466636,4
0.7371104815864022,0.8350533807829182,0.4660351201478754,0.2564948005362512,0.6155265996592502,0.3435193718483773,0.2141868503410368,0.1195355851852171,2
0.7685552407932013,0.6565836298932383,0.4229051139864452,0.2789593825863254,0.5046207897734719,0.3250259417125286,0.1831601640113061,0.1179733494902583,2
0.2609065155807366,0.3419928825622775,0.6003542821934715,0.7595565056704952,0.0892281713427358,0.1566363438810729,0.2597629188431835,0.4560030007471916,5
0.8373937677053825,0.9163701067615658,0.0131700554528677,0.4605601652233776,0.7673626163136512,0.0110285223565657,0.4220435677758709,0.0060656029153737,1
0.1623229461756374,0.2733096085409252,0.8289433148490488,0.7824558860828292,0.0443644208764731,0.1345565210788966,0.2138527119258408,0.6486115759326502,5
0.7297450424929179,0.8007117437722419,0.3163123844731963,0.578825319757962,0.584315425483653,0.2308273944484288,0.4634722311229232,0.1830896170861012,2
0.4815864022662889,0.4754448398576512,0.2315927295132454,0.9918837639044892,0.2289677699031181,0.1115319093973136,0.4715860172869741,0.2297130682425121,3
0.3606232294617564,0.281138790035587,0.0951170671595811,0.7272364940758724,0.101385178389604,0.0343014239360189,0.2044543880142131,0.069172602447913,3
0.2192634560906516,0.2724199288256228,0.666897720271102,0.5733178738360085,0.0597317351022753,0.1462262990056184,0.1561832143848628,0.3823443830519093,5
0.4742209631728046,0.3758007117437721,0.3212415280345055,0.7175259973187433,0.1782125754841571,0.1523394668356267,0.2696467804870436,0.2304991477831556,3
0.3620396600566573,0.2823843416370106,0.0790973505853358,0.8043407369832241,0.1022343310515862,0.0286363779172972,0.2271332294648356,0.0636212212632294,4
0.7617563739376771,0.4234875444839856,0.2312846580406642,0.0775028080727561,0.3225943362938916,0.1761825624564719,0.0328214738813451,0.0179252104622986,2
0.363172804532578,0.2604982206405694,0.6505699322242755,0.4672270734446899,0.0946058693657818,0.2362693068304593,0.1217118212674423,0.3039638855042585,3
0.781586402266289,0.5663701067615657,0.3520486752926715,0.3302655893329468,0.4426671740949461,0.275156457544612,0.1870525570901725,0.1162695632194173,2
0.5368271954674222,0.5674377224199288,0.434303758471966,0.8572412043914635,0.304616001129112,0.2331460686414662,0.4864309965844087,0.3723030769842473,2
0.3745042492917848,0.1841637010676157,0.5652341343191623,0.3679481140621036,0.068970088615124,0.2116825851472897,0.0677626864865262,0.2079768337262615,4
0.3288951841359774,0.2768683274021353,0.7987523105360488,0.6482481249320626,0.0910606595223453,0.2627057882527912,0.1794793740915106,0.5177896875901462,3
0.9405099150141644,0.8774021352313167,0.5911121380160225,0.0,0.825205407639652,0.5559468266892903,0.0,0.0,1
0.439943342776204,0.3855871886120996,0.5067005545286527,0.9705786441537736,0.1696365166896857,0.2229195357458917,0.374242690726197,0.4917927372063849,3
0.6909348441926346,0.8341637010676154,0.4432378311768339,0.6830319939128229,0.5763527668283043,0.306248461824447,0.5697604959899133,0.302745619606308,1
0.4439093484419264,0.344306049822064,0.5569162045594602,0.0804014638211528,0.1528406742411258,0.2472203095027406,0.0276827104081727,0.0447768780723011,4
0.1682719546742209,0.2259786476868327,0.7368299445471393,0.7569477154969382,0.0380258687609004,0.1239878150314449,0.1710540211176354,0.5577417432346927,5
0.486685552407932,0.6033807829181496,0.4694239063462717,0.8439073879488388,0.2936567096468501,0.2284618331736245,0.5091975004509809,0.3961503026454224,3
0.7079320113314448,0.4259786476868327,0.2140326555760943,0.4578064422624007,0.3015639208411884,0.1515205683525948,0.1950157691772575,0.0979855285772655,2
0.8467422096317281,0.7788256227758005,0.104051139864449,0.2189572085945142,0.659464528746988,0.0881044920835235,0.1705294843448734,0.0227827471357971,1
0.5954674220963173,0.2800711743772242,0.1567313616759094,0.1080836262183411,0.1667732602098938,0.0933284198987993,0.0302711081259197,0.0169400939120706,2
0.5838526912181304,0.6612099644128114,0.6136013555144828,0.4653429472082322,0.3860492171826642,0.3582528027522236,0.307689393563308,0.2855350631860757,3
0.3390934844192635,0.2578291814946619,0.486367837338264,0.5917243378383275,0.0874281955379916,0.1649241646724935,0.1525638016953267,0.2877956864948436,4
0.651558073654391,0.6332740213523133,0.5485982747997546,0.3412804811768541,0.4126148014476829,0.3574436351386503,0.2161240627239188,0.1872258831964523,2
0.6674220963172806,0.5866548042704626,0.5107054836722149,0.2935975941157287,0.391546379280796,0.3408561245132404,0.1722404391102415,0.1499419013078718,2
0.5504249291784702,0.3418149466192171,0.3637553912507734,0.6001304395086777,0.1881434677850251,0.2002200354674936,0.2051335541452259,0.2183006828249776,2
0.2776203966005666,0.2549822064056939,0.3061460258780037,0.7612956991195332,0.0707882612684362,0.0849923811219387,0.1941168570886638,0.2330676528034615,4
0.3960339943342776,0.4243772241992882,0.5596888478126942,0.6469437298452843,0.1680678072041373,0.2216558099836109,0.2745481842848759,0.362087190756754,3
0.1424929178470255,0.2793594306049822,0.7432994454713509,0.8468060436972353,0.0398067403949875,0.1059149068192888,0.2365632542001173,0.6294304627019435,5
0.6719546742209632,0.827224199288256,0.3782347504621093,0.6310011232291024,0.5558571673404372,0.2541566085258139,0.5219793989131843,0.2386665523858702,1
0.0481586402266289,0.1798932384341637,0.6351663585951961,0.8028914091090258,0.008663413748954,0.030588748147644,0.1444347356955916,0.5099696126711458,5
0.1470254957507082,0.1852313167259787,0.6561152187307471,0.488097394833146,0.0272337261701934,0.0964656653034724,0.0904109231354635,0.3202481289728574,5
0.3087818696883853,0.3281138790035586,0.8083025261860755,0.5796949164824812,0.1013156170294274,0.2495891653095814,0.1902059476857108,0.4685688654100156,4
0.6662889518413597,0.8250889679715302,0.3964109673444227,0.6756404217544114,0.5497476636456201,0.2641242479303349,0.5574634583051967,0.26783127316466,2
0.8243626062322947,0.9676156583629892,0.3083025261860754,0.3646146599514475,0.7976661659592915,0.2541530739947534,0.3528068542377173,0.1124116207475081,1
0.4526912181303117,0.3231316725978648,0.7312846580406678,0.5380992064929889,0.1462788704848124,0.3310461426484383,0.1738768966176633,0.39350369421218,3
0.8594900849858357,0.8350533807829182,0.4071934688847811,0.2757708612630891,0.7177201012168198,0.3499787491774577,0.2302833900191596,0.1122920936150609,2
0.4291784702549576,0.6752669039145908,0.6009704251386339,0.6656400594224428,0.2898100168358655,0.2579235677294704,0.4494847020477171,0.4000299895004109,3
0.6988668555240793,0.7612099644128113,0.2439155884165131,0.3593970796043334,0.5319844142227778,0.170464520289954,0.2735766381756829,0.0876625501468673,1
0.5118980169971672,0.3855871886120996,0.4731207640172528,0.8815899126779956,0.1973813172300464,0.2421895809006164,0.3399297759382947,0.4170984930361164,3
0.4070821529745043,0.4540925266903914,0.528265557609366,0.9989854704880612,0.1848529634147571,0.2150474805338977,0.4536318364209131,0.5277296166110305,3
0.2487252124645892,0.2316725978647686,0.759935304990762,0.5372296097684699,0.0576228161261379,0.1890150701931696,0.1244613793449372,0.4082597473494702,4
0.444759206798867,0.2523131672597865,0.4099661121380187,0.585057429617015,0.1122186041353724,0.1823362028489205,0.1476176930955386,0.2398537197975501,3
0.6181303116147309,0.6798932384341637,0.4355360443622906,0.8231819993478025,0.4202626193380581,0.2692180308211099,0.559675875357287,0.3585254317861835,2
0.6456090651558074,0.8250889679715302,0.4056531115218753,0.6899887677089749,0.5326849172824695,0.2618933261071823,0.569302120260946,0.27989609053629,2
0.7422096317280454,0.8508896797153026,0.4725046210720904,0.635638972426537,0.6315385158226893,0.3506974807957159,0.5408586416625801,0.3003423518050538,1
0.6192634560906517,0.8258007117437721,0.2417590881084415,0.7966592992499728,0.5113882027965684,0.1497125684433578,0.6578818163379223,0.1925996257197834,1
0.3796033994334278,0.3227758007117437,0.7605514479359243,0.7376716547701003,0.1225267912050245,0.2887079150804925,0.2381025590307761,0.5610372451366891,3
0.2144475920679887,0.2861209964412811,0.5599969192852754,0.8063697960071017,0.0613579587269262,0.1200899909062191,0.2307193295337045,0.4515646015686729,5
0.3716713881019831,0.2923487544483986,0.3686845348120791,0.72926555309975,0.1086576673757221,0.1370294928253393,0.2131998761108344,0.2688689311990549,3
0.7470254957507083,0.848220640569395,0.5319624152803435,0.5298380376100582,0.6336424445273356,0.3973894869955428,0.4494195596596347,0.281853922194444,2
0.6529745042492918,0.6300711743772242,0.6142174984596451,0.5808543787818399,0.411420412730737,0.4010683665579269,0.3659796005812268,0.3567709235047128,2
0.2926345609065156,0.2752669039145907,0.4204405422057924,0.6833218594876627,0.0805526095591422,0.1230354334556893,0.1880958926383298,0.2872962131040631,4
0.8337110481586403,0.836832740213523,0.0787892791127546,0.5363600130439509,0.6976767009768834,0.0656874924727583,0.4488436194565304,0.0422594187726405,1
0.6626062322946176,0.7158362989323844,0.4956099815157131,0.5823037066560384,0.4743175929753108,0.3283942625397317,0.4168341302272674,0.2885955292923304,2
0.7141643059490086,0.6494661921708184,0.4765095502156526,0.5669408311895359,0.4638255723690179,0.3403061122078358,0.3682089028188265,0.2701527204690139,2
0.7161473087818697,0.6012455516014233,0.4962261244608754,0.3480923221855864,0.4305803836964301,0.355371003579913,0.2092889602606932,0.1727325039927399,2
0.3368271954674221,0.3113879003558718,1.0,0.7044820464509582,0.1048839131793574,0.3368271954674221,0.2193671852827716,0.7044820464509582,4
0.1359773371104816,0.241103202846975,0.5809457794208264,0.8862277618754304,0.0327845714919399,0.0789954600912171,0.2136723518400725,0.5148502778670965,5
0.2348441926345609,0.2923487544483986,0.6915434380776375,0.6798434725895866,0.0686564072061536,0.1624049603870712,0.1987513924314396,0.4701412923892428,4
0.6008498583569405,0.793238434163701,0.3397258163894037,0.485488604659589,0.476617200810541,0.2041242086577691,0.3851082205644924,0.1649330125657313,2
0.619830028328612,0.5816725978647687,0.4672674060382036,0.6246240805826297,0.3605381428124969,0.2896263695216968,0.3633267116413908,0.2918664738828432,2
0.5861189801699717,0.6998220640569394,0.3116913123844718,0.6341896445523387,0.4101789944854979,0.1826881941426266,0.4438199060541544,0.1976714026111601,2
0.5056657223796034,0.299288256227758,0.1416358595194076,0.9360846407478532,0.1513398122851411,0.0716203992187372,0.2801591398110123,0.132583152675238,3
0.6487252124645893,0.6300711743772242,0.6086722119531736,0.5585347295191854,0.408743056465678,0.394861010020614,0.3519166329586183,0.33996456926911,2
0.3912181303116148,0.2823843416370106,0.0,0.7656436827421282,0.1104738741645075,0.0,0.2162057872796721,0.0,3
0.381586402266289,0.3419928825622775,0.6018946395563809,0.7523098662995036,0.1304998336576169,0.2296748100516841,0.2572846197558088,0.4528112758110488,4
0.5342776203966006,0.5718861209964413,0.5393561306223056,0.7352077973839632,0.3055459558638211,0.2881659100152035,0.4204551353722523,0.3965388328003624,3
0.5376770538243626,0.4501779359430604,0.5076247689463962,0.6778144135657089,0.2420503462945973,0.2729381902153711,0.3051370936514667,0.34407538507483,3
0.6439093484419264,0.4101423487544483,0.3603666050523735,0.614043987100982,0.2640944925549182,0.2320434258595028,0.2518454431081429,0.2212809469844043,2
0.6628895184135978,0.6987544483985765,0.7285120147874302,0.2920033334541105,0.4631969997882915,0.4829229786409594,0.2040386281982725,0.2127279367792998,2
0.9169971671388104,0.7569395017793595,0.2759550215650037,0.0,0.6941113788271353,0.2530499730328377,0.0,0.0,1
0.7943342776203967,0.7629893238434161,0.3110751694393094,0.0,0.6060685733872349,0.2470976700022163,0.0,0.0,1
0.4691218130311615,0.347508896797153,0.4219808995687018,0.8055001992825825,0.1630240037099392,0.1979604446701898,0.2799184856225771,0.3399056986960327,3
0.511614730878187,0.4329181494661921,0.4718884781269281,0.5421573245407441,0.2214873025314286,0.2414250967414255,0.2347097456597206,0.2558377947828987,3
0.664872521246459,0.7275800711743771,0.3961028958718415,0.773759918837639,0.4837479963303862,0.2633579310513348,0.5629722968197696,0.3064885445611498,2
0.3303116147308783,0.3199288256227758,0.4879081947011734,0.8098481829051778,0.1056762069904126,0.1611617436321723,0.2590937780895925,0.395131564903291,4
0.3368271954674221,0.3177935943060498,0.4651109057301319,0.5856371607666944,0.1070415251076184,0.1566620019583929,0.1861117382792377,0.27238623027342,3
0.5410764872521246,0.6010676156583629,0.6265403573629094,0.6310011232291024,0.3252235540814371,0.3390062556836138,0.3792743406170654,0.395347669244359,2
0.4895184135977338,0.7220640569395017,0.4811306223043736,0.723178376028117,0.3534636516689686,0.2355222989637274,0.5221811120857827,0.3479432620954742,2
0.2130311614730878,0.3322064056939502,0.4564849044978452,0.7953549041631944,0.070770316453782,0.0972455094001075,0.2642219939631111,0.3630675074688286,4
0.2351274787535411,0.346797153024911,0.5325785582255129,0.7775281713105548,0.0815415402296532,0.1252238536337608,0.2696445562071657,0.4140948324562949,4
0.7600566572237961,0.7806049822064057,0.498998767714113,0.0864886408927858,0.5933040133880416,0.3792673353475822,0.0675134639851692,0.0431577252267685,1
0.7946175637393769,0.7825622775800712,0.3341805298829321,0.3327294467190839,0.6218377304850142,0.2655457185047095,0.2603815136424433,0.1111917028122382,1
0.6405099150141644,0.6637010676156582,0.3307917436845358,0.5856371607666944,0.4251071144133154,0.2118753916347693,0.3886880088362578,0.1937239375764756,2
0.3308781869688386,0.3211743772241991,0.580329636475664,0.3869343092141019,0.1062695956367888,0.1920184179613528,0.1242733857885148,0.2245494470061819,3
0.801416430594901,0.4016014234875444,0.1764479359211357,0.157940505090764,0.321849979333219,0.1414082749917543,0.0634291316707925,0.0278682761216069,2
0.2158640226628895,0.3261565836298932,0.6274645717806528,0.8788361897170187,0.0704054721603338,0.1354470265430191,0.2866382092084155,0.5514385734461297,4
0.6507082152974505,0.4523131672597864,0.3665280345040038,0.4609949635856371,0.2943238938231528,0.2385028031885826,0.2085140920702294,0.1689675779192883,2
0.5322946175637394,0.6177935943060496,0.6447165742452263,0.6486829232943223,0.3288482050144666,0.3431791623248669,0.4007521547469548,0.4182166320776944,3
0.3671388101983003,0.2455516014234874,0.5917282809611848,0.7350628645965434,0.0901515227889064,0.2172464170327749,0.1804958635486173,0.4349574852661167,4
0.4376770538243627,0.4345195729537366,0.3224738139248302,0.9985506721258016,0.1901792465194116,0.1411393888141254,0.4338898116247699,0.3220064436376099,3
0.6422096317280453,0.6955516014234876,0.5476740603820112,0.2937425269031486,0.4466899377980302,0.3517215566249346,0.2043130849936669,0.1608751624159195,3
0.6730878186968839,0.332562277580071,0.2734904497843509,0.4924453784557411,0.2238436179972376,0.1840830902797784,0.1637687566430213,0.1346791080480855,2
0.6699716713881021,0.7999999999999997,0.4232131854590264,0.4860683358092684,0.5359773371104815,0.2835408452154667,0.3888546686474146,0.2057105287486082,1
0.6215297450424929,0.5998220640569395,0.3332563154651886,0.835646219065908,0.3728072545441714,0.2071287127848792,0.5012390399414903,0.2784843799983203,2
0.6342776203966006,0.6062277580071175,0.3936383240911922,0.4512844668285082,0.3845166997671207,0.2496759795014672,0.2735811705488839,0.1776428612107612,2
0.7311614730878188,0.8375444839857652,0.3274029574861359,0.5821587738686183,0.6123802586876091,0.2393844286888716,0.4875838698575776,0.1906005042910882,1
0.356657223796034,0.299288256227758,0.5717036352433773,0.6744809594550527,0.1067433185809482,0.2039022313800034,0.2018642302141279,0.3856032164228946,3
0.3481586402266289,0.3199288256227758,0.4928373382624791,0.8012971484474076,0.1113859848981279,0.1715855775423758,0.2563580556776582,0.3949091537981349,4
0.1206798866855524,0.2807829181494662,0.9444701170671586,0.8089785861806587,0.0338848507455163,0.1139785467055551,0.2271473681482347,0.7640560999948711,5
0.4390934844192635,0.5895017793594305,0.4586414048059133,0.8928946700967426,0.2588463903702881,0.2013864525351744,0.5263629968025815,0.4095184658368825,3
0.2090651558073654,0.3039145907473308,0.5381238447319809,0.914199789847458,0.0635379512667224,0.1125029454425501,0.277838654992786,0.491952705765883,5
0.4444759206798868,0.3039145907473308,0.4817467652495395,0.6621616725243666,0.1350827175304708,0.2141248370188463,0.2012405937138109,0.3189942438108385,4
0.5314447592067989,0.683629893238434,0.6114448552064111,0.6208558281097141,0.3633115239986692,0.3249491638434071,0.4244356034871034,0.3796191019226005,2
0.296600566572238,0.2870106761565836,0.7029420825631583,0.9221710931555492,0.0851275291603238,0.2084930199557016,0.26467294897863,0.648232868702306,4
0.6,0.6345195729537366,0.3994916820702414,0.7304250153991088,0.380711743772242,0.2396950092421448,0.463468968845769,0.2917987180279719,2
0.7526912181303117,0.6884341637010675,0.4090418977202752,0.5895503460270299,0.5181783492786789,0.3078822442614083,0.4058665994267933,0.2411507923405412,2
0.4464589235127479,0.3327402135231316,0.5704713493530491,0.6027392296822349,0.1485548375389392,0.254692024527027,0.2005555799832347,0.3438454616648419,3
0.1855524079320113,0.241103202846975,0.5963493530499093,0.835646219065908,0.0447372798483763,0.1106540584271078,0.2014769798637553,0.498337082118557,5
0.0864022662889518,0.2498220640569394,0.4872920517560111,0.8728939454328055,0.0215851925035032,0.0421031376163125,0.2180681671508289,0.4253542816353514,5
0.4218130311614731,0.2704626334519573,0.6816851509550226,0.2860610891698973,0.1140846632322845,0.2875436798221044,0.0773688355050256,0.1950035967531396,4
0.1249291784702549,0.2485765124555159,0.4743530499075774,0.899561578318055,0.0310544594880686,0.0592605368298134,0.2236098798772815,0.4267097782548434,5
0.7269121813031162,0.683629893238434,0.590187923598279,0.2508424218268776,0.4969388968979665,0.4290147909215818,0.1714833780531785,0.1480441680883685,2
0.571671388101983,0.827224199288256,0.3877849661121395,0.6320156527410412,0.4729004062786687,0.2216855698624072,0.5228186422763522,0.2450861684805263,2
0.6475920679886686,0.6430604982206406,0.3742298213185471,0.6030290952570745,0.4164408778845282,0.2423482638907078,0.3877841904375564,0.2256714705679401,2
0.1929178470254957,0.3048042704626335,0.3742298213185471,0.8082539222435596,0.0588021836218281,0.07219561142151,0.2463592471180102,0.3024727209012222,5
0.4626062322946176,0.7535587188612097,0.2128003696857696,0.9352150440233342,0.3486009597451432,0.0984427772512356,0.7047394504339536,0.1990141071038588,2
0.5246458923512748,0.576512455516014,0.6025107825015432,0.6404217544113915,0.3024648916758238,0.3161048071367869,0.369211118201585,0.3858610123814186,3
0.688101983002833,0.5967971530249109,0.2238909426987056,0.5865067574912133,0.4106573044468863,0.1540598016473529,0.3500255631006279,0.1313135508338688,2
0.0620396600566572,0.2587188612099643,0.3557455329636489,0.9572448277111488,0.0160508301997116,0.0220703319317391,0.2476572917245569,0.3405355714107989,5
0.5793201133144477,0.6229537366548042,0.3458872458410376,0.8870973585999493,0.3608896293085198,0.2003794384546521,0.5526206143164453,0.3068356621589957,2
0.61643059490085,0.6902135231316727,0.7405268022181168,0.5366498786187904,0.4254687326726685,0.4564833772313378,0.3704030034096598,0.3974036185243134,3
0.4501416430594901,0.3261565836298932,0.6182224276032073,0.4466466176310735,0.1468166604498301,0.2782876593375344,0.1456767348963981,0.2761269562326437,3
0.2169971671388102,0.285409252669039,0.9025723967960602,0.8394144715388239,0.0619329993043863,0.1958556532424311,0.239576657001472,0.7576323314820945,5
0.421529745042493,0.4544483985765124,0.5020794824399282,0.7799920286966919,0.1915635175869265,0.2116414362239697,0.3544661283436567,0.3916179940753047,3
0.2269121813031162,0.2790035587188612,0.9182840418977244,0.6683937823834196,0.0633093061002288,0.2083698350028547,0.1864842439105341,0.6137753440663546,4
0.2541076487252125,0.2948398576512455,0.5744762784966113,0.9355049095981738,0.0749210629782343,0.1459788163771842,0.2758241343779668,0.5374253789812676,4
0.6747875354107649,0.4192170818505338,0.4028804682686413,0.0504003768252472,0.2828824614640146,0.2718587182481313,0.0211286988968474,0.0203053274162715,2
0.2118980169971671,0.1852313167259787,0.5676987060998187,0.4656328127830718,0.039250148700009,0.1202942300744091,0.0862497790226295,0.2643391453345689,4
0.2280453257790368,0.2218861209964412,0.2506931608133094,0.9998550672125804,0.0506000927484802,0.0571694035282476,0.2218539624224354,0.2506568271547257,4
0.2708215297450425,0.2704626334519573,0.6360905730129396,0.4875176636834667,0.0732471041303317,0.1722670220397649,0.131855311174176,0.3101053900463459,4
0.6793201133144476,0.801423487544484,0.3141558841651282,0.7952099713757745,0.5444230943715787,0.2134124108294553,0.6372999485901225,0.2498198916544827,2
0.6549575070821531,0.7999999999999997,0.3212415280345055,0.4360665241494256,0.5239660056657223,0.2103995503727413,0.3488532193195403,0.140082676542457,2
0.2107648725212464,0.2829181494661921,0.7269716574245244,0.8702851552592483,0.0596292077061889,0.1532200887036391,0.2462194656338442,0.6326726417507753,4
0.6991501416430596,0.8250889679715302,0.4053450400492941,0.6278126019058661,0.5768610688254212,0.2833970421647756,0.5180012517860322,0.2544807242629848,1
0.4014164305949009,0.2540925266903915,0.3819316081330868,0.7253523678394143,0.1019969151048965,0.1533136228681541,0.184306615885175,0.2770349963120498,4
0.5371104815864023,0.5603202846975089,0.477125693160815,0.7604261023950143,0.300953897956509,0.2562692108308513,0.4260821701853915,0.362818831202798,2
0.3365439093484419,0.291459074733096,0.7479205175600789,0.4304141454400521,0.0980887764257558,0.2517080948615789,0.1254481085819938,0.3219155704227028,4
0.6861189801699717,0.6953736654804269,0.4879081947011734,0.4504148701039893,0.4771090701964856,0.3347630729649411,0.3132066392111013,0.2197611061390009,2
0.2158640226628895,0.285409252669039,0.9586414048059168,0.7799920286966919,0.0616095893863477,0.2069361899326086,0.2226169419981304,0.7477326541272137,4
0.6957507082152975,0.7914590747330962,0.1786044362292074,0.7586869089459765,0.5506582117689758,0.1242641629968649,0.6004696389664953,0.1355048476467761,1
0.7634560906515582,0.4638790035587188,0.4611059765865697,0.2699735497662957,0.3541512505922797,0.3520341662608514,0.1252350612527994,0.1244864173175306,2
0.7373937677053825,0.7601423487544482,0.5060844115834904,0.2177977462951554,0.5605242305404614,0.3731834910345115,0.1655572904222248,0.110224044277994,2
0.2155807365439094,0.2540925266903915,0.4296826863832415,0.6212906264719735,0.0547774540542175,0.0926313100106648,0.15786530508932,0.2669578254072046,4
0.6592067988668555,0.4638790035587188,0.4586414048059133,0.5915794050509076,0.3057921929974897,0.3023395322899037,0.2744212649408747,0.2713228093867946,2
0.5643059490084986,0.642170818505338,0.4115064695009245,0.8757926011812023,0.3623808131622191,0.232215548794856,0.5624084515414517,0.3603943213271077,2
0.0954674220963173,0.2838078291814947,0.113293284041898,0.8837639044892931,0.0270944018227092,0.0108158177683058,0.2508191152420681,0.1001245150572822,5
0.5484419263456092,0.588967971530249,0.6407116451016677,0.7654987499547086,0.3230147288619157,0.3513931288716229,0.450854245969766,0.4904639634067514,2
0.5866855524079321,0.7316725978647688,0.2143407270486754,0.6830319939128229,0.4292617422600386,0.1257506078520699,0.499755793410948,0.1464015741727808,2
0.3101983002832861,0.286832740213523,0.528265557609366,0.5678104279140548,0.0889750284798322,0.1638670780686277,0.1628666209604014,0.2999546923184308,3
0.7337110481586403,0.658896797153025,0.2932070240295736,0.5369397441936301,0.4834398596675169,0.2151292329282141,0.3537878777133474,0.1574345044782148,2
0.6473087818696884,0.4167259786476868,0.6616605052372151,0.5888256820899309,0.2697503856118879,0.4282986556563843,0.2453789586218181,0.3896026983082715,2
0.1526912181303116,0.2608540925266904,1.0,0.5612884524801622,0.0398301291421773,0.1526912181303116,0.1464143899174231,0.5612884524801622,5
0.1226628895184136,0.2498220640569394,0.4404651879235999,0.8653574404869742,0.0306438962426784,0.0540287326829798,0.216185381929486,0.3811598276451804,5
0.6002832861189802,0.6211743772241992,0.6718268638324112,0.7694119352150439,0.3728805964130533,0.4032864375243284,0.4779389796860708,0.5169116074307493,2
0.3243626062322947,0.3137010676156584,0.3286352433764641,0.914489655422298,0.1017528958696682,0.1065969840413743,0.2868763812294505,0.3005335304749656,4
0.581586402266289,0.4889679715302492,0.2198860135551434,0.6202760969600347,0.2843771233857228,0.1278827155322123,0.3032951449192483,0.1363900382640856,2
0.2974504249291785,0.2201067615658362,0.8129235982748,0.4615746947353164,0.0654708497575433,0.241804469741796,0.1015957112789299,0.3752249617168258,4
0.6181303116147309,0.598220640569395,0.4336876155268037,0.7246277039023152,0.369778310969524,0.2680754609290327,0.4334872492027729,0.3142620610500578,2
0.6113314447592069,0.7677935943060498,0.4983826247689507,0.6875249103228376,0.4693763672839817,0.3046769700428883,0.5278772220717161,0.3426504694007332,2
0.7645892351274788,0.8258007117437721,0.2925908810844113,0.5053443965361063,0.6313983345598984,0.2237118379736051,0.4173137623352436,0.1478591622335694,1
0.608215297450425,0.8341637010676154,0.4432378311768339,0.8599949273524403,0.5073511235671871,0.2695840293304993,0.7173765514996866,0.3811822864227744,1
0.7589235127478755,0.8160142348754448,0.1921595810227963,0.3937461502228341,0.6192923895839425,0.1458344242379805,0.3213024635092379,0.0756620952561588,2
0.3988668555240794,0.2907473309608541,0.6782963647566227,0.7466574875901302,0.1159694736523746,0.2705499381238881,0.2170886716587673,0.5064550595506985,3
0.3866855524079321,0.2973309608540925,0.6465650030807168,0.7240479727526361,0.114973586845846,0.2500173453839033,0.215281879442999,0.4681440797333949,3
0.5963172804532578,0.6590747330960852,0.4213647566235394,0.6823073299757236,0.3930176524553143,0.2512670857485978,0.4496915213932526,0.2875002620376777,2
0.5407932011331444,0.7421708185053378,0.2623998767714113,0.7491213449762673,0.4013609327271076,0.1419040693361541,0.5559760017608558,0.1965693486086064,2
0.451558073654391,0.4250889679715302,0.7377541589648828,0.4711402587050255,0.1919523555089572,0.3331388468526978,0.200276526342759,0.3475856853154234,3
0.68328611898017,0.6215302491103202,0.6379390018484301,0.2734519366643718,0.4246829917433689,0.4358948647190973,0.1699586503147065,0.1744456555291894,2
0.628328611898017,0.4441281138790035,0.3542051756007396,0.5252001884126237,0.2790584012984787,0.222557246312306,0.2332561690885958,0.1860286249622349,2
0.4801699716713882,0.5546263345195729,0.7124922982131849,0.8037610058335447,0.2663149113344691,0.3421174066491073,0.4457870204952239,0.5726735262604834,3
0.1594900849858357,0.2338078291814946,0.4897566235366604,0.566795898402116,0.0372900305465103,0.0781113255102379,0.1325213185943737,0.2775920454358483,5
0.6620396600566573,0.7064056939501778,0.5153265557609394,0.3566433566433565,0.4676685854848628,0.3411666177941403,0.251934897842371,0.1837877926140412,2
0.2070821529745042,0.2870106761565836,0.7291281577325961,0.9430414145440054,0.0594347887451735,0.1509894286975998,0.270662954031936,0.6875980492520121,4
0.5155807365439095,0.6140569395017793,0.6804528650646979,0.7675278089785862,0.3165959291482262,0.3508283893534704,0.4713057773638969,0.5222664966363092,2
0.8172804532577904,0.8613879003558716,0.1915434380776339,0.6801333381644263,0.7039954936336232,0.1565447078906441,0.5858586281234852,0.1302750779432322,1
0.8609065155807367,0.8350533807829182,0.3603666050523735,0.5620131164172615,0.7189028963737363,0.3102419582872984,0.469310952908578,0.2025307587581928,1
0.3671388101983003,0.340035587188612,0.9694239063462788,0.579984782057321,0.1248402609055074,0.3559131395537613,0.1972154659273202,0.5622511130434033,3
0.3305949008498584,0.248932384341637,0.543669131238449,0.7259320989890938,0.0822957769197423,0.1797342425369036,0.1807080082714844,0.3946668735955044,4
0.5334277620396601,0.6494661921708184,0.4897566235366604,0.9972462770390232,0.3464432974100995,0.2612497796372611,0.6476777422050595,0.488407969477137,2
0.4422096317280454,0.3327402135231316,0.6074399260628489,0.7389760498568789,0.1471409272831752,0.2686157860011635,0.2458870486178582,0.4488835570872787,3
0.4801699716713882,0.5948398576512456,0.6083641404805924,0.8269502518207181,0.2856242375974112,0.2921181921004545,0.4919029700776977,0.5030868791691206,3
0.831444759206799,0.7921708185053379,0.3110751694393094,0.537954273705569,0.6586462754428235,0.2586418193496808,0.4261516773197852,0.1673442168435605,1
0.4600566572237961,0.5457295373665481,0.732516943930996,0.67694481684119,0.2510665067091428,0.3369992965846848,0.3694287817174252,0.4958735484424363,3
0.1552407932011331,0.2790035587188612,0.8363370301910038,0.841008732200442,0.0433127337614549,0.1298336239503314,0.234644429197561,0.703366745453219,4
0.8087818696883853,0.7601423487544482,0.4266019716574263,0.2921482662415304,0.6147893500549433,0.3450279402498448,0.2220742692853768,0.1246310263949355,1
0.198300283286119,0.3163701067615658,0.4789741219963055,0.6207108953222942,0.0627362817940782,0.0949807040785875,0.1963743722211813,0.2973044561005366,5
0.5484419263456092,0.6128113879003557,0.5898798521256943,0.6749157578173122,0.3360914580665974,0.3235148424122788,0.4135960622638474,0.398119207418577,3
0.4586402266288953,0.3263345195729538,0.5695471349353056,0.4365013225116851,0.1496701380137712,0.2612172270425666,0.1424454493748097,0.248608077632002,3
0.3226628895184136,0.3476868327402135,0.7861213801601963,0.8191238813000472,0.1121856380994626,0.2536521960346922,0.284798587911084,0.6439307960897699,4
0.7464589235127479,0.8071174377224198,0.3973351817621697,0.4950541686292979,0.6024800137106449,0.2965943920519312,0.3995668521178817,0.1967024380744419,2
0.3691218130311615,0.3261565836298932,0.597581638940234,0.5436066524149425,0.1203915094815158,0.2205804179997521,0.1773008885901404,0.3248493542889354,4
0.8042492917847026,0.7946619217081848,0.3985674676524979,0.4670821406572701,0.6391062877420784,0.3205476035879438,0.371172391490279,0.1861637459874759,2
0.1337110481586402,0.3112099644128113,0.4848274799753547,0.875937533968622,0.0416122105390501,0.0648267905236168,0.2726004887742205,0.4246785872098336,5
0.3050991501416431,0.2555160142348753,0.6521102895871884,0.4795463603753759,0.0779577187906404,0.198958295151672,0.1225317746439571,0.3127171159348686,4
0.2920679886685552,0.2298932384341637,0.51717498459643,0.8711547519837675,0.0671444557579667,0.1510502575407703,0.200272587110859,0.4505394454383117,4
0.0546742209631728,0.1749110320284697,0.6675138632162678,0.980868872060582,0.0095631244140211,0.0364958004534673,0.1715647866967174,0.6547435700977423,5
0.8263456090651559,0.8172597864768684,0.3656038200862603,0.2396825971955505,0.675339036020687,0.3021151113857284,0.1958829482062568,0.0876288731428896,1
0.3478753541076488,0.340035587188612,0.9909889094269886,0.5970868509728613,0.1182900003024406,0.3447406177836664,0.2030307779731561,0.5917064472787906,4
0.6524079320113315,0.5610320284697509,0.4694239063462717,0.5228812638139062,0.3660217454860726,0.3062558799760521,0.2933531360863427,0.2454529654147992,2
0.3677053824362606,0.3327402135231316,0.6659735058533585,0.632305518315881,0.1223503674654461,0.2448820426622264,0.2103934731762806,0.4210987228032522,4
0.2235127478753541,0.2731316725978647,0.8847042513863279,0.7127432153338888,0.0610484106741403,0.1977426782843662,0.1946727465369251,0.6305669527526524,5
0.7575070821529746,0.7101423487544484,0.5060844115834904,0.2577991956230298,0.5379378585182423,0.3833625259417148,0.1830741262867458,0.1304681542235781,2
0.5430594900849859,0.3001779359430604,0.4925292667898944,0.573028008261169,0.1630144768280019,0.267472692474852,0.1720103647574006,0.2822330647589471,3
0.3980169971671388,0.2572953736654804,0.4993068391866941,0.6696981774701982,0.1024079320113314,0.1987326087981034,0.1723102428152858,0.3343848802017344,4
0.3818696883852692,0.2845195729537366,0.2898182378311809,0.7449182941410921,0.1086494006633532,0.1106728001689608,0.2119438349344494,0.2158909073361806,4
0.3257790368271955,0.299288256227758,0.5880314232902037,0.7649190188050292,0.0975018398475699,0.1915683107036074,0.2289312792936048,0.4497964193296674,4
0.4240793201133145,0.253914590747331,0.2750308071472602,0.8224573354107032,0.1076799270109786,0.1166348777052262,0.208833917727949,0.2262011048021906,4
0.5056657223796034,0.3496441281138789,0.5393561306223056,0.419978984745824,0.1768030506184911,0.2727339074109959,0.1468431859476056,0.2265182401551919,3
0.6209631728045326,0.6012455516014233,0.5288817005545319,0.4563571143882023,0.3733513453570312,0.3284160588145988,0.2743826849675685,0.2413589267177914,2
0.901416430594901,0.9284697508896796,0.3976432532347544,0.3895430993876588,0.8369378887623119,0.3584421619810166,0.3616789844492533,0.1548991853156579,1
0.6728045325779037,0.7788256227758005,0.1709026494146677,0.5376644081307294,0.5239974090913672,0.1149840771557608,0.4187468175067974,0.0918882718455108,1
0.7405099150141643,0.9284697508896796,0.4068853974122,0.6928874234573716,0.687541056324539,0.3013026710582127,0.6433250134520578,0.2819257746553679,1
0.711331444759207,0.7453736654804269,0.6416358595194112,0.4422986340084784,0.5302077263516579,0.4564157629612583,0.3296777540678853,0.2837946641962915,1
0.2376770538243626,0.2864768683274021,0.6841497227356754,0.7550635892604804,0.0680889780528867,0.1626066904745698,0.2163082524393902,0.5165765452403616,5
0.4045325779036828,0.7135231316725977,0.5214879852125733,0.7878183992173629,0.2886433518494248,0.2109588790038399,0.5621266513988655,0.4108378297212573,3
0.906798866855524,0.9218861209964412,0.3711491065927319,0.4021522518931844,0.8359652898894073,0.3365575892927294,0.3707385795477915,0.1492584490044106,2
0.3410764872521247,0.3476868327402135,0.6838416512630943,0.661292075799848,0.118587803574849,0.2332423082495086,0.2299225473510503,0.4522190650821673,4
0.3804532577903683,0.249644128113879,0.4959180529882943,0.62433421500779,0.0949779218291613,0.188673638856453,0.1558613707572828,0.3096186083206383,4
0.2328611898016997,0.3266903914590746,0.4481669747381431,0.9526069785137145,0.0760735132519431,0.1043606949673523,0.3112075467172916,0.4269269876749347,4
0.4359773371104816,0.5895017793594305,0.4666512630930377,0.8818797782528354,0.2570094159870151,0.2034493750425453,0.5198696984611464,0.4115303124178937,3
0.3090651558073655,0.2718861209964412,0.7454559457794225,0.8997065111054747,0.0840305263476253,0.2303944580298442,0.244617713339709,0.6706915681600362,4
0.6844192634560907,0.7999999999999997,0.3255545286506489,0.3746150222834159,0.5475354107648723,0.2228157907138719,0.2996920178267326,0.1219576170049298,2
0.2348441926345609,0.2644128113879003,0.313847812692547,0.8579658683285627,0.0620958132126258,0.0737053361819041,0.2268571673196163,0.2692707111397812,4
0.2456090651558074,0.2160142348754448,0.3973351817621697,0.9289829341642816,0.053055054288105,0.0975891225461193,0.2006735377358429,0.3691176030001185,4
0.6807365439093485,0.7790035587188612,0.3791589648798528,0.8305735715062139,0.5302961902553608,0.258107363344557,0.6470197679811751,0.3149194156288584,1
0.4730878186968839,0.4039145907473309,0.5615372766481848,0.7053516431754774,0.1910870726764993,0.2656564453264783,0.2849018202861803,0.3960812407880797,3
0.5951841359773371,0.6177935943060496,0.6481053604436262,0.5007065473386716,0.3677009466393797,0.3857420289779203,0.3093332975729301,0.3245105973394133,3
0.1968838526912181,0.2775800711743772,0.8717652495378978,0.8631834486756766,0.0546510338431139,0.1716365009713424,0.2396025231199387,0.7524933345317345,5
0.1325779036827195,0.2485765124555159,0.4293746149106603,0.8795608536541177,0.0329557529261137,0.0569255863394303,0.218638169493737,0.3776611028282284,5
0.5439093484419264,0.4544483985765124,0.4721965495995093,0.5747672017102068,0.2471787323702277,0.2568321176291949,0.2612020343715067,0.2714030894705248,3
0.3257790368271955,0.2622775800711744,0.5513709180529887,0.7383963187071996,0.0854445374169548,0.1796250866178292,0.1936647996039879,0.4071302561325358,4
0.6889518413597734,0.8234875444839856,0.2232747997535433,0.8118772419290554,0.5673432601090802,0.1538255844194383,0.6685707963785886,0.1812717286161689,2
0.1,0.2466192170818505,0.4872920517560111,0.7283959563752309,0.024661921708185,0.0487292051756011,0.1796364404868451,0.3549415600728682,4
0.1957507082152975,0.2733096085409252,0.8184688847812716,0.67694481684119,0.0535005494339318,0.1602158638481186,0.1850155228946739,0.5540582692984709,5
0.6660056657223796,0.8288256227758005,0.4013401109057319,0.4604152324359577,0.5520025606645629,0.2672947877448656,0.3816039417591976,0.1847831004485356,2
0.6762039660056658,0.5880782918149464,0.5174830560690111,0.5717236131743904,0.397660873247104,0.3499240948545976,0.3362182458258647,0.2958572825723006,2
0.6297450424929179,0.6300711743772242,0.6379390018484301,0.6386825609623537,0.3967841984817477,0.4017389238269292,0.4024154712398032,0.407440515438323,2
0.5212464589235128,0.6313167259786477,0.665049291435615,0.7473821515272292,0.3290716078755558,0.3466545881704056,0.4718348529570479,0.4970459703048092,2
0.6844192634560907,0.5686832740213522,0.4688077634011094,0.236494075872314,0.3892177875454921,0.3208610641294845,0.1344902253537216,0.1108702587673118,2
0.6762039660056658,0.3709964412811387,0.434303758471966,0.3821515272292474,0.2508692649682941,0.2936779239299102,0.1417768566322029,0.165969844581464,2
0.5014164305949009,0.7322064056939502,0.5658502772643246,0.718685459618102,0.3671403224017824,0.2837266262770127,0.5262260972114751,0.4066683665907415,2
0.7297450424929179,0.8177935943060496,0.1749075785582263,0.6596978151382298,0.5967808212273042,0.1276379383473062,0.5394966473977408,0.1153861474259801,2
0.2362606232294617,0.2864768683274021,0.7044824399260641,0.7594115728830755,0.0676832034518564,0.1664414603111437,0.2175538491711301,0.534992117772759,5
0.338243626062323,0.2870106761565836,0.7081792975970451,0.827095184608138,0.0970795318218019,0.2395371335214935,0.237385148180236,0.5857316868816895,4
0.2609065155807366,0.2861209964412811,0.5658502772643246,0.758976774520816,0.0746508322159829,0.1476340241814286,0.2171591910016854,0.4294672182997865,4
0.4994334277620397,0.252135231316726,0.3104590264941471,0.4640385521214536,0.1259247628360872,0.1550536157816378,0.1170004676790213,0.14406495714738,3
0.3688385269121814,0.5064056939501779,0.6055914972273584,0.4682416029566287,0.1867819301765245,0.2233654757478812,0.2371202138815952,0.283563133398643,3
0.6736543909348442,0.6430604982206406,0.3760782501540376,0.5338961556578137,0.4332005282630831,0.2533467645513602,0.3433275278553983,0.2007867319837582,2
0.7218130311614731,0.8177935943060496,0.291974738139249,0.7308598137613682,0.5902940731704857,0.2107511707588687,0.5976924740297593,0.2133926027394757,2
0.8280453257790369,0.7327402135231317,0.2131084411583508,0.3172216384651616,0.6067421088181626,0.1764634485852292,0.2324410511031202,0.0676026088750085,1
0.7461756373937677,0.8341637010676154,0.4302988293284038,0.4525888619152867,0.6224326313348723,0.3210785032439137,0.3775332001172354,0.1947484574492224,1
0.6654390934844193,0.8172597864768684,0.3372612446087508,0.4611398963730568,0.5438366114544374,0.2244268168798741,0.3768710932458096,0.1555246153895275,2
0.2535410764872521,0.2743772241992882,0.8286352433764641,0.8231819993478025,0.0695658967870716,0.2100930716209448,0.2258623919918703,0.6821176163726906,4
0.141643059490085,0.2158362989323843,0.425985828712264,0.8273850501829776,0.0305717137297994,0.0603379360782243,0.1785797270234789,0.3524543062663338,5
0.6685552407932012,0.9284697508896796,0.3933302526186075,0.8395594043262438,0.6207333178752533,0.2629630017506837,0.7795055109918754,0.3302241125919691,1
0.2269121813031162,0.2218861209964412,0.2580868761552679,0.9986956049132214,0.0503486637161896,0.058563056034099,0.221596693830389,0.2577502289020489,4
0.3821529745042494,0.3258007117437722,0.4571010474430075,0.9297075981013804,0.124505711088484,0.1746825249293533,0.3028993971750226,0.4249703169078636,4
0.3067988668555241,0.2727758007117437,0.5837184226740639,0.7376716547701003,0.0836873065639712,0.1790841506390967,0.201218976292271,0.4305925347737696,4
0.3031161473087819,0.294661921708185,1.0,0.485488604659589,0.0893167864667869,0.3031161473087819,0.1430550052164197,0.485488604659589,4
0.4524079320113315,0.5976868327402135,0.5978897104128187,0.8470959092720751,0.2703982639904025,0.2704900474587171,0.5062980710400178,0.5064699278865643,3
0.753257790368272,0.8873665480427045,0.4376925446703659,0.3456284647994492,0.6684157652253687,0.329695319059066,0.3066991377143866,0.1512790022685829,2
0.1609065155807366,0.2571174377224199,0.6558071472581659,0.7941954418638355,0.0413718709989616,0.1055236429582544,0.2042014970628544,0.5208390470941605,5
0.2793201133144476,0.3092526690391459,0.8936383240911923,0.7015833907025615,0.0863804905588096,0.2496111579472849,0.216966536128301,0.6269618054776532,4
0.7611898016997167,0.7999999999999997,0.3572858903265583,0.2111308380738431,0.6089518413597732,0.2719623760077796,0.1689046704590744,0.0754340694566054,1
0.2388101983002833,0.2476868327402135,0.4071934688847811,0.7311496793362078,0.0591501416430594,0.0972419530509548,0.181096148333808,0.2977193742029058,4
0.5988668555240794,0.3603202846975089,0.5156346272335206,0.6196963658103554,0.2157838758783382,0.3087964878106693,0.2232891709547988,0.31953690458259,3
0.1739376770538244,0.2829181494661921,0.3563616759088113,0.9675350556179572,0.0492101257145161,0.0619847220985864,0.2737332274791016,0.3447924139205401,5
0.1107648725212464,0.2749110320284698,0.8893253234750489,0.8884017536867277,0.0304504854173177,0.09850600608463,0.2442314429619207,0.7900781769732498,5
0.6354107648725212,0.7640569395017792,0.6505699322242755,0.7297003514620095,0.4854900043349832,0.4133791382376912,0.5575326172914357,0.4747211081946695,2
0.7988668555240794,0.8508896797153026,0.4718884781269281,0.4309938765897314,0.6797475628320548,0.3769760646793024,0.3667282416106932,0.2033810445059534,1
0.2138810198300283,0.3322064056939502,0.412430683918668,0.812167107503895,0.0710526448438901,0.0882110952857207,0.269807115606721,0.3349626356040777,4
0.5844192634560907,0.6850533807829181,0.7112600123228603,0.4879524620457262,0.4003583922252579,0.415674052527496,0.3342734837857732,0.3470610741676132,2
0.5546742209631729,0.6923487544483985,0.4558687615526828,0.9308670604007392,0.3840280060084885,0.2528586501756807,0.6444846498254939,0.4243532139950713,2
0.7073654390934845,0.7327402135231317,0.4075015403573623,0.2586687923475487,0.5183151028802436,0.2882525060261569,0.1895370261365134,0.1054079313240047,2
0.4235127478753542,0.351067615658363,0.5350431300061622,0.3847603174028043,0.148681610597522,0.2265975862207401,0.1350768872305574,0.2058633645253608,3
0.2354107648725212,0.3266903914590746,0.4441620455945809,0.963187071995362,0.0769064349298841,0.1045605268807639,0.3146639615984846,0.4278111401877149,4
0.5107648725212465,0.7138790035587189,0.6970887245841055,0.6585383528388709,0.3646243182482635,0.3560484335481989,0.4701167031298132,0.4590596604701661,2
0.7509915014164307,0.7327402135231317,0.4118145409735056,0.2092467118373853,0.5502816731019327,0.3092692204308112,0.1533234803107389,0.0861708385855282,2
0.1824362606232294,0.2829181494661921,0.7294362292051773,0.8794159208666981,0.0516145292510559,0.1330756180193014,0.2488027249427134,0.6414778332200028,4
0.6342776203966006,0.7706405693950177,0.3021410967344451,0.6799884053770064,0.4888000665369532,0.1916413358607429,0.5240266519017464,0.2054524425673151,2
0.7509915014164307,0.8177935943060496,0.3421903881700565,0.6907134316460739,0.6141560392366395,0.2569820733821019,0.5648610199013087,0.2363554972892418,1
0.5801699716713881,0.6389679715302491,0.6819932224276037,0.3922968223486357,0.3707100299416289,0.3956719885359015,0.2506651048138703,0.2675437740216552,2
0.7716713881019831,0.7891459074733095,0.3733056069008,0.4795463603753759,0.6089613178349278,0.2880692558633936,0.3784320477339487,0.1790173450969994,1
0.439943342776204,0.3758007117437721,0.3163123844731963,0.7534693285988623,0.1653310213422317,0.1391595277866498,0.2831543099645545,0.2383316799565244,3
0.4373937677053825,0.249644128113879,0.534735058533581,0.5309974999094169,0.1091927857812547,0.2338897819761612,0.1325604078955359,0.2839429791952472,4
0.3402266288951842,0.3017793594306049,0.5978897104128187,0.7250625022645747,0.1026733741292228,0.2034180006248712,0.2188088974805548,0.4335074095101602,3
0.7150141643059491,0.93576512455516,0.3899414664202112,0.6579586216891917,0.6690853185204602,0.2788136717406836,0.615694731577128,0.2565653497853044,1
0.4016997167138811,0.3227758007117437,0.7525415896487999,0.609551070690967,0.1296589477080036,0.3022957433773366,0.1967483349169775,0.4587125317099083,3
0.6855524079320114,0.5880782918149464,0.512861983980283,0.5750570672850466,0.4031584890062806,0.3515937680544717,0.3381785778251029,0.2949249084296921,2
0.8356940509915014,0.7494661921708184,0.3942544670363546,0.3753396862205151,0.6263244382164064,0.3294761126791065,0.2813044054022793,0.1479793479484617,2
0.6730878186968839,0.7135231316725977,0.5513709180529887,0.1075038950686617,0.4802637282872783,0.3711210485251844,0.0767065158763938,0.0592745213182801,2
0.4229461756373938,0.2250889679715302,0.7922828096118337,0.5511431573607739,0.0952005181817265,0.3350929843485744,0.1240562444949072,0.4366612492121309,3
0.5252124645892352,0.5546263345195729,0.7183456561922377,0.5636073770788796,0.2912966640791185,0.3772840925156965,0.3125914936574497,0.4048649111225137,3
0.1388101983002833,0.2492882562277579,0.719886013555147,0.5795499836950615,0.0346037522809069,0.0999275202951903,0.1444750048321674,0.4172099274181883,5
0.3124645892351275,0.2523131672597865,0.4484750462107243,0.8507192289575709,0.0788389301664432,0.1401325710964387,0.2146476631070881,0.3815263455190983,4
0.7864022662889519,0.755693950177936,0.3782347504621093,0.3562085582810971,0.5942794350407792,0.297444664952639,0.2691846524946298,0.1347304551539185,1
0.528328611898017,0.4638790035587188,0.4050369685767094,0.7627450269937317,0.2450805500388132,0.2139926193755136,0.3538214030912203,0.3089399335305015,3
0.7784702549575071,0.8145907473309607,0.4490911891558866,0.2725823399398528,0.6341346667607592,0.3496041325213531,0.2220430520008267,0.1224143271864826,1
0.2356940509915014,0.2277580071174376,0.5131700554528678,0.6939019529693105,0.05368120734326,0.1209511292172198,0.158041725943188,0.3560897036841143,4
0.711614730878187,0.6081850533807828,0.2189617991374,0.6425957462226892,0.4327934430857015,0.1558164417657645,0.3908171282187102,0.1407039207109601,2
0.3563739376770539,0.3238434163701068,0.4946857670979696,0.4059205043661001,0.1154093534826046,0.1762931147334974,0.1314546829085947,0.2008030960831389,4
0.0954674220963173,0.2653024911032029,0.4290665434380791,0.7315844776984672,0.0253277449013539,0.0409618768098109,0.1940911843858389,0.3138984230790338,5
0.518130311614731,0.5660142348754448,0.4635705483672225,0.8191238813000472,0.2932691318943877,0.2401899526809207,0.4636357769422509,0.3797217068349505,3
0.1903682719546742,0.3163701067615658,0.4725046210720904,0.691583028370593,0.060226830522315,0.0899498882040919,0.2187961965200915,0.3267761767601358,5
0.631444759206799,0.4889679715302492,0.2944393099199018,0.2379434037465124,0.3087562630427551,0.1859221591533884,0.1163467034689352,0.0700598915991156,2
0.2118980169971671,0.154270462633452,0.6755237215033922,0.6325953838907206,0.032689605113264,0.1431421370211154,0.0975907825326076,0.4273331879317266,5
0.5739376770538244,0.5976868327402135,0.6490295748613697,0.6473785282075437,0.3430349923885758,0.3725025265351657,0.3869296221083877,0.4201678109369213,2
0.61643059490085,0.6425266903914589,0.3806993222427621,0.7682524729156854,0.3960731099976812,0.2346747096884562,0.4936227188075693,0.2924731957503274,2
0.5280453257790368,0.6128113879003557,0.5612292051756036,0.6963658103554475,0.323592188964947,0.2963544584836615,0.4267408987302777,0.3908208302572529,3
0.2311614730878187,0.2893238434163701,0.5261090573012943,0.9399978260081888,0.0668805258435575,0.1216161446906108,0.2719637838237215,0.4945413701064343,3
0.7028328611898018,0.904626334519573,0.2818083795440529,0.5502735606362548,0.6358011149980343,0.1980641897022083,0.4977919541414091,0.1550717004288391,2
0.71671388101983,0.7870106761565837,0.3588262476894641,0.6962208775680279,0.5640614761122257,0.2571757525932986,0.5479332636091437,0.2498223250608012,2
0.5014164305949009,0.4167259786476868,0.7429913739987697,0.7995579549983696,0.20895325274969,0.3725480827132642,0.3331965712822387,0.594064663575885,3
0.4589235127478755,0.5256227758007117,0.6200708564386943,0.6762201529040905,0.2412206506507516,0.2845650955894292,0.3554367138218298,0.4193044093523442,3
0.3569405099150142,0.2731316725978647,0.6120609981515734,0.5595492590311242,0.0974917584910225,0.2184693647793152,0.1528306250200668,0.3424782779975632,4
0.6473087818696884,0.8341637010676154,0.4447781885397432,0.6708576397695569,0.539961489217989,0.2879088274258678,0.5596050916796587,0.2983828457847511,1
0.2487252124645892,0.2879003558718861,0.7094115834873733,0.619116634660676,0.0716080771828657,0.1764485468277375,0.1782438994450131,0.4392085121580037,4
0.296600566572238,0.2702846975088967,0.2713339494762792,0.9768107540128266,0.0801665944169447,0.0804778031449474,0.2640169991717941,0.2650419197772025,4
0.2657223796033994,0.2718861209964412,0.7288200862600149,0.77289032211312,0.0722462270523121,0.1936638076237659,0.2101381516350261,0.5632979912320148,4
0.3628895184135978,0.3113879003558718,0.5744762784966113,0.7730352549005399,0.1129994051999637,0.2084714200436711,0.2407138249245453,0.4440904163819414,4
0.2334277620396601,0.2096085409252669,0.4845194085027735,0.6494075872314213,0.0489284526125835,0.1131002811915822,0.1361213768253762,0.3146505800425815,4
0.6543909348441926,0.8172597864768684,0.3505083179297585,0.5492590311243162,0.5348073956831632,0.2293694658407201,0.4488873184971502,0.1925198591071129,2
0.8257790368271956,0.791103202846975,0.3908656808379547,0.2954817203521865,0.6532764408778845,0.3227686854511722,0.2337565353533489,0.1154936638006275,2
0.8073654390934845,0.8683274021352311,0.4244454713493546,0.4007029240189861,0.7010575343018155,0.3426826043472126,0.3479413290413971,0.1700765414563032,2
0.4436260623229462,0.3275800711743772,0.4725046210720904,0.661147143012428,0.1453230570705594,0.2096153644756072,0.2165786281647473,0.3123950802819825,3
0.8087818696883853,0.8263345195729536,0.4309149722735697,0.4653429472082322,0.668324377728267,0.3485162169521363,0.3845289407179769,0.2005232431939365,2
0.6586402266288952,0.3418149466192171,0.3227818853974113,0.3609913402659516,0.2251330739064248,0.212597134149853,0.1233922357030058,0.1165214654231823,2
0.5314447592067989,0.3103202846975088,0.4986906962415318,0.6423058806478497,0.1649180889780528,0.2650265569827517,0.1993205437455248,0.3203119668203064,3
0.4526912181303117,0.3709964412811387,0.4148952556993244,0.7839052139570275,0.1679468309255693,0.1878194386990143,0.2908260446797868,0.3252385541887345,2
0.4730878186968839,0.4544483985765124,0.4940696241528073,0.7470922859523894,0.2149940015928543,0.2337383207748408,0.3395148929399292,0.3691156049279587,3
0.3229461756373938,0.2704626334519573,0.6533425754775131,0.4830247472734518,0.0873448731261278,0.2109944861315481,0.1306401451700439,0.3155806324030119,4
0.8053824362606232,0.7640569395017792,0.5945009242144224,0.2476539005036413,0.6153580393777786,0.4788006027030036,0.1892216812744903,0.1472304727347213,1
0.639943342776204,0.748932384341637,0.576632778804683,0.3759194173701945,0.4792742935489399,0.3690123080226002,0.2815382255713787,0.2167674582448127,2
0.1957507082152975,0.2608540925266904,1.0,0.6801333381644263,0.0510623733529583,0.1957507082152975,0.17741556472403,0.6801333381644263,4
0.264872521246459,0.2775800711743772,0.8187769562538527,0.7614406319069531,0.0735233332997288,0.2168715167414596,0.2113607447997948,0.6234500429607853,4
0.523229461756374,0.4167259786476868,0.6311614294516339,0.7441936302039929,0.2180433095077273,0.330242255013362,0.3101248188501336,0.4697063154283528,3
0.8325779036827196,0.8507117437722419,0.4118145409735056,0.3198304286387187,0.7082838002681641,0.3428676872297827,0.2720835016586679,0.1317108211592134,1
0.5671388101983003,0.6709964412811388,0.4515557609365395,0.809558317330338,0.3805481233554786,0.2560947969957371,0.5432107499382036,0.3655607220046052,2
0.3575070821529745,0.340035587188612,0.9752772643253244,0.573028008261169,0.121565130603974,0.3486685290590819,0.1948499152646073,0.5588611882787422,4
0.8368271954674222,0.8085409252669037,0.4065773259396188,0.5102721113083808,0.6766090349117376,0.3402349634066952,0.4125758850151746,0.207465070517325,1
0.2963172804532578,0.2813167259786476,0.6930837954405433,0.3904126961121779,0.0833590071880071,0.2053727053911638,0.1098296214507745,0.2705887132096037,4
0.2345609065155807,0.2893238434163701,0.5636937769562564,0.94782419652886,0.0678640629883157,0.132220523320051,0.2742281394227626,0.5342826012318822,3
0.0971671388101983,0.2370106761565835,0.6505699322242755,0.688249574259937,0.0230296492696057,0.0632140189101774,0.1631224969598284,0.4477544788796737,5
0.1509915014164305,0.2498220640569394,0.4549445471349358,0.8794159208666981,0.0377210085389089,0.068692760233122,0.2196975005154526,0.4000854778619525,5
0.1365439093484419,0.2501779359430605,0.8594423906346265,0.6002753722960976,0.0341602734063895,0.1173516238770226,0.1501756536384899,0.5159021010052486,5
0.7240793201133146,0.7064056939501778,0.4983826247689507,0.286350954744737,0.5114937545996189,0.360868552098991,0.2022799448997519,0.142712340430777,2
0.8096317280453259,0.8263345195729536,0.4299907578558226,0.4775173013514981,0.6690266450253546,0.3481341603263289,0.3945890298000635,0.2053280262973978,2
0.394900849858357,0.3930604982206406,0.3988755391250791,0.8046306025580638,0.1552199247930802,0.157516289388204,0.3162685055250468,0.3209474653918849,3
0.7651558073654392,0.8197508896797153,0.4497073321010489,0.3973694699083299,0.6272371538314196,0.3440961767719357,0.3257439764889103,0.178699964170883,2
0.6286118980169972,0.8873665480427045,0.4244454713493546,0.5985361788470596,0.5578091700019154,0.2668114733496368,0.5311209829021861,0.2540459705503818,2
0.7467422096317281,0.8375444839857652,0.322165742452249,0.5472299721004384,0.6254298186363958,0.2405747583864386,0.4583294446044064,0.1762987502538612,1
0.7192634560906516,0.9375444839857652,0.4078096118299434,0.8556469437298453,0.674341485790328,0.2933225508317921,0.8022070723331949,0.3489410479859456,1
0.8008498583569406,0.7612099644128113,0.2180375847196565,0.6698431102576179,0.6096148921798917,0.1746153688392263,0.5098912501213682,0.1460509739016735,1
0.2220963172804533,0.2788256227758007,0.7448398028342602,0.4899815210696039,0.0619261439819342,0.1654261771733881,0.1366194027608664,0.3649577395459147,5
0.7461756373937677,0.8071174377224198,0.3957948243992604,0.6118699952896842,0.6022513685441512,0.2953324553732724,0.493850942817439,0.2421749773408568,2
0.7195467422096318,0.7608540925266903,0.4943776956253884,0.3409906156020145,0.5474700835744458,0.3557278603083532,0.2594441053939882,0.1685781547712065,2
0.3637393767705383,0.294661921708185,1.0,0.4624442914598354,0.1071801437601443,0.3637393767705383,0.1362647236045351,0.4624442914598354,3
0.8603399433427763,0.7185053380782916,0.4306069008009885,0.22258052828001,0.6181588418537598,0.3704683166381309,0.1599252977214733,0.0958447114613018,2
0.1631728045325779,0.2807829181494662,0.9648028342575508,0.8233269321352223,0.0458161362192896,0.1574295842867845,0.2311761385959752,0.7943481576446366,4
0.7192634560906516,0.4234875444839856,0.2593191620455961,0.2256241168158265,0.304599114856895,0.1865187967234471,0.0955490032067023,0.0585086569099578,2
0.6821529745042494,0.6024911032028469,0.5079328404189773,0.7102793579477518,0.4109910981621687,0.3464878979401976,0.4279369939521508,0.3607742117733691,2
0.6572237960339944,0.7330960854092526,0.3933302526186075,0.4895467227073443,0.4818081921103304,0.2585060017210112,0.358884786041683,0.1925535361110911,2
0.7045325779036827,0.7601423487544482,0.4466266173752302,0.5241856589006847,0.5355450485417317,0.3146630020997726,0.3984557179401645,0.234115267711419,1
0.4507082152974505,0.4544483985765124,0.4654189772027131,0.7882531975796223,0.2048236266672043,0.2097681565805996,0.3582204033128746,0.3668679969942759,3
0.7594900849858358,0.8110320284697509,0.3224738139248302,0.3164969745280626,0.6159707842287259,0.2449156643434759,0.2566891832560337,0.1020619864717341,1
0.7152974504249292,0.641459074733096,0.4644947627849696,0.2038841987028514,0.4588340407085177,0.332251919555821,0.1307833694526297,0.0947031425120845,3
0.6362606232294618,0.8830960854092526,0.3332563154651886,0.7439037646291531,0.561879265673989,0.212037870973035,0.6569385024652111,0.2479106276609944,2
0.8594900849858357,0.7939501779359431,0.5048521256931622,0.3473676582484872,0.6823923059086832,0.4339153964172957,0.2757926140755783,0.1753693006638046,1
0.4325779036827196,0.2352313167259786,0.5698552064078868,0.6124497264393638,0.1017558698698496,0.2465067705906071,0.1440673555787969,0.3490076652745574,3
0.5742209631728045,0.3603202846975089,0.5270332717190414,0.6456393347585057,0.2069034609297026,0.3026335529106222,0.232636948912095,0.3402734109482806,3
0.3246458923512748,0.4873665480427046,0.8917898952556982,0.4921555128809015,0.1582215478914842,0.289515926335136,0.2398601334129518,0.4388993132815735,3
0.8053824362606232,0.7629893238434161,0.3933302526186075,0.4856335374470089,0.6144982004778561,0.3167812771089804,0.3705332043723796,0.1910143619641,1
0.3206798866855525,0.2738434163701068,0.5895717806531131,0.7204246530671401,0.0878160757311504,0.1890638118128397,0.1972835482331545,0.424742045535195,4
0.6909348441926346,0.6797153024911032,0.5076247689463962,0.520417406427769,0.4696389866220399,0.3507356406403004,0.3537356748316864,0.264176765693579,2
0.2246458923512748,0.2784697508896796,0.6841497227356754,0.9743468966266892,0.0625570856814492,0.153691424965833,0.2713261375837665,0.6665991591755152,4
0.6237960339943343,0.5948398576512456,0.3961028958718415,0.6807130693141055,0.3710587440646013,0.2470874154985254,0.4049152652521449,0.2696324180131267,2
0.6424929178470254,0.6211743772241992,0.6792205791743733,0.600855103445777,0.3991001381145846,0.4363944117754896,0.3732357946849123,0.4081131513623186,2
0.7039660056657224,0.6923487544483985,0.4903727664818262,0.401717453530925,0.4873899871966771,0.3452057577074612,0.2781285785923183,0.1969912990319941,2
0.3572237960339944,0.3434163701067615,0.5911121380160225,0.909127142287764,0.1226764993497525,0.2111593218238539,0.3122091431699972,0.5373960888061169,3
0.2535410764872521,0.3419928825622775,0.6006623536660527,0.696800608717707,0.0867092435958182,0.1522925797538575,0.2383008487465182,0.4185418936683161,5
0.5660056657223796,0.5843416370106761,0.6253080714725847,0.5156346244429144,0.3307406772655328,0.3539279112754177,0.3013067805463578,0.3224304925948893,2
0.2181303116147309,0.2316725978647686,0.7965958102279735,0.6182470379361569,0.0505348159648362,0.1737616923160169,0.1432308974008676,0.4924930001057976,4
0.2620396600566573,0.281138790035587,0.6656654343807773,0.8402840682633428,0.0736695129696651,0.174430744136606,0.2362364462377368,0.5593480593037649,4
0.73314447592068,0.7891459074733095,0.4001078250154037,0.5615783180550018,0.5785579627594689,0.2933368416826812,0.4431672314188492,0.2246918794127954,2
0.5288951841359774,0.2555160142348753,0.1447165742452263,0.3791079386934308,0.1351411893984453,0.0765398991829568,0.0968681494597449,0.0548632021568825,3
0.5728045325779038,0.7016014234875446,0.6481053604436262,0.6527410413420776,0.4018804754367749,0.3712376880501451,0.4579640437743438,0.4230449678753551,3
0.113314447592068,0.3649466192170818,0.3917898952557017,0.916228848871336,0.0413537245571764,0.044395455553054,0.3343746208247526,0.3589692047295528,4
0.2951841359773371,0.288612099644128,0.6730591497227358,0.8188340157252074,0.085193713266057,0.1986763835725469,0.236325404538485,0.5511237263880614,3
0.1269121813031161,0.2743772241992882,0.8575939617991395,0.945070473567883,0.0348218120230258,0.10883912036431,0.2593058132102625,0.8104867316064697,4
0.6467422096317281,0.5948398576512456,0.3976432532347544,0.6202760969600347,0.3847080439143892,0.2571726762421938,0.3689649452201772,0.2466486050989441,2
0.6300283286118981,0.755693950177936,0.383163894023415,0.4730243849414832,0.4761085963727279,0.2414041077359985,0.357461665986918,0.1812458653022095,2
0.2620396600566573,0.2019572953736654,0.7627079482439925,0.7141925432080871,0.0529208210256772,0.1998597314803663,0.1442363944023449,0.544720329281399,4
0.8691218130311616,0.8177935943060496,0.250077017868147,0.3762092829450341,0.7107622513685441,0.2173473911669901,0.307661541710921,0.094081295573208,1
0.506515580736544,0.5686832740213522,0.4774337646333961,0.6427406790101091,0.2880469387960844,0.2418276405565191,0.3655158736861759,0.3068661020628216,2
0.6235127478753542,0.347508896797153,0.3843961799137396,0.6308561904416825,0.2166762271531257,0.2396759184108048,0.2192281387780437,0.2424987096807173,2
0.2603399433427762,0.2645907473309608,0.6829174368453508,0.8020218123845066,0.0688835401691651,0.1777906868161125,0.2122075507145482,0.5477146804076901,4
0.2362606232294617,0.2807829181494662,0.8806993222427622,0.875067937244103,0.0663379472341798,0.2080745707508395,0.2457041289984332,0.7706717392472535,4
0.6118980169971672,0.8830960854092526,0.317544670363528,0.773759918837639,0.5403647434798826,0.1943049541034619,0.6833043553720999,0.2457033383678082,2
0.4957507082152975,0.7535587188612097,0.2587030191004302,0.6665096561469619,0.373577268557257,0.1282522049364739,0.50225416259473,0.1724280603048086,2
0.808215297450425,0.7601423487544482,0.4293746149106603,0.2643211710569222,0.614358674503241,0.347027132107681,0.2009217157927351,0.1134928010353007,1
0.6626062322946176,0.5718861209964413,0.5630776340110941,0.4124424797999926,0.3789353079350357,0.3730987495614586,0.2358701299069708,0.2322371356914483,2
0.7492917847025496,0.7806049822064057,0.4959180529882943,0.1585202362404434,0.5849009002651397,0.3715873229898126,0.1237416861898265,0.0786130469156051,2
0.6113314447592069,0.8565836298932384,0.4453943314849056,0.8307185042936338,0.5236565080197192,0.2722835601542284,0.7115798718273226,0.3699973128720037,2
0.1181303116147309,0.2535587188612099,0.6271565003080717,0.7782528352476539,0.0299529704717066,0.0740861928125965,0.1973327918554993,0.4880863245087529,5
0.7878186968838528,0.8508896797153026,0.4712723351817658,0.4411391717091198,0.6703467986652285,0.371277156980309,0.3753607685254468,0.2078966875915068,1
0.5886685552407932,0.7999999999999997,0.3129235982748035,0.6265082068190877,0.4709348441926343,0.1842082824971789,0.50120656545527,0.1960492024265236,2
0.5586402266288952,0.5816725978647687,0.4925292667898944,0.8175296206384288,0.3249457118949926,0.2751466612208702,0.4755345782681537,0.4026572646320658,2
0.3980169971671388,0.2359430604982205,0.6080560690080112,0.5267944490742419,0.0939093484419262,0.2420166506958231,0.1242934945680506,0.3203205618793245,3
0.2988668555240794,0.2704626334519573,0.7762630930375884,0.6062176165803108,0.0808323167965481,0.2319993096755399,0.1639592130252798,0.4705843621005069,4
0.5461756373937677,0.6128113879003557,0.6169901417128827,0.6636110003985651,0.3347026503886362,0.3369849839157048,0.4066683781801882,0.4094414451781386,3
0.6589235127478754,0.6211743772241992,0.6536506469500942,0.5676654951266349,0.4093064026695432,0.4307057803982774,0.3526192604069541,0.3710549181407704,2
0.8303116147308783,0.7532028469750888,0.2583949476278491,0.2796840465234247,0.6253930720917806,0.2145483262031801,0.2106588200949566,0.0722689445537652,1
0.8062322946175638,0.6998220640569394,0.289202094886015,0.326497336860031,0.564219148528626,0.2331640685681583,0.2284900401904807,0.0944237137946259,2
0.5005665722379604,0.6713523131672597,0.6890788662969811,0.6794086742273271,0.3360565261661609,0.3449298461038996,0.4561225850284172,0.4681661589889015,2
0.3155807365439094,0.3265124555160142,0.8847042513863279,0.8628935831008371,0.1030410412025042,0.2791956192760253,0.2817455026672661,0.7634056214632922,4
0.6178470254957508,0.748932384341637,0.5458256315465206,0.4150512699735497,0.4627256459629208,0.3372367428903574,0.310845337245315,0.2265456215574982,2
0.484985835694051,0.7535587188612097,0.2503850893407282,0.7425993695423747,0.3654653050114422,0.1214332217992426,0.559592229539494,0.1859358094872359,2
0.3614730878186969,0.299288256227758,0.5612292051756036,0.6337548461900793,0.108184650126521,0.2028692537688584,0.1896753827921198,0.3556817286034451,4
0.593201133144476,0.576512455516014,0.6444085027726452,0.512735968694518,0.3419878418840038,0.3822638540526683,0.2955986723434586,0.3304114179041162,3
0.6711048158640227,0.755693950177936,0.3813154651879245,0.4366462552991049,0.5071498492837196,0.2559026450510462,0.329970933497384,0.1664999699619434,2
0.7892351274787537,0.7322064056939502,0.5757085643869395,0.0425740063045761,0.5778830159386249,0.4543694222045364,0.0311729601322652,0.024510220049808,1
0.6818696883852692,0.7788256227758005,0.1702865064695018,0.7899923910286604,0.5310575847085983,0.1161132071025753,0.6152663159310401,0.1345250444057591,1
0.3614730878186969,0.2476868327402135,0.5603049907578566,0.6634660676111452,0.089532124242638,0.2025351751294688,0.1643318089172089,0.3717433488810142,4
0.3294617563739377,0.302135231316726,0.649645717806532,0.9491285916156382,0.0995420039720545,0.2140334192093475,0.2867651865771092,0.6165973251908441,3
0.4776203966005667,0.3327402135231316,0.6228434996919319,0.6669444545092214,0.1589235127478753,0.2974827593429454,0.2219192402014668,0.4154020181466499,3
0.7852691218130312,0.8293594306049822,0.3600585335797923,0.6969455415051269,0.65127035173853,0.2827428484654913,0.578018357465373,0.2509411896593102,1
0.4674220963172805,0.490035587188612,0.5877233518176226,0.5069386571977245,0.2290534614337705,0.2747148811612117,0.2484179825484934,0.2979396867741714,3
0.3195467422096318,0.2893238434163701,0.4592575477510827,0.7533243958114424,0.0924524916072706,0.1467542532190429,0.2179547095354813,0.345969914681429,3
0.7011331444759207,0.4793594306049821,0.3230899568699925,0.4475162143555925,0.336094784914258,0.2265290774088474,0.2145211176999939,0.1445879943947706,2
0.245042492917847,0.2160142348754448,0.4993068391866941,0.6605674118627485,0.0529326666196203,0.122351392605238,0.1426919640571844,0.3298258264869241,4
0.5359773371104817,0.2800711743772242,0.152418361059766,0.2369288742345736,0.1501118022441099,0.0816927872875573,0.0663569480507506,0.0361123106985691,3
0.7651558073654392,0.9231316725978644,0.3523567467652526,0.6923076923076923,0.7063395602512272,0.2696078110518264,0.6390911579523677,0.2439392862220979,1
0.7566572237960341,0.8071174377224198,0.3920979667282829,0.5159244900177543,0.6107112397044147,0.2966837589606922,0.416411652441376,0.2022929435212877,2
0.4056657223796034,0.5064056939501779,0.576632778804683,0.4625892242472552,0.2054314316534432,0.2339201527615598,0.2342578171188057,0.2667441098227974,3
0.5951841359773371,0.6987544483985765,0.7352895871842264,0.5154896916554947,0.4158875626304275,0.4376326976413767,0.3602007151478875,0.3790342025750929,2
0.5957507082152975,0.7466192170818503,0.5193314849044981,0.4856335374470089,0.4447989273436633,0.3093920999303568,0.3625833315173752,0.2522047861217793,2
0.8144475920679887,0.7772241992882564,0.3813154651879245,0.3560636254936772,0.633008377607291,0.31056146244059,0.2767412662199968,0.1357725669916204,2
0.7957507082152975,0.8830960854092526,0.1653573629081961,0.4144715388238703,0.7027243353865695,0.131583238642811,0.3660181934489089,0.0685359206604172,2
0.1886685552407932,0.2788256227758007,0.7642483056069054,0.5652016377404978,0.0526056274132247,0.144189623664079,0.1575926986368968,0.4319543939694233,5
0.7388101983002834,0.8110320284697509,0.3274029574861359,0.2611326497336859,0.5991987337816177,0.2418886439444313,0.2117869426131922,0.0854956018189999,2
0.2920679886685552,0.2813167259786476,0.6397874306839206,0.6892641037718756,0.0821636103354067,0.1868614280552754,0.1939015210077108,0.4409825100148635,4
0.5271954674220964,0.3496441281138789,0.4718884781269281,0.5121562375448385,0.1843307995523877,0.2487774667972276,0.1790724211344497,0.2416806274982473,3
0.8892351274787537,0.8633451957295372,0.2697935921133698,0.2509873546142974,0.7677168751827245,0.2399099392758832,0.2166887267951193,0.0677147799764234,2
0.6178470254957508,0.5603202846975089,0.4373844731977847,0.4823000833363526,0.3461922212252881,0.2702366957632772,0.2702425200046573,0.2109505678733182,2
0.3677053824362606,0.3758007117437721,0.3249383857054866,0.8875321569622088,0.1381839444315626,0.1194815933840571,0.3335352162818833,0.2883932663450086,3
0.5135977337110482,0.34288256227758,0.240834873690698,0.6857857168737997,0.1761037069148024,0.123692245326129,0.2351439637750555,0.1651611165021863,3
0.434844192634561,0.4946619217081849,0.501771410967347,0.7491213449762673,0.215100863972256,0.2181923840892005,0.3705618040985804,0.3758876742544983,3
0.1943342776203966,0.2741992882562277,0.458949476278498,0.8440523207362587,0.0532863206073009,0.0891896149368412,0.2314385455968993,0.3873773705535567,4
0.5552407932011332,0.5612099644128113,0.3116913123844718,0.6992644661038443,0.3116066657929491,0.1730637315222563,0.392434186137282,0.2179546591437342,2
0.173371104815864,0.301067615658363,0.3548213185459019,0.7885430631544621,0.0521964251509683,0.0615157640085246,0.2374047798678558,0.2797918893986906,5
0.7900849858356941,0.7439501779359431,0.3203173136167585,0.5130258342693576,0.5877838657969817,0.2530779001918242,0.3816656606904242,0.164331057049157,2
0.3974504249291785,0.2790035587188612,0.8850123228589091,0.4676618718069495,0.1108900829695643,0.3517485237878327,0.1304793265112627,0.4138865194804138,3
0.6747875354107649,0.7923487544483986,0.5624614910659282,0.6704228414072972,0.5346670632000242,0.3795420033198416,0.5312087033428282,0.3770870310226047,1
0.1104815864022663,0.3649466192170818,0.4660351201478754,0.902315301279032,0.040319881443247,0.051488299393108,0.3292969186696253,0.4205106198428401,5
0.6657223796033994,0.7569395017793595,0.2904343807763432,0.534475886807493,0.5039115663403668,0.193348667089067,0.4045659114731451,0.1552301732248211,2
0.7886685552407933,0.8451957295373665,0.2263555144793585,0.5575202000072466,0.6665792949099232,0.1785194765752221,0.4712136921769432,0.1261977717052751,1
0.5152974504249292,0.7850533807829182,0.4355360443622906,0.7876734664299432,0.4045360055649089,0.2244306132280472,0.6183657177738273,0.3430601858180309,2
0.3390934844192635,0.281138790035587,0.7620918052988301,0.6465089314830246,0.0953323319185829,0.2584203657061472,0.1817587387443377,0.4926991587357159,3
0.3492917847025497,0.3199288256227758,0.6219192852741848,0.7334686039349252,0.1117485104795701,0.2172312970943541,0.2346577490880775,0.4561582699302628,3
0.6186968838526912,0.8295373665480427,0.2827325939617999,0.9018805029167722,0.5132321837226417,0.1749257748477538,0.7481435773306035,0.2549910140332316,1
0.3830028328611898,0.3161921708185053,0.5698552064078868,0.3189608319141997,0.1211024971520167,0.2182561583749186,0.1008529178490272,0.1817614907064975,4
0.7130311614730879,0.3275800711743772,0.432455329636479,0.1396789738758649,0.2335747986249029,0.3083541259759257,0.0457560482038197,0.0604049166907722,2
0.7784702549575071,0.8007117437722419,0.2996765249537887,0.4298344142903727,0.6233302753218473,0.2332892607855556,0.3441734633997645,0.128811283580086,1
0.8226628895184137,0.7754448398576511,0.3203173136167585,0.5482445016123771,0.6379296926194389,0.2635131667827385,0.4251333697556475,0.1756122059616353,1
0.2702549575070821,0.241103202846975,0.6474892174984603,0.7578173122214573,0.0651593358402306,0.1749871709613402,0.1827121811494794,0.4906785384970578,4
0.8059490084985836,0.6024911032028469,0.5011552680221811,0.4336026667632884,0.4855771072555523,0.4039055913663188,0.26124174904991,0.2173022606768883,2
0.7464589235127479,0.8288256227758005,0.332024029574864,0.5363600130439509,0.6186842821570069,0.2478422996968177,0.444548921843189,0.1780844128336791,1
0.9127478753541076,0.8576512455516013,0.2950554528650677,0.2885249465560345,0.7828193521720281,0.2693112377142346,0.2474537797864922,0.0851308587689602,2
0.5195467422096317,0.5912811387900355,0.5304220579174377,0.8811551143157359,0.3071981893883641,0.2755790521871333,0.5210103994432722,0.4673841090798277,2
0.4305949008498584,0.4544483985765124,0.5026956253850905,0.7372368564078409,0.1956831631264303,0.2164581729703506,0.3350361087661255,0.3706057425888777,3
0.2286118980169972,0.2731316725978647,0.5676987060998187,0.7704264647269827,0.0624411500811549,0.129782678703273,0.2104278689245406,0.4373701071705657,4
0.3087818696883853,0.2852313167259787,0.6896950092421434,0.6237544838581108,0.0880742592723276,0.2129653144685372,0.1779143127445821,0.4302003545093482,4
0.8237960339943343,0.8809608540925268,0.3720733210104754,0.368382912424363,0.7257320577056849,0.3065125262035305,0.3245309251624593,0.1370654536292438,1
0.2558073654390935,0.2653024911032029,0.2565465187923621,0.8131816370158338,0.0678663312935388,0.065626489084845,0.2157391140196812,0.2086189181222864,4
0.723229461756374,0.6140569395017793,0.4666512630930377,0.4040363781296423,0.4441040698436382,0.3374959418347097,0.2481013418016718,0.1885440861897337,2
0.368271954674221,0.3473309608540925,0.6835335797905131,0.5150548932932353,0.127912251872612,0.2517262475149199,0.1788945109801414,0.3520573150013458,3
0.4643059490084986,0.3496441281138789,0.5208718422674075,0.5359252146816913,0.1623418487191636,0.2418438950357736,0.1873831044216233,0.2791483538888084,3
0.591784702549575,0.6313167259786477,0.6850739371534225,0.584332765679916,0.3736035808978456,0.4054162761228044,0.3688990485110929,0.4003111483920883,2
0.5841359773371105,0.686476868327402,0.4882162661737546,0.8997065111054747,0.4009958363997459,0.285184685793281,0.6176277081574592,0.4392513535041305,2
0.7985835694050992,0.6430604982206406,0.3847042513863208,0.253161346425595,0.5135375480124607,0.3072184942374046,0.1627980615626513,0.0973922462566115,2
0.6773371104815864,0.6023131672597865,0.4762014787430715,0.5138954309938766,0.4079690603167562,0.3225489336188906,0.3095259846822548,0.2447177641585921,2
0.5402266288951841,0.5603202846975089,0.4312230437461508,0.7698467335773036,0.302699938503725,0.2329581712249035,0.4313607409314821,0.3319756516712369,2
0.7507082152974505,0.7261565836298932,0.3954867529266792,0.6014348345954563,0.545131712923291,0.296895154463371,0.4367358647658464,0.2378595098311514,2
0.3005665722379604,0.288612099644128,0.6955483672211962,0.7992680894235298,0.0867471494964362,0.209058588561385,0.2306784414670755,0.5559296145705411,4
0.5535410764872521,0.583629893238434,0.6253080714725847,0.5289684408855392,0.3230631193733427,0.3461337030191021,0.308721794680528,0.3307682356399964,3
0.7039660056657224,0.8576512455516013,0.3076863832409131,0.9871009819196348,0.6037573215851925,0.2166007542078382,0.8465883866285835,0.3037175310204064,1
0.4192634560906516,0.3649466192170818,0.3828558225508338,0.9676799884053772,0.1530087808615527,0.1605174553470918,0.3531515402525673,0.370481917926922,3
0.4342776203966006,0.583629893238434,0.667821934688849,0.6675241856589007,0.2534574012279091,0.2900201206453274,0.3895870692101768,0.4457872931183255,3
0.5430594900849859,0.3001779359430604,0.4993068391866941,0.5247653900503642,0.1630144768280019,0.2711533174846721,0.1575229916396733,0.26201894822062,3
0.3286118980169972,0.5149466192170817,0.6028188539741244,0.6973803398673866,0.1692175859183611,0.1980934477648681,0.3591136483231701,0.4203940172629433,4
0.2883852691218131,0.435409252669039,0.3517406038200903,0.9281133374397624,0.1255656145090883,0.1014368086937257,0.4041091346468146,0.3264551457245412,4
0.4379603399433428,0.3476868327402135,0.3369531731361697,0.6904235660712343,0.1522730434607281,0.1475721262517049,0.240051182936511,0.2326404113956923,3
0.588385269121813,0.6010676156583629,0.6250000000000036,0.7210043842168194,0.3536593307995523,0.3677407932011352,0.4333723861004298,0.4506277401355147,2
0.4838526912181304,0.5925266903914589,0.4327634011090602,0.7668031450414869,0.2866956337644793,0.20939373628733,0.4543513297131941,0.3318443370292779,3
0.5835694050991502,0.8117437722419928,0.2697935921133698,0.9256494800536252,0.4737088302601998,0.157443286049162,0.751390200712569,0.2497342982615406,2
0.6303116147308782,0.793238434163701,0.2636321626617395,0.4246168339432588,0.4999873983043157,0.1661704141423145,0.3368223924766988,0.111942654235042,2
0.8090651558073655,0.9026690391459076,0.3092267406038225,0.503895068661908,0.7303180667990686,0.2501845810664354,0.4548504774594056,0.1558178296886611,2
0.3288951841359774,0.291459074733096,0.740834873690698,0.4440378274575165,0.0958594860524432,0.2436570221968556,0.1294188543372619,0.3289587078183812,4
0.24985835694051,0.301067615658363,0.3529728897104149,0.8915902750099642,0.0752242597763955,0.0881932262675881,0.2684289582414341,0.3147071958079706,4
0.2586402266288952,0.0,0.386860751694396,0.9991304032754807,0.0,0.1000577524920633,0.0,0.3865243388518775,4
0.8269121813031162,0.93576512455516,0.4075015403573623,0.5044747998115873,0.7737955803332895,0.3369679876212862,0.4720699238806294,0.2055742579946938,1
0.1886685552407932,0.2829181494661921,0.7288200862600149,0.8712996847711874,0.0533777585111852,0.1375054327051472,0.2465064944459408,0.6350207114132606,4
0.4679886685552408,0.4754448398576512,0.1499537892791131,0.9989854704880612,0.2225027975764418,0.0701766741895452,0.4749624870363165,0.1498016567344623,2
0.7541076487252125,0.7870106761565837,0.3659118915588415,0.6111453313525852,0.593490770518081,0.2759369561840329,0.4809779004577375,0.2236253442125794,2
0.6560906515580737,0.5976868327402135,0.6246919285274224,0.3634551976520888,0.392136743520208,0.4098545344106261,0.2172323859276452,0.2270475283545988,2
0.2461756373937677,0.2476868327402135,0.6049753542821925,0.8781115257799195,0.0609744639238655,0.1489301934479391,0.2174966626131045,0.5312358314079834,5
0.7235127478753542,0.93576512455516,0.6320856438693774,0.6115801297148447,0.6770379966328269,0.4573220210884958,0.5722953562580725,0.3865710200685249,2
0.6586402266288952,0.6987544483985765,0.7315927295132489,0.3444690025000905,0.4602277882511871,0.4818564011666583,0.2406992478323586,0.2520110177717474,2
0.7813031161473089,0.7629893238434161,0.3742298213185471,0.5159244900177543,0.5961259363059892,0.2923869255514314,0.3936448777929056,0.1930743297132067,1
0.6337110481586402,0.5895017793594305,0.4432378311768339,0.6762201529040905,0.3735737904892481,0.2808847105786338,0.3986329833756675,0.2997263539712761,2
0.394900849858357,0.2603202846975089,0.3113832409118906,0.670712706982137,0.1028007016624157,0.1229655064677551,0.1746001228318267,0.208848696420885,3
0.2410764872521247,0.2964412811387901,0.0418207024029584,0.9849269901083372,0.071465022733459,0.0100819880297217,0.2919730187758879,0.0411903385419623,4
0.4405099150141643,0.252135231316726,0.3502002464571774,0.5465053081633393,0.1110680693194076,0.1542666808047906,0.1377932422895821,0.1913862936089571,3
0.3767705382436261,0.2731316725978647,0.6484134319162074,0.552882350809812,0.1029079672960793,0.2443030777474662,0.1510096812265233,0.3584963425344907,4
0.5776203966005666,0.686476868327402,0.6305452865064716,0.3624406681401499,0.3965230409403888,0.364215818466486,0.2488071348193412,0.2285352549340278,2
0.5968838526912181,0.6023131672597865,0.4497073321010489,0.8082539222435596,0.3595110038006714,0.2684230449679632,0.4868219798566636,0.3634777150323598,2
0.7691218130311616,0.8873665480427045,0.4302988293284038,0.2650458349940214,0.6824929682538082,0.3309522157582483,0.235192807671741,0.1140489125162966,2
0.1002832861189801,0.1816725978647686,0.930606900800985,0.7195550563426212,0.018218725111651,0.0933243180973225,0.1307234363924939,0.6696229009386848,5
0.5209631728045326,0.6955516014234876,0.3733056069008,0.443603029095257,0.3623567691268538,0.1944784733967624,0.308548797283516,0.1655994979994381,3
0.2606232294617564,0.2160142348754448,0.5596888478126942,0.6115801297148447,0.0562983275029487,0.1458679150106738,0.1321100137853774,0.3422945781452395,4
0.3878186968838527,0.3480427046263346,0.8394177449168261,0.8011522156599877,0.1349774681681167,0.3255418959748257,0.2788351839556826,0.6725013862044256,3
0.5206798866855524,0.6565836298932383,0.4453943314849056,0.8482553715714336,0.3418698900124,0.231907870047948,0.5569505909428094,0.3778081341495388,2
0.6555240793201134,0.6934163701067614,0.4444701170671621,0.7230334432406971,0.4545511275997297,0.2913608642757544,0.5013632256777573,0.3213667591606659,2
0.5067988668555241,0.4615658362989323,0.5535274183610603,0.8252110583716801,0.2339210428155212,0.280527068398849,0.3808892322804515,0.4567769467434743,3
0.7580736543909349,0.7101423487544484,0.5039279112754187,0.2891046777057139,0.5383402054580464,0.3820144732501474,0.2053054748618334,0.1456879163761935,2
0.1773371104815864,0.2784697508896796,0.8116913123844753,0.961447878546324,0.0493830209793029,0.1439429919412695,0.2677341512322058,0.7803988903265353,4
0.5062322946175638,0.7637010676156583,0.1758317929759698,0.5856371607666944,0.3866101438609579,0.0890117320249456,0.4472517249129273,0.1029736320109641,3
0.1934844192634561,0.2348754448398576,0.6037430683918679,0.5053443965361063,0.0454447390440857,0.1168148769721376,0.1186929899337473,0.3050981765593456,5
0.2470254957507082,0.2160142348754448,0.358518176216883,0.9963766803145042,0.0533610234593166,0.0885631302156152,0.2152315462458733,0.3572191502513883,4
0.6152974504249292,0.43932384341637,0.2685613062230452,0.684626254574441,0.2703148407649733,0.1652450870018283,0.3007726374633976,0.1838641212031029,2
0.6541076487252124,0.7453736654804269,0.6425600739371546,0.507373455559984,0.4875546157490951,0.4203034591277308,0.3781828123382158,0.3260179251183729,1
0.0906515580736544,0.2498220640569394,0.2087954405422074,0.8802855175912172,0.0226467593479378,0.0189276320038261,0.2199147449640691,0.1837996024483832,4
0.5906515580736544,0.7914590747330962,0.2848890942698716,0.7482517482517483,0.4674765356426361,0.1682701874086918,0.5922106363387504,0.2131687628452885,2
0.7917847025495752,0.5663701067615657,0.3597504621072112,0.2889597449182941,0.4484431865151775,0.2848449126316304,0.163658161579169,0.1039534017647381,2
0.6937677053824364,0.641459074733096,0.4786660505237243,0.3722960976846986,0.4450235903743208,0.3320830475163175,0.2388127103475691,0.1782055027041293,2
0.8033994334277622,0.8693950177935942,0.3249383857054866,0.2624370448204645,0.6984714647202929,0.2610553149747196,0.228161459251386,0.0852758696932801,1
0.1759206798866855,0.2645907473309608,0.6317775723967962,0.8565165404543644,0.0465469841621888,0.111142740073204,0.2266263515401493,0.5411279406459607,5
0.4903682719546743,0.4412811387900355,0.4500154035736301,0.9934780245661076,0.2163902694746605,0.2206732758033863,0.4384031140434068,0.4470804141666497,3
0.369971671388102,0.299288256227758,0.5643099199014188,0.6267980723939273,0.1107281763834141,0.2087786842468138,0.1875933020936985,0.3537083700269808,4
0.2237960339943343,0.3039145907473308,0.5353512014787434,0.9111562013116415,0.0680148800822638,0.1198094756850445,0.2769136640285201,0.4877885671069951,5
0.6379603399433428,0.9284697508896796,0.3569778188539736,0.743324033479474,0.5923268779046909,0.227737690668314,0.6901538801949991,0.2653501921732407,2
0.1518413597733711,0.2498220640569394,0.4487831176833055,0.8582557339034023,0.0379333219077959,0.0681438388323659,0.2144112189324513,0.3851706840307423,5
0.6458923512747876,0.6690391459074733,0.714340727048679,0.4734591833037428,0.4321272670450536,0.4613872118048125,0.3167627276195859,0.3382111772290694,2
0.6138810198300284,0.7309608540925266,0.4426216882316716,0.4340374651255479,0.4487229945661488,0.2717170533705474,0.3172643962163257,0.1921143955696653,2
0.6201133144475921,0.7999999999999997,0.3172365988909433,0.5172288851045327,0.4960906515580735,0.1967226388023441,0.413783108083626,0.1640839323587164,2
0.6694050991501417,0.7870106761565837,0.3483518176216904,0.7183955940432625,0.5268289597048179,0.2331884830141797,0.5653850022158986,0.2502544109563845,1
0.4433427762039661,0.6537366548042703,0.7100277264325356,0.7656436827421282,0.289829423447219,0.3147856634183905,0.500529339927861,0.543628243314827,3
0.5994334277620397,0.6590747330960852,0.4108903265557622,0.6379578970252546,0.3950714264111378,0.2463013968815843,0.4204619307084595,0.2621307286375341,2
0.6915014164305949,0.4352313167259786,0.572011706715962,0.357078155005616,0.300963071990967,0.3955469054089698,0.1554115955771773,0.2042528848757492,3
0.6079320113314448,0.7637010676156583,0.2494608749229812,0.6328852494655604,0.4642783260915588,0.1516552514404299,0.4833351406950506,0.1578801080575279,2
0.2818696883852691,0.288612099644128,0.7392945163277886,0.8288343780571759,0.0813510025909085,0.208384714942252,0.2392116301083164,0.6127527106416233,4
0.3458923512747875,0.2622775800711744,0.5744762784966113,0.7431791006920541,0.0907198088574798,0.1987069507207825,0.1949192160889836,0.4269387640220295,4
0.4203966005665722,0.4329181494661921,0.5267252002464602,0.8672415667234319,0.1819973183591583,0.2214334836163588,0.3754446142060693,0.4567979878944535,3
0.3223796033994334,0.2459074733096085,0.8243222427603207,0.5162143555925939,0.0792755537185083,0.2657446776944036,0.1269409678699225,0.4255269753471607,4
0.8359773371104817,0.8713523131672597,0.4931454097350602,0.0770680097104965,0.7284307864466243,0.412258386438573,0.0671533885324379,0.0380057352261484,1
0.6422096317280453,0.7845195729537365,0.5221041281577357,0.4525888619152867,0.5038260260300625,0.3353002998678716,0.3550648206733983,0.2362985131641825,2
0.5606232294617565,0.6612099644128114,0.625924214417747,0.5320120294213558,0.3706896656014034,0.3509076544851902,0.3517716550408822,0.3329992115763535,3
